1	1	46.541320	2	49.373650	49.000000	2	0.678302	3	4	2	2	0	0.0000
2	2	46.541320	2	52.680428	49.000000	2	0.537796	3	2	1	2	0	0.0000
3	3	46.541320	1	43.979086	49.000000	2	0.699346	2	3	1	1	0	0.0000
4	4	46.541320	2	53.379310	49.000000	2	1.163485	2	3	2	2	0	0.0000
5	5	46.541320	2	48.399663	49.000000	2	0.464395	8	7	2	1	0	0.0000
6	6	46.541320	2	54.316526	49.000000	2	0.753756	3	2	1	1	0	0.0000
7	7	46.541320	2	51.273182	49.000000	2	0.559857	8	2	1	1	0	0.0000
8	8	46.541320	1	45.035800	49.000000	2	0.485838	4	5	1	2	0	0.0000
9	9	46.541320	2	52.270318	49.000000	2	0.566779	2	6	1	1	0	0.0000
10	10	46.541320	2	53.997607	49.000000	2	0.732117	3	2	2	1	0	0.0000
11	11	46.541320	1	44.379201	49.000000	1	0.786816	5	2	1	2	0	0.0000
12	12	46.541320	1	43.934598	49.000000	2	0.463394	2	4	1	1	0	0.0000
13	13	46.541320	2	54.978054	49.000000	2	0.512782	2	6	1	1	0	0.0000
14	14	46.541320	1	42.026407	49.000000	1	0.776362	3	7	1	1	0	0.0000
15	15	46.541320	2	52.931965	49.000000	1	0.725424	4	5	1	2	0	0.0000
16	16	46.541320	1	42.641368	49.000000	2	0.518022	2	7	1	2	0	0.0000
17	17	46.541320	2	50.186395	49.000000	2	0.844297	4	7	1	2	0	0.0000
18	18	46.541320	1	42.555565	49.000000	1	1.046094	4	2	1	2	0	0.0000
19	19	46.541320	1	43.130983	49.000000	1	0.663863	4	5	1	1	0	0.0000
20	20	46.541320	1	44.719539	49.000000	1	0.545308	6	3	2	1	0	0.0000
21	21	46.541320	2	49.631083	49.000000	1	0.855150	5	3	1	1	0	0.0000
22	22	46.541320	2	51.504465	49.000000	2	0.481056	3	5	1	2	0	0.0000
23	23	46.541320	2	50.840254	49.000000	2	0.385959	4	2	2	1	0	0.0000
24	24	46.541320	1	44.571324	49.000000	1	0.398712	4	2	1	1	0	0.0000
25	25	46.541320	2	54.720674	49.000000	2	0.563049	6	7	1	1	0	0.0000
26	26	46.541320	1	42.612722	49.000000	1	0.392474	8	3	1	2	0	0.0000
27	27	46.541320	2	51.644231	49.000000	2	0.501378	3	2	2	1	0	0.0000
28	28	46.541320	2	52.991487	49.000000	2	0.493487	4	2	1	2	0	0.0000
29	29	46.541320	2	53.102074	49.000000	2	0.478354	2	7	1	2	0	0.0000
30	30	46.541320	2	53.055482	49.000000	1	0.358980	7	8	1	1	0	0.0000
31	31	46.541320	1	42.098405	49.000000	2	0.437260	6	7	1	2	0	0.0000
32	32	46.541320	1	44.742100	49.000000	2	0.616221	3	4	1	2	0	0.0000
33	33	46.541320	1	44.269412	49.000000	1	0.603597	3	2	2	1	0	0.0000
34	34	46.541320	1	43.192200	49.000000	1	0.375476	3	4	1	1	0	0.0000
35	35	46.541320	1	42.426018	49.000000	1	0.421034	3	2	1	2	0	0.0000
36	36	46.541320	2	54.321596	49.000000	1	0.560562	7	5	1	1	0	0.0000
37	37	46.541320	2	53.104520	49.000000	2	1.006747	4	2	2	1	0	0.0000
38	38	46.541320	1	43.788054	49.000000	1	0.506413	8	5	1	2	0	0.0000
39	39	46.541320	2	52.434571	49.000000	2	0.522609	6	3	1	2	0	0.0000
40	40	46.541320	2	55.111857	49.000000	1	0.402237	7	4	1	1	0	0.0000
41	41	46.541320	2	54.125008	49.000000	2	0.718263	3	5	1	2	0	0.0000
42	42	46.541320	1	42.227787	49.000000	1	0.669363	3	7	1	2	0	0.0000
43	43	46.541320	2	51.731112	49.000000	2	0.694865	2	6	1	2	0	0.0000
44	44	46.541320	2	50.979924	49.000000	2	0.638821	5	6	1	1	0	0.0000
45	45	46.541320	1	43.210896	49.000000	1	0.425513	2	3	1	2	0	0.0000
46	46	46.541320	1	44.611487	49.000000	2	0.717023	7	6	2	1	0	0.0000
47	47	46.541320	1	44.024667	49.000000	1	0.524148	2	3	1	1	0	0.0000
48	48	46.541320	1	42.801997	49.000000	1	0.603773	2	3	1	1	0	0.0000
49	49	46.541320	2	48.635083	49.000000	2	0.599780	7	2	2	1	0	0.0000
50	50	46.541320	1	42.664399	49.000000	1	0.555987	7	3	1	2	0	0.0000
51	51	46.541320	2	54.052691	49.000000	2	0.522015	3	5	1	1	0	0.0000
52	52	46.541320	2	49.757424	49.000000	1	0.561386	4	7	1	2	0	0.0000
53	53	46.541320	1	44.424541	49.000000	1	0.432051	5	4	1	1	0	0.0000
54	54	46.541320	1	42.330284	49.000000	1	0.625644	6	4	1	2	0	0.0000
55	55	46.541320	2	50.052371	49.000000	2	0.564831	3	4	1	1	0	0.0000
56	56	46.541320	2	52.427732	49.000000	2	0.506448	7	6	1	1	0	0.0000
57	57	46.541320	1	44.096245	49.000000	1	0.626584	2	4	1	1	0	0.0000
58	58	46.541320	1	44.035648	49.000000	2	0.693980	6	4	1	2	0	0.0000
59	59	46.541320	1	42.956170	49.000000	1	0.622603	4	5	2	2	0	0.0000
60	60	46.541320	1	44.067049	49.000000	1	0.538056	8	6	1	2	0	0.0000
61	61	46.541320	1	44.999606	49.000000	1	0.776804	8	2	1	1	0	0.0000
62	62	46.541320	1	42.560829	49.000000	1	0.398037	2	3	1	1	0	0.0000
63	63	46.541320	1	44.643901	49.000000	1	0.410270	6	2	1	2	0	0.0000
64	64	46.541320	1	42.048769	49.000000	1	0.406404	3	6	1	1	0	0.0000
65	65	46.541320	1	42.858403	49.000000	1	0.434580	3	5	1	1	0	0.0000
66	66	46.541320	1	42.774239	49.000000	1	0.357418	3	5	1	1	0	0.0000
67	1	88.263509	1	86.161320	91.000000	2	1.466482	6	3	1	2	2	3.2095
68	2	88.263509	1	84.392767	91.000000	2	1.388198	4	3	1	2	2	1.0200
69	3	88.263509	1	86.403084	91.000000	1	1.138780	6	5	1	1	1	0.9730
70	4	88.263509	1	86.444433	91.000000	1	1.181750	4	5	1	2	2	0.4941
71	5	88.263509	1	85.742287	91.000000	1	0.985721	8	7	1	1	1	1.0101
72	6	88.263509	2	93.077860	91.000000	2	1.073374	2	3	1	1	1	1.3186
73	7	88.263509	2	91.727170	91.000000	2	1.288851	5	3	1	1	1	0.8052
74	8	88.263509	2	96.307432	91.000000	2	1.116473	6	2	1	1	1	0.6396
75	9	88.263509	1	85.803332	91.000000	2	1.421712	7	2	1	2	1	0.9726
76	10	88.263509	1	85.204429	91.000000	2	0.797235	8	3	2	1	1	0.9971
77	11	88.263509	2	91.852628	91.000000	2	1.292240	7	4	1	1	1	1.0166
78	12	88.263509	1	84.960297	91.000000	1	1.167169	4	8	1	2	2	0.7761
79	13	88.263509	1	85.410206	91.000000	2	1.232855	2	4	1	2	2	0.8231
80	14	88.263509	2	93.842396	91.000000	1	0.670037	3	4	1	1	1	1.7315
81	15	88.263509	1	86.701895	91.000000	2	0.628398	5	6	1	1	1	1.4272
82	16	88.263509	2	93.029228	91.000000	1	1.321047	7	6	1	1	1	0.9478
83	17	88.263509	1	85.702809	91.000000	2	2.685118	2	4	1	2	1	1.5764
84	18	88.263509	2	94.625135	91.000000	2	1.040575	4	3	1	1	1	0.6631
85	19	88.263509	2	97.274883	91.000000	1	1.171723	5	7	1	2	2	1.9887
86	20	88.263509	2	90.835134	91.000000	2	1.331868	5	6	1	2	1	1.4942
87	21	88.263509	1	84.528310	91.000000	1	1.513076	4	2	1	2	1	0.8518
88	22	88.263509	1	85.460652	91.000000	1	1.137095	7	5	1	1	1	0.8836
89	23	88.263509	2	93.620313	91.000000	2	1.359427	3	2	2	1	1	1.0650
90	24	88.263509	1	84.238521	91.000000	2	1.181497	2	4	1	1	1	1.3739
91	25	88.263509	2	93.752313	91.000000	2	0.710100	3	4	1	2	1	0.6742
92	26	88.263509	1	86.695568	91.000000	1	1.039023	3	2	1	2	2	1.4775
93	27	88.263509	2	89.963516	91.000000	2	2.105062	4	3	1	2	2	1.7320
94	28	88.263509	2	93.679618	91.000000	2	2.181316	3	6	1	1	1	1.4289
95	29	88.263509	2	94.377516	91.000000	2	1.730306	2	4	1	2	1	1.5244
96	30	88.263509	2	94.381359	91.000000	2	1.542692	5	7	1	1	1	1.9368
97	31	88.263509	2	96.963054	91.000000	2	0.953641	3	4	1	2	2	0.9715
98	32	88.263509	1	86.681151	91.000000	1	1.404248	2	7	1	2	2	0.7878
99	33	88.263509	1	84.953457	91.000000	1	1.227955	4	5	1	2	2	0.7141
100	1	61.529629	1	57.732908	63.000000	2	1.219297	2	3	1	1	0	0.0000
101	2	61.529629	1	57.055135	63.000000	1	1.038280	5	4	1	1	0	0.0000
102	3	61.529629	2	65.850261	63.000000	2	0.728711	7	6	1	1	0	0.0000
103	4	61.529629	1	58.545732	63.000000	2	0.615279	4	7	1	2	0	0.0000
104	5	61.529629	2	67.548892	63.000000	2	0.970763	8	5	1	1	0	0.0000
105	6	61.529629	2	64.137153	63.000000	2	0.535833	4	7	1	2	0	0.0000
106	7	61.529629	2	68.561695	63.000000	2	0.462621	3	7	1	2	0	0.0000
107	8	61.529629	1	58.332529	63.000000	2	0.488076	5	3	1	2	0	0.0000
108	9	61.529629	1	56.526330	63.000000	1	0.728896	2	3	1	2	0	0.0000
109	10	61.529629	2	65.734868	63.000000	2	0.575292	3	6	2	2	0	0.0000
110	11	61.529629	1	56.953505	63.000000	1	0.548844	2	3	1	1	0	0.0000
111	12	61.529629	1	57.328707	63.000000	2	0.442973	3	2	2	1	0	0.0000
112	13	61.529629	2	68.523151	63.000000	2	0.405879	4	7	2	2	0	0.0000
113	14	61.529629	1	56.183966	63.000000	2	0.402100	5	4	1	1	0	0.0000
114	15	61.529629	1	59.702420	63.000000	2	0.750270	4	2	1	2	0	0.0000
115	16	61.529629	2	65.201716	63.000000	2	0.532138	5	4	1	1	0	0.0000
116	17	61.529629	1	56.348266	63.000000	1	0.554986	4	2	1	1	0	0.0000
117	18	61.529629	2	66.658304	63.000000	2	0.496926	2	3	1	2	0	0.0000
118	19	61.529629	1	56.983703	63.000000	1	0.457097	2	3	2	2	0	0.0000
119	20	61.529629	2	64.816773	63.000000	2	0.483325	4	5	1	2	0	0.0000
120	21	61.529629	2	64.522132	63.000000	1	0.668073	2	4	1	2	0	0.0000
121	22	61.529629	2	63.789384	63.000000	2	0.917598	8	3	1	2	0	0.0000
122	23	61.529629	1	57.696094	63.000000	1	0.556573	6	2	1	2	0	0.0000
123	24	61.529629	2	68.629883	63.000000	2	0.402646	6	5	1	2	0	0.0000
124	25	61.529629	1	57.914185	63.000000	1	0.774931	6	4	1	1	0	0.0000
125	26	61.529629	1	58.737433	63.000000	2	0.508225	3	4	2	2	0	0.0000
126	27	61.529629	2	64.548461	63.000000	2	0.404280	2	3	1	2	0	0.0000
127	28	61.529629	1	58.899465	63.000000	1	0.704448	4	6	1	1	0	0.0000
128	29	61.529629	1	56.039048	63.000000	1	0.632174	2	4	1	2	0	0.0000
129	30	61.529629	2	64.116087	63.000000	2	0.498938	2	3	1	2	0	0.0000
130	31	61.529629	2	69.502936	63.000000	2	0.435258	4	7	1	2	0	0.0000
131	32	61.529629	2	66.714524	63.000000	2	0.726028	2	3	2	2	0	0.0000
132	33	61.529629	1	57.283963	63.000000	1	0.573367	2	6	1	1	0	0.0000
133	34	61.529629	2	64.342481	63.000000	2	0.458842	8	2	1	2	0	0.0000
134	35	61.529629	2	64.428134	63.000000	2	0.436934	8	5	1	2	0	0.0000
135	1	6.656288	2	9.559002	7.000000	1	1.555063	7	3	1	1	1	1.0603
136	2	6.656288	1	4.439127	7.000000	2	1.336852	3	7	1	1	2	1.1390
137	3	6.656288	2	10.882165	7.000000	1	1.668839	4	3	1	1	1	2.0175
138	4	6.656288	2	9.730795	7.000000	2	1.327376	5	2	1	1	1	1.7622
139	5	6.656288	2	12.699927	7.000000	1	1.394250	8	3	1	2	2	0.7303
140	6	6.656288	2	10.901050	7.000000	2	2.276673	3	5	1	1	2	1.4728
141	7	6.656288	1	2.302017	7.000000	1	1.245043	6	3	1	1	1	1.7945
142	8	6.656288	1	3.709578	7.000000	1	1.153096	2	3	1	2	2	0.9629
143	9	6.656288	1	3.652376	7.000000	2	1.723265	2	4	2	2	2	0.4460
144	10	6.656288	1	4.874190	7.000000	2	0.987907	7	6	2	1	1	0.7561
145	11	6.656288	1	0.861067	7.000000	1	1.159672	4	3	2	1	1	1.0713
146	12	6.656288	1	2.051082	7.000000	1	1.731851	4	3	1	1	1	1.7336
147	13	6.656288	1	5.094828	7.000000	2	2.415132	4	2	1	1	1	0.6291
148	14	6.656288	2	12.809603	7.000000	2	1.243446	6	8	2	2	2	0.6817
149	15	6.656288	1	1.078156	7.000000	1	0.933758	4	3	1	1	1	0.3603
150	16	6.656288	2	12.588865	7.000000	2	0.881123	3	2	1	1	1	0.7180
151	17	6.656288	2	10.881811	7.000000	2	1.560761	3	8	1	2	2	0.5782
152	18	6.656288	2	9.861461	7.000000	1	0.986243	8	4	1	2	2	1.2107
153	19	6.656288	2	10.078408	7.000000	1	1.025232	8	7	1	2	2	0.5684
154	20	6.656288	1	3.446834	7.000000	1	1.017188	4	8	1	1	2	0.8403
155	21	6.656288	2	10.562669	7.000000	1	1.110446	4	5	1	1	2	0.7381
156	22	6.656288	1	0.859467	7.000000	1	1.492215	7	6	1	2	2	1.2243
157	23	6.656288	1	1.732704	7.000000	1	1.198759	3	6	1	2	2	0.8542
158	24	6.656288	1	4.065979	7.000000	1	1.059723	4	2	1	2	2	0.8016
159	25	6.656288	1	4.156788	7.000000	1	0.912914	4	8	1	2	2	0.9160
160	26	6.656288	2	8.419059	7.000000	2	1.206698	7	8	2	2	2	0.6784
161	27	6.656288	1	1.404872	7.000000	1	1.074520	2	5	1	2	2	0.4396
162	28	6.656288	1	1.501450	7.000000	1	0.870129	3	8	1	1	2	0.7872
163	29	6.656288	1	1.354676	7.000000	2	1.707050	6	5	1	2	2	0.6706
164	30	6.656288	1	4.272200	7.000000	1	1.019261	4	2	1	1	1	0.8666
165	31	6.656288	2	10.133077	7.000000	2	0.823210	5	3	1	2	2	0.8477
166	32	6.656288	2	12.528790	7.000000	1	0.787868	7	6	1	2	2	0.6763
167	33	6.656288	1	2.443478	7.000000	2	0.761419	4	3	1	2	2	0.8824
168	34	6.656288	1	4.563755	7.000000	1	0.710535	2	4	1	2	2	0.3787
169	35	6.656288	1	0.622423	7.000000	1	0.563010	4	7	1	1	1	0.5003
170	36	6.656288	1	1.570959	7.000000	1	0.808095	7	6	1	2	2	0.6960
171	37	6.656288	2	11.660614	7.000000	2	0.771511	4	5	1	1	1	0.8422
172	38	6.656288	2	12.968589	7.000000	2	0.962822	4	6	1	1	2	0.6360
173	39	6.656288	2	9.101582	7.000000	1	0.746300	6	2	1	1	1	0.8442
174	40	6.656288	2	12.636069	7.000000	2	0.937499	2	7	1	1	2	1.2601
175	41	6.656288	2	10.855033	7.000000	2	0.985176	6	5	1	2	1	0.8176
176	42	6.656288	1	1.616083	7.000000	1	0.808249	6	4	1	2	2	0.6803
177	43	6.656288	1	3.388799	7.000000	1	0.780337	4	5	1	1	2	0.8770
178	44	6.656288	1	0.685572	7.000000	1	0.737043	7	8	1	1	1	0.4678
179	45	6.656288	2	8.237499	7.000000	1	1.128753	5	2	2	1	1	0.7470
180	46	6.656288	1	4.724847	7.000000	2	0.948531	8	4	1	1	1	0.5822
181	47	6.656288	1	3.574026	7.000000	1	0.974445	3	4	1	1	1	0.6638
182	48	6.656288	1	1.594749	7.000000	1	0.828623	5	6	1	2	2	0.7712
183	49	6.656288	2	11.532425	7.000000	2	0.891931	8	3	1	1	1	0.6965
184	50	6.656288	2	12.772226	7.000000	2	0.716005	3	5	1	1	1	1.3191
185	51	6.656288	1	0.527279	7.000000	1	0.745773	5	3	1	2	2	0.7876
186	52	6.656288	2	10.565593	7.000000	2	1.235668	7	2	1	2	2	0.5699
187	53	6.656288	2	13.508440	7.000000	2	1.147120	5	7	1	1	1	0.4526
188	54	6.656288	2	11.369465	7.000000	2	0.802262	5	8	1	1	1	0.4023
189	55	6.656288	1	3.321618	7.000000	1	1.153906	8	6	1	2	2	0.4996
190	56	6.656288	2	11.856305	7.000000	2	0.935262	5	4	1	1	1	0.9298
191	57	6.656288	1	0.499823	7.000000	2	1.035786	4	5	1	1	1	0.7941
192	58	6.656288	1	5.245484	7.000000	1	1.241469	2	6	1	1	1	0.6158
193	59	6.656288	2	13.207482	7.000000	2	0.846829	3	2	1	1	1	0.7567
194	1	32.991604	2	36.634793	35.000000	2	1.329751	4	5	1	1	0	0.0000
195	2	32.991604	1	31.111196	35.000000	1	0.871895	6	8	1	2	0	0.0000
196	3	32.991604	1	30.176640	35.000000	1	0.569180	5	7	1	1	0	0.0000
197	4	32.991604	2	38.929637	35.000000	2	0.462495	3	2	1	1	0	0.0000
198	5	32.991604	2	41.991632	35.000000	2	0.495890	5	4	1	2	0	0.0000
199	6	32.991604	1	30.650151	35.000000	1	0.432034	5	4	1	2	0	0.0000
200	7	32.991604	1	29.482546	35.000000	1	0.458984	3	2	1	2	0	0.0000
201	8	32.991604	2	35.613437	35.000000	2	0.708995	2	6	1	1	0	0.0000
202	9	32.991604	2	37.698411	35.000000	1	0.860973	6	3	1	1	0	0.0000
203	10	32.991604	1	28.835264	35.000000	2	0.510259	2	7	1	2	0	0.0000
204	11	32.991604	2	34.783388	35.000000	2	0.630444	4	5	1	1	0	0.0000
205	12	32.991604	2	38.794706	35.000000	2	0.609202	8	7	1	2	0	0.0000
206	13	32.991604	1	28.264233	35.000000	1	0.485176	5	2	1	2	0	0.0000
207	14	32.991604	2	35.233805	35.000000	1	0.813963	6	5	2	1	0	0.0000
208	15	32.991604	2	36.409413	35.000000	1	0.961138	3	4	1	1	0	0.0000
209	16	32.991604	2	37.565748	35.000000	2	0.542292	6	8	1	2	0	0.0000
210	17	32.991604	1	31.325410	35.000000	1	0.549020	3	2	2	1	0	0.0000
211	18	32.991604	1	30.781779	35.000000	1	0.547106	3	4	1	2	0	0.0000
212	19	32.991604	1	30.721685	35.000000	1	0.705357	2	6	1	2	0	0.0000
213	20	32.991604	1	29.626642	35.000000	1	0.465170	2	3	1	2	0	0.0000
214	21	32.991604	2	35.686169	35.000000	1	0.586555	5	7	1	2	0	0.0000
215	22	32.991604	2	38.690466	35.000000	1	0.575234	3	7	1	2	0	0.0000
216	23	32.991604	2	40.696801	35.000000	2	0.612796	3	2	1	2	0	0.0000
217	24	32.991604	2	37.554394	35.000000	2	0.560051	3	6	1	1	0	0.0000
218	25	32.991604	2	37.794992	35.000000	1	0.438137	5	3	1	1	0	0.0000
219	26	32.991604	2	40.271643	35.000000	2	0.385205	3	7	1	2	0	0.0000
220	27	32.991604	2	39.967578	35.000000	2	0.374013	2	3	1	2	0	0.0000
221	28	32.991604	1	30.626824	35.000000	1	0.539438	6	5	1	2	0	0.0000
222	29	32.991604	1	28.608187	35.000000	1	0.730288	6	3	1	2	0	0.0000
223	30	32.991604	2	36.984413	35.000000	2	0.496833	4	6	1	1	0	0.0000
224	31	32.991604	2	39.136373	35.000000	2	0.635039	8	2	1	2	0	0.0000
225	32	32.991604	1	28.837803	35.000000	1	0.643863	7	4	1	1	0	0.0000
226	33	32.991604	1	30.303347	35.000000	2	0.598484	6	5	1	2	0	0.0000
227	34	32.991604	2	40.465697	35.000000	2	0.506398	2	3	1	2	0	0.0000
228	35	32.991604	2	35.525120	35.000000	1	0.786547	3	5	1	2	0	0.0000
229	36	32.991604	2	38.006491	35.000000	2	0.463232	4	7	2	2	0	0.0000
230	37	32.991604	2	39.179773	35.000000	2	0.360709	3	8	1	1	0	0.0000
231	38	32.991604	2	35.912907	35.000000	2	0.846352	8	4	1	2	0	0.0000
232	39	32.991604	2	37.089096	35.000000	1	0.864102	7	5	2	1	0	0.0000
233	40	32.991604	1	30.860576	35.000000	1	0.513350	7	4	1	2	0	0.0000
234	41	32.991604	2	36.876225	35.000000	2	0.440742	6	2	1	2	0	0.0000
235	42	32.991604	2	37.998157	35.000000	2	0.747416	4	2	1	1	0	0.0000
236	43	32.991604	1	30.867134	35.000000	1	0.617528	5	6	2	2	0	0.0000
237	44	32.991604	1	30.475856	35.000000	1	0.748968	6	2	1	1	0	0.0000
238	45	32.991604	1	31.195491	35.000000	1	0.602715	4	7	1	2	0	0.0000
239	46	32.991604	2	37.706102	35.000000	2	0.622727	7	4	2	1	0	0.0000
240	47	32.991604	1	28.180817	35.000000	1	0.578267	7	2	1	1	0	0.0000
241	48	32.991604	1	28.823155	35.000000	1	0.622934	5	6	1	2	0	0.0000
242	49	32.991604	2	37.500304	35.000000	2	0.586340	6	2	1	1	0	0.0000
243	1	21.912308	2	23.846144	21.000000	2	1.221524	5	2	1	2	2	0.7403
244	2	21.912308	2	25.788412	21.000000	1	0.742512	2	3	2	2	2	0.9931
245	3	21.912308	2	27.332771	21.000000	1	1.201084	7	4	1	1	1	0.5127
246	4	21.912308	2	27.571113	21.000000	2	1.275729	3	7	1	1	1	0.4167
247	5	21.912308	1	19.313066	21.000000	1	0.944699	7	6	1	1	1	0.3854
248	6	21.912308	2	27.082958	21.000000	2	0.779233	2	5	2	2	2	0.6345
249	7	21.912308	1	18.864143	21.000000	1	0.904762	3	6	1	2	2	0.5405
250	8	21.912308	1	20.246865	21.000000	1	0.974941	4	3	2	1	1	0.3760
251	9	21.912308	2	23.573939	21.000000	1	0.984382	3	6	1	1	1	0.9369
252	10	21.912308	1	16.036556	21.000000	1	1.450704	2	3	1	1	1	0.4403
253	11	21.912308	2	24.667642	21.000000	1	0.950534	2	4	1	2	2	0.5445
254	12	21.912308	2	27.819393	21.000000	2	1.698030	5	8	2	2	1	0.7172
255	13	21.912308	1	19.996080	21.000000	2	1.023957	6	4	1	1	1	0.7193
256	14	21.912308	2	25.231713	21.000000	1	0.954006	3	2	1	1	1	1.5718
257	15	21.912308	2	24.772392	21.000000	2	0.724146	2	3	1	1	1	0.7114
258	16	21.912308	2	26.778305	21.000000	2	0.985966	4	8	1	2	2	0.8505
259	17	21.912308	2	26.503629	21.000000	2	0.807886	2	3	1	1	1	0.4320
260	18	21.912308	2	24.233790	21.000000	2	0.822190	3	5	1	1	1	1.5815
261	19	21.912308	1	19.325827	21.000000	2	1.101207	2	5	1	2	2	1.5288
262	20	21.912308	1	17.406024	21.000000	1	0.738140	5	2	1	2	1	0.6368
263	21	21.912308	1	18.498449	21.000000	2	0.779047	4	2	1	1	1	0.9797
264	22	21.912308	2	26.930200	21.000000	2	0.939614	4	3	1	1	1	0.7661
265	23	21.912308	1	18.848359	21.000000	1	1.310935	3	2	1	1	1	0.6025
266	24	21.912308	2	27.612734	21.000000	2	1.106022	6	4	1	1	1	0.8058
267	25	21.912308	2	24.740793	21.000000	2	1.325298	3	5	1	2	2	0.6161
268	26	21.912308	2	25.040121	21.000000	1	1.183069	7	6	1	1	1	0.5353
269	27	21.912308	2	25.222331	21.000000	2	1.089478	5	6	2	2	2	0.6220
270	28	21.912308	1	18.033049	21.000000	1	1.372890	2	3	2	2	2	0.7016
271	29	21.912308	2	27.717315	21.000000	1	0.817009	2	3	1	1	2	0.8244
272	30	21.912308	2	26.504649	21.000000	2	1.071064	5	2	1	2	1	1.2603
273	31	21.912308	2	23.589801	21.000000	1	1.176474	2	4	1	1	1	0.4895
274	32	21.912308	1	20.385590	21.000000	2	1.677939	4	2	1	2	2	0.9706
275	33	21.912308	1	14.534248	21.000000	1	0.851282	3	6	1	1	1	1.1450
276	34	21.912308	2	25.038499	21.000000	2	0.818291	4	7	1	2	2	0.4655
277	35	21.912308	1	15.467717	21.000000	1	0.934593	5	8	1	2	2	0.5769
278	36	21.912308	2	25.771408	21.000000	1	1.401139	3	6	1	2	2	0.7206
279	37	21.912308	1	14.718469	21.000000	1	0.923595	4	3	1	2	2	0.6467
280	38	21.912308	1	15.045934	21.000000	2	0.900185	5	2	1	2	1	0.9440
281	39	21.912308	1	17.485845	21.000000	1	1.049341	6	5	1	1	1	0.6392
282	40	21.912308	2	25.530734	21.000000	2	0.837240	5	2	1	1	1	0.7720
283	41	21.912308	1	17.595161	21.000000	1	1.164526	7	3	1	1	1	0.3897
284	42	21.912308	1	15.535067	21.000000	1	0.870073	3	4	2	2	2	0.3793
285	43	21.912308	2	24.922944	21.000000	2	0.819625	7	6	1	1	2	0.4829
286	44	21.912308	1	14.332366	21.000000	1	1.015296	8	6	1	2	2	0.6703
287	45	21.912308	1	19.073090	21.000000	1	1.667307	4	2	1	2	2	0.4478
288	46	21.912308	2	24.541156	21.000000	2	1.021438	7	6	1	1	1	1.1085
289	47	21.912308	2	23.622581	21.000000	2	0.687649	4	3	1	1	1	0.8044
290	48	21.912308	1	17.248976	21.000000	2	0.603695	7	3	1	2	2	0.5478
291	49	21.912308	1	19.230372	21.000000	1	0.709452	2	6	1	1	1	0.4736
292	50	21.912308	2	23.498408	21.000000	2	0.806669	3	6	1	1	1	0.3985
293	1	79.412834	1	73.911016	77.000000	1	1.671022	3	2	1	1	0	0.0000
294	2	79.412834	2	82.646949	77.000000	1	0.791570	4	2	1	2	0	0.0000
295	3	79.412834	2	82.557240	77.000000	1	1.076261	6	8	1	1	0	0.0000
296	4	79.412834	1	73.455351	77.000000	2	0.837182	5	7	1	2	0	0.0000
297	5	79.412834	1	76.657115	77.000000	1	0.903933	3	2	2	1	0	0.0000
298	6	79.412834	2	83.306778	77.000000	1	0.999741	3	6	1	1	0	0.0000
299	7	79.412834	1	71.337251	77.000000	2	0.835323	6	7	1	2	0	0.0000
300	8	79.412834	2	83.368781	77.000000	1	0.773947	6	4	2	1	0	0.0000
301	9	79.412834	2	81.331547	77.000000	2	0.771084	5	8	1	1	0	0.0000
302	10	79.412834	1	70.683042	77.000000	2	0.944523	3	8	1	2	0	0.0000
303	11	79.412834	1	74.678329	77.000000	1	1.318378	2	3	1	2	0	0.0000
304	12	79.412834	2	81.100692	77.000000	1	0.501533	2	3	1	1	0	0.0000
305	13	79.412834	2	82.016229	77.000000	1	0.958586	4	2	1	2	0	0.0000
306	14	79.412834	1	71.218845	77.000000	1	0.739115	3	4	1	1	0	0.0000
307	15	79.412834	2	81.197249	77.000000	2	0.721513	4	3	1	1	0	0.0000
308	16	79.412834	2	81.768040	77.000000	2	0.440797	6	3	1	1	0	0.0000
309	17	79.412834	1	75.342203	77.000000	2	1.043634	5	3	1	2	0	0.0000
310	18	79.412834	1	77.134053	77.000000	1	1.054093	2	5	2	2	0	0.0000
311	19	79.412834	2	83.986012	77.000000	2	0.983723	6	4	1	2	0	0.0000
312	20	79.412834	1	74.341561	77.000000	1	0.948271	7	2	1	1	0	0.0000
313	21	79.412834	1	70.833427	77.000000	2	0.609985	6	5	1	2	0	0.0000
314	22	79.412834	1	76.440695	77.000000	2	0.846145	4	2	1	2	0	0.0000
315	23	79.412834	1	77.388788	77.000000	1	0.319958	8	3	1	1	0	0.0000
316	24	79.412834	1	77.781425	77.000000	1	0.663604	4	6	1	1	0	0.0000
317	25	79.412834	2	83.951046	77.000000	2	0.832832	2	3	1	1	0	0.0000
318	26	79.412834	1	70.964294	77.000000	1	1.235369	2	3	2	2	0	0.0000
319	27	79.412834	2	81.994700	77.000000	2	0.981412	8	6	1	2	0	0.0000
320	28	79.412834	2	80.892886	77.000000	2	0.770012	5	8	1	1	0	0.0000
321	29	79.412834	1	76.195801	77.000000	1	0.991185	3	4	1	1	0	0.0000
322	30	79.412834	1	74.825461	77.000000	2	0.507742	3	2	1	1	0	0.0000
323	31	79.412834	1	71.649848	77.000000	1	0.787861	8	7	1	2	0	0.0000
324	32	79.412834	2	81.315449	77.000000	1	0.696505	3	2	1	1	0	0.0000
325	33	79.412834	1	77.277091	77.000000	1	0.784394	6	5	1	1	0	0.0000
326	34	79.412834	2	83.974330	77.000000	2	0.397013	6	8	1	2	0	0.0000
327	35	79.412834	1	74.430805	77.000000	1	0.617133	4	2	1	2	0	0.0000
328	36	79.412834	2	82.227230	77.000000	2	0.868542	6	5	1	2	0	0.0000
329	37	79.412834	1	73.145895	77.000000	1	0.557633	6	3	1	1	0	0.0000
330	38	79.412834	1	72.320614	77.000000	1	0.611868	3	2	1	1	0	0.0000
331	39	79.412834	1	76.219900	77.000000	2	0.495264	2	3	1	2	0	0.0000
332	40	79.412834	1	73.496751	77.000000	2	0.431239	4	8	2	2	0	0.0000
333	41	79.412834	2	81.598510	77.000000	2	0.370103	6	3	1	2	0	0.0000
334	42	79.412834	2	82.493388	77.000000	2	0.407668	3	4	1	2	0	0.0000
335	43	79.412834	2	83.946384	77.000000	2	0.395747	3	5	1	1	0	0.0000
336	44	79.412834	2	81.169626	77.000000	2	0.368018	8	5	2	1	0	0.0000
337	45	79.412834	2	83.641511	77.000000	2	0.397594	6	4	1	2	0	0.0000
338	46	79.412834	1	73.589698	77.000000	1	0.705932	6	5	1	1	0	0.0000
339	47	79.412834	2	82.046227	77.000000	2	0.425782	5	7	1	2	0	0.0000
340	48	79.412834	1	73.300129	77.000000	1	0.573341	2	3	1	2	0	0.0000
341	49	79.412834	2	83.233141	77.000000	2	0.467091	2	3	1	2	0	0.0000
342	50	79.412834	1	77.422565	77.000000	1	0.596059	3	2	1	1	0	0.0000
343	51	79.412834	1	76.489526	77.000000	1	0.712296	3	2	1	1	0	0.0000
344	52	79.412834	1	74.858898	77.000000	2	0.399566	2	4	1	2	0	0.0000
345	53	79.412834	1	77.837571	77.000000	2	0.539806	5	2	2	1	0	0.0000
346	54	79.412834	1	77.334306	77.000000	1	0.562445	2	3	2	2	0	0.0000
347	55	79.412834	2	80.967913	77.000000	2	0.663992	6	4	1	1	0	0.0000
348	56	79.412834	1	77.029443	77.000000	1	0.665189	7	6	1	1	0	0.0000
349	57	79.412834	2	80.950553	77.000000	2	0.626639	7	2	1	2	0	0.0000
350	58	79.412834	1	77.114111	77.000000	2	0.541957	7	4	1	1	0	0.0000
351	59	79.412834	1	71.714793	77.000000	1	0.532711	7	3	1	2	0	0.0000
352	60	79.412834	2	80.913163	77.000000	2	0.499498	3	2	1	1	0	0.0000
353	61	79.412834	2	83.265341	77.000000	2	0.515675	2	3	1	2	0	0.0000
354	62	79.412834	1	71.216209	77.000000	1	0.491086	8	7	1	2	0	0.0000
355	63	79.412834	2	82.240074	77.000000	2	0.563733	2	6	2	2	0	0.0000
356	64	79.412834	2	82.231693	77.000000	2	0.401401	5	2	1	1	0	0.0000
357	65	79.412834	2	83.475113	77.000000	2	0.341386	4	7	1	1	0	0.0000
358	66	79.412834	2	83.187634	77.000000	2	0.380329	4	2	1	1	0	0.0000
359	67	79.412834	1	70.220489	77.000000	1	0.601268	6	2	1	2	0	0.0000
360	1	46.184338	1	49.000000	42.692347	2	1.565476	3	2	1	2	2	0.8783
361	2	46.184338	1	49.000000	44.736421	2	1.058184	2	3	1	1	1	1.1199
362	3	46.184338	1	49.000000	43.051604	1	0.818496	5	8	2	2	2	0.7698
363	4	46.184338	1	49.000000	43.366151	1	0.914509	8	2	1	1	1	0.5736
364	5	46.184338	2	49.000000	53.225199	2	1.454531	5	6	1	1	1	0.5481
365	6	46.184338	1	49.000000	44.261853	1	1.077581	4	6	1	1	1	0.5700
366	7	46.184338	1	49.000000	44.435129	1	1.123030	5	6	2	2	2	0.4380
367	8	46.184338	2	49.000000	51.676528	1	1.028276	5	8	1	2	1	0.7228
368	9	46.184338	2	49.000000	51.443855	2	1.109492	5	7	1	2	2	0.4732
369	10	46.184338	2	49.000000	49.113598	2	1.342442	6	8	1	1	1	0.4646
370	11	46.184338	1	49.000000	42.886353	2	1.109490	5	4	2	1	1	1.4733
371	12	46.184338	2	49.000000	53.311448	2	1.229456	3	2	2	1	1	0.3878
372	13	46.184338	2	49.000000	54.850498	2	1.660004	7	5	1	1	1	0.7374
373	14	46.184338	1	49.000000	44.043714	1	1.659484	2	3	2	2	2	0.1848
374	15	46.184338	1	49.000000	44.435501	2	1.449171	6	8	1	2	2	1.0389
375	16	46.184338	2	49.000000	51.734160	2	2.452709	6	2	1	1	1	0.5614
376	17	46.184338	1	49.000000	42.907904	2	2.290284	7	4	2	1	1	0.7819
377	18	46.184338	2	49.000000	53.518617	2	1.549827	2	3	1	2	2	1.0232
378	19	46.184338	2	49.000000	54.508435	2	1.365871	6	8	1	1	1	0.5906
379	20	46.184338	2	49.000000	48.588716	2	1.406847	3	2	2	1	1	0.6704
380	21	46.184338	1	49.000000	42.642729	2	1.115236	4	8	1	1	1	0.5262
381	22	46.184338	2	49.000000	49.850402	2	1.489195	3	2	1	2	1	1.3332
382	23	46.184338	1	49.000000	44.472897	2	1.262986	2	8	2	2	2	0.8679
383	24	46.184338	2	49.000000	50.894145	2	1.240547	3	2	1	2	2	0.7028
384	25	46.184338	2	49.000000	50.925149	2	1.570389	2	3	2	2	2	0.2350
385	26	46.184338	1	49.000000	44.169615	2	1.241535	2	3	2	2	2	1.0877
386	27	46.184338	2	49.000000	50.886415	2	1.139572	4	6	1	2	2	0.6701
387	28	46.184338	1	49.000000	42.011206	1	1.418928	2	6	1	1	1	0.4818
388	29	46.184338	1	49.000000	42.511517	1	1.150104	2	5	1	1	1	0.8238
389	30	46.184338	1	49.000000	43.932062	2	1.110393	8	6	1	1	1	0.6181
390	31	46.184338	2	49.000000	48.861167	1	1.641098	4	3	2	1	1	0.8470
391	32	46.184338	1	49.000000	43.169292	2	1.308397	6	8	1	2	2	1.1358
392	33	46.184338	2	49.000000	51.878691	2	1.345674	2	6	2	2	2	0.4752
393	34	46.184338	2	49.000000	55.803021	2	1.552372	3	2	1	2	1	0.8096
394	35	46.184338	1	49.000000	43.175627	2	1.600424	6	7	1	2	2	0.6316
395	36	46.184338	2	49.000000	54.586075	2	1.557919	8	3	1	1	1	0.6152
396	37	46.184338	2	49.000000	47.947286	2	1.150199	2	5	1	1	1	0.5358
397	38	46.184338	2	49.000000	52.275809	2	0.978168	2	3	1	1	1	0.4185
398	39	46.184338	1	49.000000	42.227250	1	1.217607	2	3	1	2	2	0.6085
399	40	46.184338	2	49.000000	50.768983	2	1.112117	3	2	1	2	2	0.7951
400	41	46.184338	1	49.000000	43.585905	1	1.322470	5	7	1	1	1	0.8535
401	42	46.184338	2	49.000000	47.592170	2	1.194781	8	3	1	1	1	1.4263
402	43	46.184338	2	49.000000	48.347970	1	1.184684	2	6	1	1	1	0.9531
403	44	46.184338	1	49.000000	42.607093	1	1.418415	2	4	1	1	1	0.4331
404	45	46.184338	1	49.000000	44.000921	1	1.418048	6	5	1	2	1	0.7343
405	46	46.184338	2	49.000000	49.507878	2	1.176405	3	4	1	2	2	0.9054
406	47	46.184338	1	49.000000	42.492444	1	1.252883	3	2	1	1	2	0.5223
407	48	46.184338	1	49.000000	42.351563	1	1.589410	6	5	1	1	1	0.5733
408	49	46.184338	2	49.000000	51.802297	2	1.222054	3	4	1	1	1	0.8211
409	1	87.832075	1	91.000000	84.078233	2	1.087043	2	5	1	1	0	0.0000
410	2	87.832075	1	91.000000	84.447790	2	2.383388	2	6	1	1	0	0.0000
411	3	87.832075	1	91.000000	84.063134	1	0.610803	3	7	1	1	0	0.0000
412	4	87.832075	1	91.000000	84.963745	1	0.982814	5	4	1	2	0	0.0000
413	5	87.832075	1	91.000000	85.478101	1	0.595155	6	2	1	1	0	0.0000
414	6	87.832075	1	91.000000	84.838536	1	0.671174	5	2	1	1	0	0.0000
415	7	87.832075	1	91.000000	84.305180	1	0.560656	2	6	1	2	0	0.0000
416	8	87.832075	1	91.000000	86.166640	1	0.486730	4	2	1	1	0	0.0000
417	9	87.832075	1	91.000000	85.794914	1	0.487545	4	8	1	2	0	0.0000
418	10	87.832075	1	91.000000	84.229447	1	0.408124	4	2	1	1	0	0.0000
419	11	87.832075	1	91.000000	84.949918	1	0.364492	4	6	1	2	0	0.0000
420	12	87.832075	1	91.000000	86.321261	1	0.385894	2	3	1	2	0	0.0000
421	13	87.832075	1	91.000000	86.005024	1	0.463087	3	5	1	1	0	0.0000
422	14	87.832075	2	91.000000	96.996320	1	0.480415	6	7	1	2	0	0.0000
423	15	87.832075	1	91.000000	84.286728	1	0.921217	8	3	1	1	0	0.0000
424	1	62.043566	1	63.000000	56.629679	2	1.193491	3	4	1	1	2	0.9697
425	2	62.043566	1	63.000000	58.696981	1	1.778399	2	3	1	1	1	0.3703
426	3	62.043566	1	63.000000	57.963711	2	1.707296	2	8	1	2	2	0.4946
427	4	62.043566	1	63.000000	57.894016	2	1.506111	5	8	1	2	2	0.5576
428	5	62.043566	2	63.000000	64.688024	1	1.327261	6	3	1	1	1	0.7060
429	6	62.043566	2	63.000000	63.559656	2	1.469784	5	7	1	1	1	0.5463
430	7	62.043566	2	63.000000	69.714388	2	1.211935	6	5	1	1	1	0.7389
431	8	62.043566	1	63.000000	56.602076	2	1.893092	7	2	2	1	1	0.2489
432	9	62.043566	2	63.000000	65.876435	2	1.590593	4	3	1	2	2	0.5827
433	10	62.043566	2	63.000000	69.935643	2	1.214766	2	6	2	2	2	0.3658
434	11	62.043566	2	63.000000	65.860652	2	1.126821	7	5	1	1	1	0.4018
435	12	62.043566	1	63.000000	57.646065	2	1.265713	2	4	1	2	1	1.0545
436	13	62.043566	1	63.000000	59.588344	1	1.867728	4	7	1	1	1	0.4963
437	14	62.043566	1	63.000000	59.555133	1	0.955947	2	3	1	1	1	0.7819
438	15	62.043566	2	63.000000	64.177427	2	1.325620	4	3	1	1	1	1.2890
439	16	62.043566	2	63.000000	66.510589	2	1.652436	3	2	1	1	1	0.4817
440	17	62.043566	2	63.000000	64.544582	2	1.574060	2	7	1	2	2	0.7188
441	18	62.043566	2	63.000000	65.987157	2	1.121562	5	6	2	2	1	0.5325
442	19	62.043566	2	63.000000	69.303850	2	1.494826	8	5	2	1	1	0.1863
443	20	62.043566	1	63.000000	58.514778	2	1.274667	2	3	1	2	2	0.5598
444	21	62.043566	1	63.000000	56.239841	2	1.857223	7	2	1	2	2	0.6384
445	22	62.043566	2	63.000000	64.168266	1	1.188602	3	7	1	1	2	0.7809
446	23	62.043566	2	63.000000	68.796488	2	1.604107	7	4	2	1	1	0.7725
447	24	62.043566	1	63.000000	59.899783	2	1.117222	6	2	1	2	2	1.2883
448	25	62.043566	1	63.000000	58.998571	1	1.587906	2	6	1	2	2	0.8519
449	26	62.043566	1	63.000000	58.271000	1	1.385321	3	6	1	2	2	0.6255
450	27	62.043566	2	63.000000	69.133097	2	1.760362	5	3	1	2	2	0.8656
451	28	62.043566	1	63.000000	57.532750	1	1.022319	2	4	1	2	2	0.5974
452	29	62.043566	2	63.000000	66.650771	1	1.516843	7	4	1	2	2	0.5836
453	30	62.043566	1	63.000000	58.202074	2	1.055923	6	3	2	1	1	0.6216
454	31	62.043566	2	63.000000	64.948621	2	1.060450	2	3	1	2	1	0.9623
455	32	62.043566	1	63.000000	59.846522	2	1.714960	2	3	1	2	2	0.5096
456	33	62.043566	2	63.000000	66.489610	1	1.185085	4	2	1	1	1	0.5055
457	34	62.043566	1	63.000000	58.953615	2	1.308981	3	2	1	1	2	0.7606
458	35	62.043566	1	63.000000	58.495261	1	1.121476	5	4	1	1	1	0.6204
459	36	62.043566	1	63.000000	57.195344	1	1.155376	5	2	1	2	2	0.6289
460	37	62.043566	1	63.000000	59.754976	1	1.243035	6	3	1	2	2	0.5135
461	38	62.043566	2	63.000000	69.286528	2	1.516340	5	2	1	2	2	0.5753
462	39	62.043566	2	63.000000	66.527691	2	1.168055	7	6	1	2	2	0.4252
463	40	62.043566	1	63.000000	57.081441	2	1.136089	5	3	1	2	2	0.9544
464	41	62.043566	2	63.000000	68.677448	1	1.003671	2	6	2	2	2	0.3715
465	42	62.043566	1	63.000000	57.380268	1	1.708480	4	5	1	2	2	1.1518
466	43	62.043566	2	63.000000	65.751899	2	1.464954	4	6	1	1	1	1.4777
467	44	62.043566	2	63.000000	69.918723	2	1.257338	4	2	1	1	1	0.5188
468	45	62.043566	1	63.000000	58.284675	1	1.745987	5	7	1	2	2	0.6990
469	46	62.043566	2	63.000000	67.460339	1	1.166595	4	3	2	1	2	0.6557
470	47	62.043566	2	63.000000	65.952717	2	1.637037	7	5	1	1	1	0.8671
471	48	62.043566	2	63.000000	69.382222	2	1.495763	3	6	1	1	1	0.9311
472	49	62.043566	2	63.000000	63.605725	1	1.253251	5	7	1	1	2	0.8188
473	50	62.043566	2	63.000000	64.947442	1	2.097538	3	8	2	2	2	0.7724
474	51	62.043566	2	63.000000	63.608671	2	1.260958	6	5	1	1	1	0.6988
475	52	62.043566	2	63.000000	68.974042	2	1.198353	6	7	1	1	2	0.7499
476	53	62.043566	2	63.000000	66.580609	1	1.751329	5	3	1	2	2	0.6246
477	54	62.043566	2	63.000000	67.930125	2	1.279564	3	5	2	2	2	1.5477
478	55	62.043566	1	63.000000	59.331147	1	1.020504	5	4	1	2	2	0.6755
479	56	62.043566	2	63.000000	67.205166	2	1.496572	5	3	2	1	1	0.8520
480	57	62.043566	2	63.000000	64.459339	2	1.265108	4	3	1	2	2	0.6381
481	58	62.043566	2	63.000000	67.684793	2	1.076380	8	2	1	2	1	0.3615
482	59	62.043566	2	63.000000	67.936714	2	1.026473	4	2	1	2	2	0.4416
483	60	62.043566	1	63.000000	60.621982	1	0.912002	8	4	1	2	2	0.5792
484	61	62.043566	2	63.000000	69.373854	2	1.196385	5	7	1	1	2	0.6031
485	62	62.043566	2	63.000000	65.087888	2	1.018543	2	7	1	2	2	0.5457
486	63	62.043566	1	63.000000	56.501277	1	1.011246	7	3	1	2	2	0.4026
487	64	62.043566	2	63.000000	68.074144	2	1.090063	2	3	1	1	2	1.2305
488	1	5.254434	2	7.000000	13.065153	2	1.407247	4	5	2	2	0	0.0000
489	2	5.254434	1	7.000000	0.229748	2	1.378804	7	5	2	1	0	0.0000
490	3	5.254434	2	7.000000	10.511834	1	2.000310	2	3	1	2	0	0.0000
491	4	5.254434	2	7.000000	12.659769	2	1.393855	3	4	1	2	0	0.0000
492	5	5.254434	1	7.000000	3.501104	2	0.766024	5	6	1	1	0	0.0000
493	6	5.254434	1	7.000000	3.546919	2	1.515250	2	8	2	2	0	0.0000
494	7	5.254434	2	7.000000	10.431044	2	2.193889	5	4	1	2	0	0.0000
495	8	5.254434	2	7.000000	11.392664	2	1.485532	3	7	1	2	0	0.0000
496	9	5.254434	1	7.000000	3.222594	2	1.301546	8	5	1	1	0	0.0000
497	10	5.254434	2	7.000000	11.506928	2	1.900950	6	5	1	1	0	0.0000
498	11	5.254434	2	7.000000	13.881210	2	1.003997	3	2	1	2	0	0.0000
499	12	5.254434	2	7.000000	13.420883	1	1.431746	5	3	1	2	0	0.0000
500	13	5.254434	2	7.000000	6.998947	1	0.865993	4	3	2	1	0	0.0000
501	14	5.254434	1	7.000000	3.362371	1	2.003082	6	8	1	1	0	0.0000
502	15	5.254434	1	7.000000	0.228626	1	1.102170	8	4	2	1	0	0.0000
503	16	5.254434	1	7.000000	3.662539	1	0.709545	3	7	1	2	0	0.0000
504	17	5.254434	1	7.000000	1.067450	1	0.749700	7	4	1	1	0	0.0000
505	18	5.254434	1	7.000000	1.979287	1	0.435630	4	2	1	1	0	0.0000
506	19	5.254434	2	7.000000	7.495671	1	0.790375	7	2	1	2	0	0.0000
507	20	5.254434	2	7.000000	9.560098	2	0.602804	7	4	1	1	0	0.0000
508	21	5.254434	1	7.000000	0.030902	1	0.886922	4	8	1	2	0	0.0000
509	22	5.254434	1	7.000000	1.940136	2	0.607636	6	5	1	2	0	0.0000
510	23	5.254434	1	7.000000	2.292783	1	0.467752	2	8	1	2	0	0.0000
511	24	5.254434	1	7.000000	0.108715	1	0.469185	5	8	1	1	0	0.0000
512	25	5.254434	2	7.000000	13.776969	2	0.814611	7	5	1	2	0	0.0000
