1	1	33.232491	2	36.519287	35.000000	4	19.942885	5	2	1	2	0	0.0000
2	2	33.232491	2	38.546269	35.000000	1	1.056600	2	3	1	2	0	0.0000
3	3	33.232491	2	40.095245	35.000000	2	1.139498	7	6	1	1	0	0.0000
4	4	33.232491	1	30.853571	35.000000	1	1.337781	4	7	2	2	0	0.0000
5	5	33.232491	2	34.825947	35.000000	2	0.943805	7	3	2	1	0	0.0000
6	6	33.232491	1	28.978183	35.000000	1	0.845849	3	4	1	2	0	0.0000
7	7	33.232491	1	30.299495	35.000000	1	0.935471	3	4	1	2	0	0.0000
8	8	33.232491	1	28.617990	35.000000	1	0.766006	3	2	1	2	0	0.0000
9	9	33.232491	2	38.908936	35.000000	2	0.731188	2	6	1	2	0	0.0000
10	10	33.232491	2	36.609639	35.000000	2	0.913958	6	2	1	1	0	0.0000
11	11	33.232491	1	30.321294	35.000000	1	0.490643	5	2	1	2	0	0.0000
12	12	33.232491	1	29.039664	35.000000	1	0.627449	3	7	1	1	0	0.0000
13	13	33.232491	2	37.446931	35.000000	2	0.756439	3	4	1	1	0	0.0000
14	14	33.232491	2	36.499406	35.000000	2	1.082603	2	4	1	1	0	0.0000
15	15	33.232491	1	29.808835	35.000000	1	0.650701	8	7	1	1	0	0.0000
16	1	46.923699	2	49.637555	49.000000	2	2.187203	3	2	1	1	3	3.2456
17	2	46.923699	2	53.429572	49.000000	2	1.830123	3	7	1	1	3	0.6358
18	3	46.923699	2	55.606219	49.000000	2	1.706112	7	5	1	2	2	0.8932
19	4	46.923699	2	48.790127	49.000000	2	1.160716	7	2	1	2	2	1.2416
20	5	46.923699	2	54.778409	49.000000	2	2.159453	5	3	1	2	2	1.0642
21	6	46.923699	2	54.350119	49.000000	2	1.700977	7	5	1	1	1	4.1120
22	7	46.923699	1	43.339089	49.000000	1	1.777096	7	5	2	1	1	1.4087
23	8	46.923699	1	42.422752	49.000000	1	1.504676	3	2	1	2	1	0.8351
24	9	46.923699	1	44.266776	49.000000	1	2.353317	3	7	2	2	2	2.8580
25	10	46.923699	1	42.532779	49.000000	1	2.381721	4	8	1	2	1	1.1572
26	11	46.923699	2	52.418240	49.000000	2	1.110529	2	5	1	2	2	1.7454
27	12	46.923699	2	50.231853	49.000000	2	2.866310	8	6	1	1	1	3.6377
28	13	46.923699	2	48.359779	49.000000	2	1.777686	3	8	1	2	1	1.9055
29	14	46.923699	2	52.392460	49.000000	2	1.124031	4	5	1	2	1	0.9031
30	1	89.527339	1	85.355979	91.000000	2	1.063697	2	4	1	1	0	0.0000
31	2	89.527339	1	84.334949	91.000000	1	0.832672	2	4	2	2	0	0.0000
32	3	89.527339	2	95.618459	91.000000	1	1.174169	3	5	1	2	0	0.0000
33	4	89.527339	1	85.207251	91.000000	2	0.720211	6	2	2	1	0	0.0000
34	5	89.527339	1	87.742853	91.000000	1	0.929301	4	2	1	2	0	0.0000
35	6	89.527339	2	91.067655	91.000000	1	1.157988	3	4	1	1	0	0.0000
36	7	89.527339	1	88.057812	91.000000	1	1.107599	3	2	1	1	0	0.0000
37	8	89.527339	2	94.378709	91.000000	2	0.659172	3	5	1	1	0	0.0000
38	9	89.527339	2	94.485713	91.000000	1	0.516596	2	3	1	1	0	0.0000
39	10	89.527339	1	84.933121	91.000000	2	0.756000	4	5	1	2	0	0.0000
40	11	89.527339	2	94.285998	91.000000	2	0.745923	2	3	1	1	0	0.0000
41	12	89.527339	2	96.696556	91.000000	2	1.063867	7	8	1	1	0	0.0000
42	13	89.527339	2	96.783108	91.000000	2	0.616856	3	2	1	1	0	0.0000
43	14	89.527339	2	92.494895	91.000000	2	1.036256	7	8	1	1	0	0.0000
44	15	89.527339	1	87.734306	91.000000	1	0.750549	7	3	1	1	0	0.0000
45	16	89.527339	1	87.959212	91.000000	1	1.164470	4	3	1	2	0	0.0000
46	17	89.527339	1	86.655823	91.000000	1	1.193555	2	3	1	1	0	0.0000
47	18	89.527339	1	86.925419	91.000000	2	1.052823	4	6	1	1	0	0.0000
48	19	89.527339	1	85.374409	91.000000	1	1.278807	3	2	2	1	0	0.0000
49	20	89.527339	2	92.067811	91.000000	2	0.758914	5	4	1	2	0	0.0000
50	21	89.527339	2	96.956682	91.000000	2	0.652226	6	4	2	1	0	0.0000
51	22	89.527339	2	94.959043	91.000000	2	0.558285	5	4	1	2	0	0.0000
52	23	89.527339	2	94.144587	91.000000	2	0.740279	2	8	1	1	0	0.0000
53	24	89.527339	2	93.821226	91.000000	2	0.554728	3	7	1	1	0	0.0000
54	1	24.327358	1	17.757765	21.000000	1	1.960466	6	8	1	2	2	1.0488
55	2	24.327358	1	14.701788	21.000000	1	1.374113	6	4	1	2	2	1.4948
56	3	24.327358	2	26.968603	21.000000	1	1.329747	4	2	1	1	1	2.0039
57	4	24.327358	2	27.454003	21.000000	2	2.282337	8	6	1	1	1	1.1511
58	5	24.327358	1	18.317189	21.000000	2	1.327082	8	5	1	1	1	1.2013
59	6	24.327358	2	26.935173	21.000000	1	1.848410	4	7	1	1	1	0.5734
60	7	24.327358	2	27.144109	21.000000	2	1.446453	7	2	1	1	1	0.9958
61	8	24.327358	2	25.949427	21.000000	2	0.987123	4	3	1	2	2	1.0355
62	9	24.327358	1	18.927226	21.000000	2	1.705470	5	4	1	1	1	0.8545
63	10	24.327358	1	19.054946	21.000000	2	2.266057	7	8	1	1	1	1.4943
64	11	24.327358	2	26.997438	21.000000	2	1.146856	5	3	1	2	2	2.7066
65	12	24.327358	2	26.418364	21.000000	2	1.164782	3	5	1	2	2	0.6937
66	13	24.327358	2	26.414508	21.000000	2	1.025147	2	5	1	2	2	0.9361
67	14	24.327358	1	19.205482	21.000000	1	1.154292	3	5	1	2	2	0.7017
68	15	24.327358	2	27.372781	21.000000	2	1.279469	3	2	1	2	2	0.9315
69	16	24.327358	1	18.270093	21.000000	1	1.229695	4	7	1	1	1	0.7718
70	17	24.327358	2	26.113206	21.000000	2	0.932853	5	3	2	1	1	1.4152
71	18	24.327358	1	17.793930	21.000000	1	1.133347	3	2	1	1	1	0.7515
72	19	24.327358	1	21.606167	21.000000	2	1.331205	6	2	2	1	1	0.9412
73	20	24.327358	2	25.771582	21.000000	2	0.781311	4	3	1	2	2	0.7259
74	21	24.327358	1	19.254782	21.000000	1	1.280827	7	2	1	1	1	1.5890
75	22	24.327358	2	25.730586	21.000000	2	1.564418	2	4	1	1	1	1.3331
76	23	24.327358	2	27.671043	21.000000	2	1.294873	6	5	1	2	2	0.6344
77	24	24.327358	1	15.387078	21.000000	1	0.746315	4	5	1	2	2	1.8026
78	1	76.655502	2	82.409153	77.000000	2	1.225631	5	4	1	1	0	0.0000
79	2	76.655502	1	70.695480	77.000000	2	1.308494	7	5	1	2	0	0.0000
80	3	76.655502	1	72.277053	77.000000	1	1.884140	5	3	2	1	0	0.0000
81	4	76.655502	2	82.908938	77.000000	1	1.459627	7	5	1	2	0	0.0000
82	5	76.655502	1	73.341373	77.000000	2	1.508628	2	3	1	2	0	0.0000
83	6	76.655502	2	80.007161	77.000000	1	1.051854	6	3	1	2	0	0.0000
84	7	76.655502	2	78.839788	77.000000	2	0.861717	2	3	1	1	0	0.0000
85	8	76.655502	1	71.508962	77.000000	1	1.086773	5	3	1	2	0	0.0000
86	9	76.655502	1	72.261200	77.000000	1	1.479051	5	7	1	2	0	0.0000
87	10	76.655502	2	78.831156	77.000000	1	1.055193	6	3	1	1	0	0.0000
88	11	76.655502	2	81.524018	77.000000	2	0.530050	5	2	2	1	0	0.0000
89	12	76.655502	1	72.702676	77.000000	1	0.895341	4	5	2	2	0	0.0000
90	13	76.655502	2	81.077390	77.000000	1	1.655449	5	7	1	1	0	0.0000
91	14	76.655502	1	72.022397	77.000000	2	1.488577	3	4	1	1	0	0.0000
92	15	76.655502	2	79.634749	77.000000	2	0.736694	2	3	2	2	0	0.0000
93	16	76.655502	2	83.059737	77.000000	2	1.223330	2	5	1	1	0	0.0000
94	17	76.655502	2	80.012611	77.000000	2	0.818178	7	8	1	2	0	0.0000
95	18	76.655502	1	72.403151	77.000000	1	0.501414	2	3	1	2	0	0.0000
96	19	76.655502	1	73.271230	77.000000	1	0.549538	5	6	2	2	0	0.0000
97	20	76.655502	1	74.437709	77.000000	1	0.747626	8	5	1	2	0	0.0000
98	21	76.655502	1	73.374999	77.000000	1	1.537418	2	5	1	2	0	0.0000
99	22	76.655502	2	81.666754	77.000000	2	0.791519	4	5	1	1	0	0.0000
100	23	76.655502	2	79.666973	77.000000	2	0.580091	7	6	1	2	0	0.0000
101	24	76.655502	1	71.823890	77.000000	1	0.648920	3	6	1	2	0	0.0000
102	25	76.655502	2	78.837444	77.000000	2	0.770811	7	6	1	2	0	0.0000
103	26	76.655502	2	82.945096	77.000000	2	0.666035	4	5	1	1	0	0.0000
104	27	76.655502	2	82.955709	77.000000	2	0.617430	4	2	1	1	0	0.0000
105	1	59.897710	2	63.907315	63.000000	1	0.980442	3	6	1	2	2	1.6188
106	2	59.897710	1	58.270583	63.000000	2	1.265277	5	6	1	2	1	0.4478
107	3	59.897710	1	57.994767	63.000000	1	1.099729	4	6	2	2	2	0.8554
108	4	59.897710	2	66.448535	63.000000	1	1.420851	2	7	1	1	1	0.4767
109	5	59.897710	2	62.592332	63.000000	1	1.248057	3	2	1	2	2	0.4855
110	6	59.897710	2	69.739379	63.000000	2	1.585961	3	2	1	2	1	1.4739
111	7	59.897710	2	69.342332	63.000000	2	1.526302	5	4	1	2	2	0.5207
112	8	59.897710	2	68.588861	63.000000	2	0.811797	3	6	1	2	2	1.4749
113	9	59.897710	2	63.935030	63.000000	1	1.263368	2	5	1	1	1	0.6122
114	10	59.897710	2	68.678245	63.000000	2	1.155097	4	2	1	2	1	0.7328
115	11	59.897710	1	57.669424	63.000000	1	1.134860	7	3	1	1	1	0.7772
116	12	59.897710	1	56.059415	63.000000	1	1.097341	4	3	1	2	2	0.8689
117	13	59.897710	1	57.118554	63.000000	1	1.193659	4	6	1	1	1	1.9454
118	14	59.897710	2	63.603683	63.000000	2	1.217847	6	3	1	2	2	1.2887
119	15	59.897710	2	64.751575	63.000000	2	0.964595	4	7	1	1	1	0.8376
120	16	59.897710	1	57.405351	63.000000	1	1.491576	6	4	1	2	2	2.5696
121	17	59.897710	1	56.763381	63.000000	2	1.447107	7	4	2	1	1	1.0047
122	18	59.897710	2	63.137043	63.000000	2	0.859854	4	5	2	2	2	1.6090
123	19	59.897710	2	62.961068	63.000000	2	1.047853	7	5	1	1	1	0.6953
124	20	59.897710	2	63.769169	63.000000	2	0.873147	5	4	1	1	1	0.8861
125	21	59.897710	2	68.020317	63.000000	2	0.858418	4	7	2	2	2	0.8162
126	22	59.897710	2	64.211916	63.000000	2	0.999082	8	4	2	1	2	1.1985
127	23	59.897710	1	56.399966	63.000000	2	1.621826	8	5	1	1	1	0.8382
128	24	59.897710	1	56.312925	63.000000	1	0.874601	7	2	2	1	1	0.7437
129	25	59.897710	1	57.002818	63.000000	1	1.105227	5	7	1	1	2	1.4049
130	26	59.897710	2	64.054968	63.000000	2	0.811906	7	4	1	2	1	1.0110
131	27	59.897710	1	56.412715	63.000000	1	0.785705	4	3	1	2	1	1.1862
132	28	59.897710	2	61.809156	63.000000	1	1.330121	6	5	1	1	1	0.7884
133	29	59.897710	2	66.383727	63.000000	2	1.388277	5	7	1	1	1	0.8284
134	30	59.897710	1	57.017629	63.000000	1	1.572382	6	7	1	2	2	0.6112
135	31	59.897710	1	57.351765	63.000000	1	1.202166	2	7	1	1	1	0.9856
136	32	59.897710	2	66.203985	63.000000	2	1.073633	3	4	1	1	1	0.5747
137	33	59.897710	1	57.272258	63.000000	1	1.287663	2	3	1	1	1	0.9079
138	34	59.897710	2	67.844898	63.000000	2	1.039248	3	8	2	2	2	0.4615
139	35	59.897710	2	64.336528	63.000000	1	1.643369	5	3	1	2	2	0.7358
140	36	59.897710	2	62.865852	63.000000	2	0.834085	6	3	1	1	1	0.6166
141	37	59.897710	2	62.123024	63.000000	2	1.151552	2	6	1	1	1	0.3930
142	38	59.897710	1	57.756006	63.000000	1	1.256919	5	4	1	1	2	1.6643
143	39	59.897710	2	68.950325	63.000000	2	0.626540	3	2	1	2	1	0.6093
144	40	59.897710	1	58.392082	63.000000	2	1.296688	8	4	1	2	1	2.1005
145	41	59.897710	1	56.289450	63.000000	1	0.686773	3	4	2	2	2	1.1314
146	42	59.897710	1	56.079159	63.000000	1	1.877411	3	4	1	1	1	0.4329
147	43	59.897710	1	57.834273	63.000000	1	0.999538	5	4	1	1	1	1.1351
148	44	59.897710	1	58.193963	63.000000	1	1.360984	3	2	1	2	2	0.3858
149	45	59.897710	1	57.047378	63.000000	1	0.970127	8	6	1	1	1	0.8354
150	46	59.897710	1	57.316269	63.000000	1	0.977540	7	2	1	1	1	0.9378
151	47	59.897710	1	56.244322	63.000000	1	0.971782	4	5	1	2	2	0.8690
152	48	59.897710	1	57.944829	63.000000	1	1.265775	3	4	1	1	1	0.3827
153	49	59.897710	1	56.528402	63.000000	1	1.287000	6	8	1	2	2	0.6192
154	1	10.048286	2	11.478169	7.000000	1	1.519242	4	7	1	2	0	0.0000
155	2	10.048286	1	0.082480	7.000000	2	1.125893	4	2	1	2	0	0.0000
156	3	10.048286	1	5.984335	7.000000	1	0.780193	6	3	1	2	0	0.0000
157	4	10.048286	1	6.892317	7.000000	1	0.944684	6	7	1	2	0	0.0000
158	5	10.048286	2	12.195722	7.000000	1	1.246570	2	6	1	2	0	0.0000
159	6	10.048286	2	13.227763	7.000000	2	1.039984	4	3	1	2	0	0.0000
160	7	10.048286	1	0.082738	7.000000	1	1.346391	3	2	2	1	0	0.0000
161	8	10.048286	1	4.935100	7.000000	2	0.879993	3	2	1	1	0	0.0000
162	9	10.048286	1	3.811567	7.000000	1	1.552408	5	7	1	2	0	0.0000
163	10	10.048286	1	0.762323	7.000000	1	0.822953	3	2	1	2	0	0.0000
164	11	10.048286	1	3.505362	7.000000	1	0.856956	2	3	1	1	0	0.0000
165	12	10.048286	1	5.550842	7.000000	1	0.858683	7	6	1	1	0	0.0000
166	13	10.048286	1	3.746556	7.000000	1	0.820752	2	3	2	2	0	0.0000
167	14	10.048286	1	6.934673	7.000000	1	0.679833	3	2	1	2	0	0.0000
168	15	10.048286	1	5.621654	7.000000	1	0.832624	4	8	1	2	0	0.0000
169	16	10.048286	2	12.983151	7.000000	2	1.028970	5	6	1	1	0	0.0000
170	17	10.048286	2	13.426647	7.000000	2	0.805483	3	4	1	1	0	0.0000
171	18	10.048286	2	11.604184	7.000000	2	0.993383	7	8	1	1	0	0.0000
172	19	10.048286	2	11.610371	7.000000	2	1.213130	3	2	1	1	0	0.0000
173	1	32.109702	1	35.000000	30.319966	2	2.893363	3	5	1	1	1	1.3201
174	2	32.109702	2	35.000000	41.885283	2	1.770617	2	6	1	1	2	1.6991
175	3	32.109702	2	35.000000	41.783369	2	1.125920	5	2	1	1	1	0.4242
176	4	32.109702	1	35.000000	29.147359	2	2.303311	8	5	1	1	2	1.6740
177	5	32.109702	2	35.000000	38.712928	2	0.854221	4	6	1	1	1	1.4600
178	6	32.109702	2	35.000000	40.082477	2	0.809002	6	8	1	1	1	0.4963
179	7	32.109702	2	35.000000	41.088295	2	1.019845	4	2	1	2	2	0.8748
180	8	32.109702	1	35.000000	28.892629	2	0.825323	4	3	1	2	2	2.1589
181	9	32.109702	1	35.000000	30.177844	2	0.743366	5	6	1	1	1	1.0091
182	10	32.109702	2	35.000000	37.296882	2	2.528447	3	2	2	1	1	0.9937
183	11	32.109702	2	35.000000	36.698349	2	1.001081	4	3	1	1	1	1.4808
184	12	32.109702	2	35.000000	40.576302	2	0.860244	4	3	1	2	2	0.6575
185	13	32.109702	2	35.000000	36.415557	2	1.007103	3	4	1	1	1	0.6067
186	14	32.109702	2	35.000000	40.109166	1	1.622414	3	2	1	1	1	1.3409
187	15	32.109702	2	35.000000	39.949765	2	0.878780	6	3	1	2	2	1.9951
188	16	32.109702	2	35.000000	41.875093	2	0.793712	2	3	1	1	1	0.4257
189	17	32.109702	1	35.000000	28.473042	2	1.065596	6	7	1	2	2	1.6296
190	18	32.109702	2	35.000000	37.675744	2	1.195243	7	6	1	1	1	1.2748
191	19	32.109702	2	35.000000	38.892115	2	1.519375	4	6	1	1	1	2.3138
192	20	32.109702	2	35.000000	37.953682	2	1.235596	2	3	1	2	2	1.4418
193	21	32.109702	2	35.000000	38.768279	2	0.671458	6	7	1	2	2	0.9327
194	22	32.109702	2	35.000000	38.587797	2	0.758876	3	2	1	1	1	1.0967
195	23	32.109702	1	35.000000	29.169291	2	1.444004	3	2	1	1	1	0.9212
196	24	32.109702	2	35.000000	34.583728	2	0.835918	6	5	1	2	1	1.0346
197	25	32.109702	2	35.000000	37.931631	1	1.088516	4	8	1	2	2	0.9087
198	26	32.109702	1	35.000000	30.377748	2	1.136020	3	5	1	1	1	1.9224
199	27	32.109702	1	35.000000	29.327145	2	1.004432	7	6	2	1	1	0.9800
200	28	32.109702	2	35.000000	40.360120	1	1.084158	2	5	1	1	1	0.3925
201	29	32.109702	1	35.000000	30.110731	1	1.280918	3	7	1	2	2	0.4689
202	30	32.109702	1	35.000000	30.001740	1	1.314174	4	2	1	1	1	1.0610
203	31	32.109702	1	35.000000	30.239381	1	0.825589	3	4	1	1	1	2.0967
204	32	32.109702	2	35.000000	36.253804	1	0.843188	2	5	1	1	1	0.8090
205	33	32.109702	2	35.000000	39.472116	1	0.864446	2	3	1	1	1	0.7498
206	34	32.109702	1	35.000000	29.742117	1	1.078930	5	6	1	1	1	0.3713
207	35	32.109702	2	35.000000	37.040710	1	0.780603	3	8	1	1	1	1.9410
208	36	32.109702	1	35.000000	30.451754	2	1.310460	4	3	1	2	1	1.3453
209	37	32.109702	1	35.000000	30.265129	2	1.138413	2	6	1	2	2	0.7085
210	38	32.109702	2	35.000000	38.977748	1	0.744197	5	4	1	1	1	0.9301
211	39	32.109702	2	35.000000	37.230906	2	1.374065	3	2	1	1	1	1.3347
212	40	32.109702	1	35.000000	30.112919	2	0.990591	3	2	1	2	1	1.3748
213	41	32.109702	2	35.000000	39.076702	2	0.631389	4	5	1	1	1	0.7020
214	42	32.109702	2	35.000000	34.925625	2	0.785558	7	3	2	1	1	0.5221
215	43	32.109702	2	35.000000	39.309528	2	0.717200	7	6	1	2	1	1.2644
216	44	32.109702	1	35.000000	29.366814	2	0.836810	2	3	1	2	2	0.8353
217	45	32.109702	2	35.000000	34.434699	2	0.585493	4	3	1	2	2	1.1062
218	46	32.109702	1	35.000000	28.361273	2	0.581414	8	4	1	1	1	0.4302
219	47	32.109702	1	35.000000	29.701178	2	0.789528	4	2	1	2	2	1.0850
220	48	32.109702	1	35.000000	30.177091	1	0.761020	7	2	1	1	1	0.7623
221	49	32.109702	1	35.000000	29.075442	1	0.986934	3	2	1	1	1	0.5634
222	50	32.109702	1	35.000000	28.399714	1	1.204472	3	2	1	2	2	0.4360
223	51	32.109702	1	35.000000	30.265929	1	0.922338	2	3	1	2	2	1.2056
224	52	32.109702	1	35.000000	29.420025	1	0.708670	8	5	2	1	1	1.0805
225	53	32.109702	1	35.000000	30.501509	1	0.660621	6	7	1	2	2	0.6420
226	54	32.109702	1	35.000000	30.492227	1	0.688094	4	3	1	1	1	0.8926
227	55	32.109702	2	35.000000	36.112085	1	0.680900	6	7	1	2	2	1.0375
228	56	32.109702	1	35.000000	28.383482	2	0.619360	3	2	1	1	1	0.4987
229	57	32.109702	2	35.000000	36.514461	1	0.838484	5	4	2	1	1	2.6288
230	58	32.109702	1	35.000000	28.742658	2	0.761702	5	6	1	1	2	1.0749
231	59	32.109702	1	35.000000	30.654707	1	0.895645	2	6	2	2	1	1.0354
232	60	32.109702	1	35.000000	30.522687	1	0.801276	6	5	1	2	2	1.7611
233	61	32.109702	2	35.000000	34.967216	1	1.345299	3	6	1	1	1	0.7387
234	62	32.109702	2	35.000000	35.433445	2	1.940909	3	6	1	2	2	0.6546
235	63	32.109702	1	35.000000	30.429778	1	1.548068	4	3	1	2	2	0.4614
236	64	32.109702	1	35.000000	30.478878	1	1.874413	5	4	1	2	2	0.6229
237	65	32.109702	1	35.000000	29.750828	2	1.157780	6	7	1	1	1	0.4153
238	66	32.109702	2	35.000000	34.005589	2	1.742490	8	3	1	2	1	2.9284
239	67	32.109702	1	35.000000	30.005637	2	0.720863	4	3	1	1	1	0.3721
240	68	32.109702	1	35.000000	29.434471	1	0.901431	3	6	1	2	2	0.9370
241	69	32.109702	1	35.000000	28.420244	2	0.971217	3	4	1	2	2	0.9642
242	70	32.109702	2	35.000000	35.402902	2	0.908742	8	3	2	1	1	0.3606
243	71	32.109702	2	35.000000	41.741094	2	0.729736	7	3	2	1	1	1.2043
244	72	32.109702	2	35.000000	34.253089	1	0.923429	6	8	1	2	2	0.9747
245	73	32.109702	2	35.000000	41.596347	1	0.767332	5	6	2	2	2	0.5206
246	74	32.109702	2	35.000000	33.933746	2	0.643546	2	3	1	2	2	0.9056
247	75	32.109702	2	35.000000	41.170336	2	0.700958	3	6	2	2	2	0.6089
248	76	32.109702	2	35.000000	40.144235	1	0.960344	6	2	1	2	2	0.8977
249	77	32.109702	1	35.000000	29.965947	2	0.685015	7	4	1	1	1	0.8256
250	78	32.109702	2	35.000000	38.287949	1	0.720541	5	7	1	2	2	0.6034
251	79	32.109702	1	35.000000	29.390667	2	0.667262	8	5	1	1	1	0.8566
252	80	32.109702	1	35.000000	30.082641	2	1.173901	8	7	1	2	1	0.6389
253	81	32.109702	2	35.000000	41.015823	1	1.205204	2	3	1	2	2	0.6608
254	82	32.109702	1	35.000000	28.263826	2	1.033617	5	4	1	2	1	1.1232
255	83	32.109702	2	35.000000	38.202794	2	0.666575	2	3	1	2	1	0.9618
256	84	32.109702	2	35.000000	33.959540	2	1.001370	4	5	1	1	1	0.9370
257	85	32.109702	2	35.000000	35.236589	1	0.987112	5	2	1	1	1	0.6354
258	86	32.109702	1	35.000000	30.063310	2	0.553730	5	3	2	1	1	0.5247
259	87	32.109702	1	35.000000	30.410635	2	0.790683	3	6	1	2	2	0.4792
260	88	32.109702	1	35.000000	30.143249	1	0.835590	2	7	2	2	2	0.7623
261	89	32.109702	2	35.000000	33.529280	1	0.627112	5	3	2	1	1	0.6737
262	90	32.109702	2	35.000000	41.199038	1	0.758497	4	3	1	2	1	1.0104
263	91	32.109702	2	35.000000	33.527402	2	0.935784	3	2	1	1	1	0.5382
264	92	32.109702	1	35.000000	28.975195	1	0.684571	2	3	1	1	1	0.5212
265	93	32.109702	1	35.000000	29.013230	1	0.564176	6	4	1	2	2	0.5176
266	94	32.109702	2	35.000000	38.156901	1	0.608577	5	7	2	2	2	0.5846
267	95	32.109702	2	35.000000	38.945544	2	0.697063	4	7	1	2	2	0.7090
268	96	32.109702	1	35.000000	28.002809	2	0.632473	4	2	2	1	1	0.6791
269	97	32.109702	1	35.000000	28.719971	1	0.539379	7	4	1	1	1	0.4860
270	98	32.109702	1	35.000000	30.324528	2	1.272979	3	2	1	1	1	0.5753
271	99	32.109702	2	35.000000	35.961642	1	0.664418	3	4	2	2	2	1.0137
272	100	32.109702	2	35.000000	40.083816	2	0.780238	2	6	1	2	1	0.4688
273	101	32.109702	1	35.000000	28.744668	2	0.609959	4	2	1	2	1	0.8171
274	102	32.109702	1	35.000000	28.742779	2	0.623915	2	3	1	1	2	2.1673
275	103	32.109702	2	35.000000	41.149465	1	0.719108	3	4	1	2	2	0.8663
276	104	32.109702	1	35.000000	30.135343	1	0.639097	7	5	1	1	1	0.8939
277	105	32.109702	1	35.000000	28.641677	2	1.873127	4	8	1	2	2	0.7495
278	106	32.109702	1	35.000000	29.795090	2	0.647153	3	7	1	2	2	1.0851
279	107	32.109702	2	35.000000	39.686033	1	1.257017	4	6	1	1	1	1.1906
280	108	32.109702	1	35.000000	28.102058	2	0.702300	5	4	2	1	1	0.5543
281	109	32.109702	1	35.000000	30.032083	2	1.139869	5	3	1	1	1	0.8622
282	110	32.109702	2	35.000000	36.749919	1	0.714888	4	3	1	2	2	0.8861
283	111	32.109702	2	35.000000	34.149571	2	0.738477	2	4	1	2	2	0.9328
284	112	32.109702	2	35.000000	33.531580	2	0.799179	8	4	1	2	2	1.1989
285	113	32.109702	1	35.000000	29.390167	2	1.135738	2	3	1	2	1	0.5203
286	114	32.109702	1	35.000000	28.198008	2	0.691539	4	6	1	1	2	1.1599
287	115	32.109702	2	35.000000	38.931639	1	0.554116	6	3	1	2	2	1.1471
288	116	32.109702	1	35.000000	29.198594	1	0.828379	5	7	1	1	1	0.6669
289	117	32.109702	1	35.000000	28.511643	1	0.831922	8	5	1	1	2	0.9665
290	118	32.109702	2	35.000000	41.636200	1	0.760632	7	6	1	1	2	1.0322
291	119	32.109702	2	35.000000	38.785757	1	1.158285	6	4	1	1	2	0.7437
292	120	32.109702	1	35.000000	30.380187	1	0.681289	7	6	1	1	1	0.5037
293	121	32.109702	1	35.000000	28.759651	2	0.689625	4	8	1	2	2	0.6781
294	122	32.109702	2	35.000000	40.369403	1	0.802520	4	5	1	2	2	0.7384
295	123	32.109702	2	35.000000	40.253017	1	0.732592	4	8	1	1	1	0.7832
296	124	32.109702	1	35.000000	30.696353	2	0.823307	4	5	1	1	1	0.3586
297	125	32.109702	2	35.000000	40.639278	2	0.794224	6	5	1	1	1	0.5202
298	126	32.109702	2	35.000000	40.057800	2	0.907180	2	3	1	2	1	0.9590
299	127	32.109702	1	35.000000	29.230534	2	0.745686	3	4	1	2	1	0.8823
300	128	32.109702	2	35.000000	38.912123	2	0.654318	7	2	2	1	2	0.7642
301	129	32.109702	2	35.000000	38.713787	2	0.661272	3	7	2	2	2	0.9463
302	130	32.109702	2	35.000000	38.643041	2	0.675765	4	3	1	1	2	0.8964
303	131	32.109702	2	35.000000	34.838601	2	0.547933	3	4	1	2	2	0.7417
304	132	32.109702	1	35.000000	28.889929	2	0.584120	3	2	2	1	1	0.5128
305	133	32.109702	1	35.000000	28.227305	1	0.619806	8	7	2	1	1	0.8510
306	134	32.109702	2	35.000000	36.017816	2	0.752471	6	8	2	2	2	0.7065
307	135	32.109702	2	35.000000	36.367191	2	0.614027	4	2	1	1	1	0.7273
308	136	32.109702	2	35.000000	36.246142	2	0.592114	6	8	1	2	2	0.8082
309	137	32.109702	2	35.000000	38.661373	2	0.919746	3	4	1	2	2	0.9149
310	138	32.109702	1	35.000000	29.174247	2	0.581579	6	5	1	2	1	1.0142
311	139	32.109702	2	35.000000	36.029095	2	0.524926	5	4	1	1	1	0.7763
312	140	32.109702	2	35.000000	36.296474	2	0.874433	3	2	1	1	1	0.6543
313	141	32.109702	2	35.000000	39.480912	2	0.572030	3	4	1	1	1	0.5012
314	142	32.109702	2	35.000000	39.550256	2	0.457031	7	8	1	2	2	0.6710
315	143	32.109702	2	35.000000	33.846245	2	0.603976	3	6	2	2	2	0.4371
316	144	32.109702	1	35.000000	28.480207	2	0.522474	6	4	1	1	1	0.5738
317	145	32.109702	1	35.000000	29.539979	2	0.582836	2	3	2	2	2	0.8634
318	146	32.109702	1	35.000000	29.320603	2	0.574110	6	2	1	2	1	0.8936
319	147	32.109702	2	35.000000	38.950995	2	0.449064	2	8	1	1	2	1.0312
320	148	32.109702	1	35.000000	29.931168	1	0.981278	3	2	2	1	1	0.6718
321	149	32.109702	2	35.000000	41.127908	2	1.250495	5	3	1	2	2	0.7298
322	150	32.109702	1	35.000000	28.200778	2	0.946142	5	7	2	2	2	1.0359
323	151	32.109702	1	35.000000	28.024110	1	1.233892	8	6	2	1	1	1.8481
324	152	32.109702	2	35.000000	37.134260	1	0.804827	7	6	1	2	2	0.8686
325	153	32.109702	2	35.000000	39.307673	1	0.705343	4	2	1	2	2	0.9413
326	154	32.109702	1	35.000000	28.592874	2	1.081385	2	8	1	1	1	0.8037
327	155	32.109702	1	35.000000	28.380768	2	2.107134	7	3	2	1	1	0.4059
328	156	32.109702	1	35.000000	30.264622	2	0.485813	4	2	1	2	1	0.3226
329	157	32.109702	1	35.000000	29.207269	1	0.501856	2	7	1	2	2	0.6338
330	158	32.109702	2	35.000000	37.037252	1	0.544177	3	2	1	1	1	0.6502
331	159	32.109702	1	35.000000	29.397559	2	0.545590	6	4	1	2	1	0.4418
332	160	32.109702	2	35.000000	39.517045	2	0.360368	5	4	1	1	1	0.4499
333	161	32.109702	2	35.000000	37.440475	2	0.503493	5	6	1	2	1	0.3956
334	162	32.109702	1	35.000000	30.398003	2	0.379564	8	7	1	1	1	0.4522
335	163	32.109702	1	35.000000	29.449655	1	0.449965	2	6	1	2	2	0.7921
336	164	32.109702	1	35.000000	30.525242	2	1.208335	2	3	1	1	1	0.3598
337	165	32.109702	1	35.000000	29.333476	2	0.537061	8	6	1	2	1	0.3797
338	166	32.109702	1	35.000000	29.562799	1	0.636270	3	2	1	2	1	0.7227
339	167	32.109702	1	35.000000	30.558654	2	0.477824	2	6	1	1	1	0.3786
340	168	32.109702	2	35.000000	37.928491	2	0.892627	8	4	1	1	2	1.0394
341	169	32.109702	1	35.000000	30.527087	2	1.037449	2	5	1	1	1	0.3958
342	170	32.109702	1	35.000000	30.096843	2	0.899542	7	8	1	2	2	0.5433
343	171	32.109702	1	35.000000	28.937337	2	0.904925	4	7	2	2	2	0.9167
344	172	32.109702	1	35.000000	30.210762	2	0.631567	7	4	1	2	2	1.1263
345	173	32.109702	2	35.000000	38.799516	2	0.376695	5	3	1	1	1	0.6415
346	174	32.109702	1	35.000000	29.873417	2	0.583800	2	6	1	2	2	1.0082
347	175	32.109702	1	35.000000	30.638427	2	0.511913	2	3	1	2	1	0.4512
348	176	32.109702	2	35.000000	37.097786	2	0.368918	5	2	1	1	1	0.7065
349	177	32.109702	2	35.000000	40.676253	2	0.486195	4	8	1	1	1	1.2110
350	178	32.109702	1	35.000000	29.194638	2	0.569370	3	6	1	2	2	0.6107
351	179	32.109702	1	35.000000	30.178546	1	0.601660	2	6	2	2	2	1.0177
352	180	32.109702	2	35.000000	35.802545	2	0.929553	2	5	1	1	1	1.0745
353	181	32.109702	2	35.000000	38.576182	2	0.399490	3	2	1	1	1	0.9271
354	182	32.109702	1	35.000000	29.681809	2	0.433529	2	3	1	2	2	0.8642
355	183	32.109702	2	35.000000	37.193394	1	0.509150	2	3	1	2	2	0.5846
356	184	32.109702	2	35.000000	35.106221	2	0.584822	6	3	1	1	1	0.4256
357	185	32.109702	1	35.000000	29.597662	2	0.792625	8	3	1	1	1	0.3845
358	186	32.109702	1	35.000000	29.936021	1	0.681018	2	4	2	2	2	1.0616
359	187	32.109702	2	35.000000	36.294330	1	0.522239	3	5	1	1	1	0.3495
360	188	32.109702	1	35.000000	29.007636	2	0.335441	2	4	1	1	1	0.2663
361	189	32.109702	2	35.000000	40.829528	2	0.887634	3	5	1	1	1	0.3481
362	190	32.109702	2	35.000000	37.760947	2	0.325856	4	8	1	2	2	1.0088
363	191	32.109702	2	35.000000	37.752734	2	0.480112	3	2	1	2	2	0.4288
364	192	32.109702	1	35.000000	28.614618	2	0.523227	3	6	1	1	1	0.6707
365	193	32.109702	2	35.000000	35.787344	2	0.691549	5	6	1	2	2	0.8882
366	194	32.109702	1	35.000000	29.316972	1	0.732394	8	7	1	2	2	0.9108
367	195	32.109702	1	35.000000	30.038502	1	1.009581	5	3	1	1	1	0.7206
368	196	32.109702	1	35.000000	28.142642	1	0.843451	3	2	1	2	2	1.1693
369	197	32.109702	2	35.000000	38.291741	2	0.545857	2	4	1	1	1	0.5480
370	198	32.109702	1	35.000000	29.474208	2	0.573654	3	4	1	2	2	0.8948
371	199	32.109702	2	35.000000	41.411926	1	0.634293	4	7	1	2	2	0.2970
372	200	32.109702	1	35.000000	29.530283	2	0.628758	6	7	1	1	1	0.3634
373	201	32.109702	1	35.000000	29.006126	2	0.588700	2	3	1	1	1	0.0628
374	202	32.109702	2	35.000000	41.589487	2	0.330601	3	8	1	1	1	0.4615
375	203	32.109702	2	35.000000	38.438697	2	0.386762	5	4	1	2	2	0.8596
376	204	32.109702	1	35.000000	29.926563	2	0.328882	7	5	1	1	1	0.2678
377	205	32.109702	2	35.000000	34.789089	2	0.312964	2	4	1	2	1	0.3246
378	206	32.109702	1	35.000000	29.051922	2	1.415889	5	3	1	1	1	0.2546
379	207	32.109702	2	35.000000	41.274134	1	0.694398	4	7	2	2	2	0.6804
380	208	32.109702	1	35.000000	29.600654	2	0.372595	2	8	1	2	1	0.2782
381	209	32.109702	2	35.000000	36.969106	2	0.458781	5	6	1	2	2	0.8322
382	210	32.109702	2	35.000000	41.944819	1	0.494161	6	4	1	1	2	0.9223
383	211	32.109702	1	35.000000	30.199586	1	1.877192	4	2	1	1	2	0.4329
384	212	32.109702	1	35.000000	29.824784	2	0.375148	2	3	1	2	2	0.5368
385	213	32.109702	1	35.000000	29.677729	2	3.084857	2	4	1	1	1	0.3337
386	214	32.109702	1	35.000000	30.658329	2	0.608389	5	3	2	1	1	0.2724
387	215	32.109702	1	35.000000	28.589061	2	0.605680	3	7	1	2	1	0.1976
388	216	32.109702	2	35.000000	34.420654	2	0.525646	4	3	1	1	1	0.2723
389	217	32.109702	2	35.000000	37.486845	2	0.789437	8	2	1	2	1	0.4141
390	218	32.109702	1	35.000000	28.593062	2	0.397182	5	6	1	1	1	0.2933
391	219	32.109702	2	35.000000	40.696255	2	0.441147	3	4	1	1	1	0.2559
392	220	32.109702	1	35.000000	28.676590	2	0.469801	5	2	1	2	1	0.4114
393	221	32.109702	2	35.000000	35.771766	2	0.434484	5	6	1	1	1	0.5372
394	222	32.109702	1	35.000000	29.222898	1	0.107591	3	7	1	2	1	0.4798
395	223	32.109702	1	35.000000	28.845687	2	0.436493	3	4	1	1	2	2.5252
396	224	32.109702	2	35.000000	40.083449	1	0.604747	3	2	1	1	2	0.3887
397	225	32.109702	1	35.000000	29.059453	1	0.469210	5	4	1	1	2	0.5306
398	226	32.109702	1	35.000000	28.675056	2	0.516870	6	3	1	1	1	0.5923
399	227	32.109702	2	35.000000	36.110795	1	1.088582	5	3	1	2	2	0.4051
400	228	32.109702	1	35.000000	28.069095	2	0.604674	5	6	1	2	1	0.3408
401	229	32.109702	1	35.000000	29.927967	2	0.551260	3	6	1	1	1	1.2654
402	230	32.109702	2	35.000000	34.440588	2	0.357785	4	2	1	1	1	1.9041
403	231	32.109702	2	35.000000	34.918350	2	0.546603	2	4	1	2	2	0.6528
404	232	32.109702	2	35.000000	34.574019	2	0.426358	2	3	1	2	2	0.6170
405	233	32.109702	2	35.000000	36.272849	2	0.440157	5	3	1	2	2	0.7588
406	234	32.109702	1	35.000000	29.355717	2	0.416465	5	7	1	2	2	0.5519
407	235	32.109702	1	35.000000	28.014219	1	0.705590	4	5	1	2	2	1.4135
408	236	32.109702	1	35.000000	29.561161	1	0.419804	5	6	1	2	2	0.7072
409	237	32.109702	2	35.000000	36.745062	1	0.310908	3	7	1	1	2	0.5224
410	238	32.109702	1	35.000000	29.714790	1	0.357321	2	4	1	1	2	0.4955
411	239	32.109702	2	35.000000	39.494684	1	0.307198	4	2	1	1	2	0.4556
412	240	32.109702	2	35.000000	39.829888	1	0.637298	3	5	2	2	2	0.6679
413	241	32.109702	2	35.000000	40.672816	2	0.720877	5	2	1	1	1	0.5162
414	242	32.109702	2	35.000000	36.330070	2	1.151208	3	2	1	2	1	0.8169
415	243	32.109702	2	35.000000	40.184357	2	0.439645	5	3	2	1	2	0.5503
416	244	32.109702	1	35.000000	28.196459	2	0.600131	5	6	1	1	1	0.4801
417	245	32.109702	2	35.000000	36.208996	1	0.836608	7	5	1	2	1	0.7710
418	246	32.109702	1	35.000000	28.836840	2	0.339826	7	8	2	2	1	0.3428
419	247	32.109702	2	35.000000	38.835969	1	0.569307	3	2	1	1	1	0.5465
420	248	32.109702	1	35.000000	29.187476	2	0.508129	4	6	2	2	1	0.2722
421	249	32.109702	2	35.000000	34.033808	1	0.517544	4	2	1	2	2	0.5128
422	250	32.109702	1	35.000000	29.192777	2	0.636139	2	3	1	2	2	0.5785
423	251	32.109702	1	35.000000	28.184972	2	0.410999	2	3	2	2	1	0.3224
424	252	32.109702	1	35.000000	30.148350	2	0.509633	7	6	1	1	1	0.4171
425	253	32.109702	2	35.000000	37.871554	1	0.336142	4	6	1	2	2	0.6270
426	254	32.109702	1	35.000000	29.482023	2	0.497301	3	4	1	2	1	0.3653
427	255	32.109702	2	35.000000	40.660186	2	0.422595	4	2	1	2	1	0.6460
428	256	32.109702	2	35.000000	34.129989	2	0.259662	4	6	1	1	1	0.4654
429	257	32.109702	1	35.000000	28.487883	2	0.342295	4	2	1	2	1	0.3925
430	258	32.109702	2	35.000000	38.958736	2	0.441001	6	4	2	1	2	0.8159
431	259	32.109702	1	35.000000	28.896559	1	0.366641	4	3	1	2	1	0.6481
432	260	32.109702	1	35.000000	30.005570	2	0.701626	6	8	1	2	1	1.5535
433	261	32.109702	2	35.000000	34.896133	2	0.346560	4	6	1	1	1	0.3408
434	262	32.109702	1	35.000000	28.882924	2	0.327258	4	3	1	1	1	0.1862
435	263	32.109702	2	35.000000	36.663848	1	0.386896	4	5	1	2	2	0.0834
436	264	32.109702	2	35.000000	36.589800	2	0.912319	5	2	1	2	1	0.3475
437	265	32.109702	2	35.000000	36.509947	2	0.357297	4	5	1	2	1	0.5740
438	266	32.109702	2	35.000000	41.613142	2	0.328435	3	2	1	2	1	0.3152
439	267	32.109702	2	35.000000	39.241988	2	0.246529	5	7	1	1	1	1.0287
440	268	32.109702	1	35.000000	30.262882	2	0.506710	5	4	1	1	1	0.1189
441	269	32.109702	2	35.000000	38.467568	1	0.354232	6	2	1	2	2	0.3082
442	270	32.109702	2	35.000000	39.730211	1	0.144204	8	3	1	1	2	0.1545
443	271	32.109702	1	35.000000	29.453584	1	0.260610	3	5	1	1	2	1.3862
444	272	32.109702	1	35.000000	28.130490	1	0.465941	5	2	1	1	1	0.4793
445	273	32.109702	2	35.000000	33.674186	1	0.379884	5	8	1	1	2	0.3646
446	274	32.109702	1	35.000000	28.622840	1	0.645694	6	8	1	1	1	0.3717
447	275	32.109702	1	35.000000	30.252263	1	0.788879	5	3	2	1	1	0.4134
448	276	32.109702	1	35.000000	29.440914	1	0.412413	2	3	1	2	2	0.8199
449	277	32.109702	1	35.000000	30.226140	1	0.314735	2	3	1	2	2	0.4863
450	278	32.109702	1	35.000000	30.404282	1	0.586640	5	3	1	2	2	0.4034
451	279	32.109702	2	35.000000	39.553438	1	0.963222	8	2	1	2	2	1.4522
452	280	32.109702	1	35.000000	30.537297	2	0.441354	4	6	1	2	1	0.4720
453	281	32.109702	2	35.000000	41.930193	2	0.549203	2	6	1	1	2	0.8391
454	282	32.109702	1	35.000000	29.366623	2	0.413348	5	6	1	1	1	0.5328
455	283	32.109702	2	35.000000	34.521117	2	0.415101	3	5	2	2	2	0.3587
456	284	32.109702	1	35.000000	29.790556	2	0.504504	6	3	1	1	1	0.2126
457	285	32.109702	2	35.000000	36.645390	2	0.123736	3	2	1	2	1	0.4093
458	286	32.109702	1	35.000000	29.650327	2	0.191211	2	3	1	2	1	0.5042
459	287	32.109702	1	35.000000	28.495847	1	0.356083	8	4	1	1	2	0.1662
460	288	32.109702	1	35.000000	30.367817	1	0.575629	2	3	1	1	2	0.3683
461	289	32.109702	2	35.000000	37.255293	1	1.024839	3	8	1	2	2	0.3684
462	290	32.109702	2	35.000000	38.356833	2	0.385483	5	7	2	2	2	0.8825
463	291	32.109702	2	35.000000	40.857485	2	0.414513	2	3	2	2	2	0.7740
464	292	32.109702	1	35.000000	29.808523	2	0.358855	8	7	1	2	1	0.4804
465	293	32.109702	2	35.000000	39.265699	2	0.356904	6	3	1	1	2	1.2068
466	294	32.109702	2	35.000000	34.375149	2	0.470042	4	3	1	2	1	0.4594
467	295	32.109702	1	35.000000	28.803448	2	0.337378	7	5	1	2	1	0.3801
468	296	32.109702	2	35.000000	34.240569	2	0.484711	6	5	1	1	1	0.5294
469	297	32.109702	1	35.000000	29.678135	2	0.555818	3	6	1	1	1	0.3898
470	298	32.109702	1	35.000000	29.208464	2	0.326319	3	7	1	2	1	0.0972
471	299	32.109702	2	35.000000	40.182961	2	0.445191	5	2	1	2	3	0.0592
472	300	32.109702	2	35.000000	40.534659	2	0.137272	2	7	1	2	2	0.4463
473	301	32.109702	1	35.000000	30.501062	1	0.202077	4	7	1	2	2	0.4024
474	302	32.109702	1	35.000000	28.224055	1	0.522121	3	2	1	1	1	0.0776
475	303	32.109702	2	35.000000	33.573034	1	0.338165	3	8	2	2	2	0.6211
476	304	32.109702	2	35.000000	33.679903	2	0.357946	3	5	1	1	1	0.2882
477	305	32.109702	1	35.000000	29.446612	2	0.266906	2	6	1	2	2	0.4645
478	306	32.109702	1	35.000000	29.867590	1	0.277634	3	2	2	1	1	0.5545
479	307	32.109702	1	35.000000	30.248514	2	0.740051	8	4	1	2	2	0.5509
480	308	32.109702	1	35.000000	30.138913	1	0.352407	7	5	1	2	2	0.3626
481	309	32.109702	1	35.000000	29.413911	1	0.355842	8	2	1	1	2	0.3900
482	310	32.109702	2	35.000000	40.282293	1	0.430388	3	8	1	1	2	0.3431
483	311	32.109702	1	35.000000	28.534408	1	0.935680	3	2	2	1	2	0.2741
484	312	32.109702	1	35.000000	28.857720	2	0.399394	7	5	1	1	1	0.3195
485	313	32.109702	2	35.000000	37.264834	2	0.530771	5	3	1	2	2	0.6855
486	314	32.109702	1	35.000000	30.338307	2	0.545727	6	7	1	1	1	0.2838
487	315	32.109702	2	35.000000	40.636390	2	0.456379	5	4	1	2	1	0.6943
488	316	32.109702	2	35.000000	39.347437	2	1.225886	6	2	1	2	2	0.4882
489	317	32.109702	1	35.000000	29.330273	2	0.348671	2	3	2	2	1	0.2787
490	318	32.109702	2	35.000000	40.294266	2	0.285723	6	3	1	1	1	0.3681
491	319	32.109702	2	35.000000	40.983273	2	0.345288	7	5	1	2	2	0.9009
492	320	32.109702	1	35.000000	29.130955	2	0.422934	4	6	1	1	1	0.8717
493	321	32.109702	1	35.000000	30.017100	2	0.691248	8	4	1	1	1	0.3117
494	322	32.109702	2	35.000000	40.312834	1	0.314954	7	2	1	1	2	0.0627
495	323	32.109702	2	35.000000	41.210735	1	0.484026	5	4	1	1	2	0.7380
496	324	32.109702	2	35.000000	39.573262	2	0.964590	3	2	1	1	1	0.5240
497	325	32.109702	1	35.000000	29.547114	2	0.528905	3	2	1	2	1	0.6659
498	326	32.109702	1	35.000000	28.119966	2	0.766792	7	2	2	1	1	0.4239
499	327	32.109702	1	35.000000	29.402556	2	0.518934	2	4	1	2	1	0.5244
500	328	32.109702	2	35.000000	38.815785	1	0.517418	6	4	1	1	1	1.1289
501	329	32.109702	2	35.000000	34.916274	2	0.466805	5	2	1	2	1	0.8080
502	330	32.109702	2	35.000000	34.651469	2	0.687652	2	4	1	1	2	0.6923
503	331	32.109702	1	35.000000	28.510781	1	0.432557	4	3	1	1	1	0.9114
504	332	32.109702	1	35.000000	29.893462	2	0.650057	2	3	1	2	2	0.7840
505	333	32.109702	1	35.000000	29.534465	2	0.680141	2	3	2	2	1	0.4847
506	334	32.109702	1	35.000000	29.891415	2	1.337197	5	2	1	1	1	1.0192
507	335	32.109702	1	35.000000	30.312131	2	1.673970	2	3	1	1	1	1.6385
508	336	32.109702	1	35.000000	29.228736	2	0.444000	8	4	1	2	1	0.3703
509	337	32.109702	2	35.000000	37.576496	2	0.427405	3	8	1	2	2	0.9059
510	338	32.109702	1	35.000000	29.588261	2	0.471200	7	3	2	1	1	0.4270
511	339	32.109702	2	35.000000	39.494582	2	0.329388	3	6	2	2	2	0.7963
512	340	32.109702	1	35.000000	28.032782	2	0.635824	6	5	1	1	2	0.8744
