1	1	89.331173	1	91.000000	85.141541	2	2.418790	3	4	1	2	0	0.0000
2	2	89.331173	2	91.000000	95.136745	2	2.074783	8	5	1	2	0	0.0000
3	3	89.331173	2	91.000000	91.907686	2	0.987290	3	2	1	1	0	0.0000
4	4	89.331173	1	91.000000	87.219482	2	0.767743	5	8	1	1	0	0.0000
5	5	89.331173	1	91.000000	84.341519	2	0.652921	4	6	2	2	0	0.0000
6	6	89.331173	1	91.000000	85.966284	1	0.510922	5	2	1	1	0	0.0000
7	7	89.331173	2	91.000000	93.841313	1	1.550324	5	4	1	2	0	0.0000
8	8	89.331173	2	91.000000	94.675316	2	0.451802	8	7	1	1	0	0.0000
9	9	89.331173	2	91.000000	94.270923	2	0.717688	7	5	1	1	0	0.0000
10	10	89.331173	1	91.000000	85.498027	1	2.933238	2	6	1	1	0	0.0000
11	11	89.331173	2	91.000000	94.282745	1	2.210117	4	2	1	1	0	0.0000
12	12	89.331173	1	91.000000	86.773340	2	0.598711	8	6	1	2	0	0.0000
13	13	89.331173	2	91.000000	92.567346	2	1.818826	4	3	2	1	0	0.0000
14	14	89.331173	1	91.000000	85.092570	2	0.699646	5	7	1	1	0	0.0000
15	15	89.331173	2	91.000000	94.453611	1	0.371294	5	2	1	1	0	0.0000
16	16	89.331173	1	91.000000	87.026493	2	0.513942	5	3	1	1	0	0.0000
17	17	89.331173	2	91.000000	96.595198	2	1.056364	2	7	1	1	0	0.0000
18	18	89.331173	1	91.000000	85.015869	4	6.210165	4	7	1	2	0	0.0000
19	19	89.331173	1	91.000000	85.106835	1	0.910170	2	4	1	2	0	0.0000
20	20	89.331173	1	91.000000	85.259039	1	1.645456	2	5	1	2	0	0.0000
21	21	89.331173	2	91.000000	93.027834	2	1.702578	4	5	1	2	0	0.0000
22	22	89.331173	1	91.000000	86.916168	2	2.485786	2	4	1	2	0	0.0000
23	23	89.331173	1	91.000000	85.649628	1	0.716965	2	3	1	1	0	0.0000
24	24	89.331173	1	91.000000	84.897100	1	0.836472	2	8	1	1	0	0.0000
25	25	89.331173	2	91.000000	97.169458	2	0.830873	2	4	1	1	0	0.0000
26	26	89.331173	2	91.000000	93.372143	2	1.123396	3	2	2	1	0	0.0000
27	27	89.331173	1	91.000000	85.945785	1	0.664286	7	4	1	2	0	0.0000
28	28	89.331173	1	91.000000	87.116243	1	0.945817	4	2	1	1	0	0.0000
29	29	89.331173	2	91.000000	97.702318	2	0.911594	4	3	1	2	0	0.0000
30	30	89.331173	2	91.000000	93.202664	2	1.224482	5	6	1	2	0	0.0000
31	31	89.331173	1	91.000000	85.448973	1	0.753512	7	4	1	1	0	0.0000
32	32	89.331173	1	91.000000	87.901343	1	0.607544	4	3	1	2	0	0.0000
33	1	62.026013	2	63.000000	64.688093	1	4.145711	8	6	2	1	1	3.8280
34	2	62.026013	2	63.000000	68.597551	1	2.588688	7	5	1	1	1	0.6198
35	3	62.026013	1	63.000000	56.477657	2	0.818919	3	4	1	1	1	0.9780
36	4	62.026013	1	63.000000	59.002692	1	3.570122	6	5	1	2	1	1.3931
37	5	62.026013	2	63.000000	66.374023	2	1.440618	5	6	1	2	1	2.3347
38	6	62.026013	2	63.000000	67.143151	2	0.848012	3	5	1	2	2	1.1737
39	7	62.026013	2	63.000000	69.956796	2	1.038245	3	4	1	2	2	2.2286
40	8	62.026013	2	63.000000	69.167713	2	0.809531	2	8	2	2	2	2.6168
41	9	62.026013	2	63.000000	66.847350	1	1.214212	3	4	1	1	1	1.3730
42	10	62.026013	1	63.000000	59.365685	2	1.277620	7	4	1	1	1	1.0496
43	11	62.026013	1	63.000000	59.148065	2	0.910905	2	5	1	1	1	1.8660
44	12	62.026013	2	63.000000	67.553577	1	2.062074	2	7	1	1	2	1.5062
45	13	62.026013	1	63.000000	56.785814	1	0.829052	6	2	1	1	1	1.1338
46	14	62.026013	2	63.000000	65.782726	1	1.951576	5	3	1	1	2	0.9265
47	15	62.026013	2	63.000000	63.585667	2	0.849299	3	6	1	2	2	0.5191
48	16	62.026013	2	63.000000	67.426033	2	1.538124	2	3	1	2	2	0.6761
49	17	62.026013	1	63.000000	59.009597	1	1.889099	4	5	1	2	1	0.8929
50	18	62.026013	1	63.000000	59.724747	1	0.880895	4	7	1	1	1	1.0693
51	19	62.026013	1	63.000000	59.780927	1	1.873880	2	6	1	1	1	1.4863
52	20	62.026013	2	63.000000	66.828922	2	1.601967	3	6	2	2	2	0.6652
53	21	62.026013	2	63.000000	67.438136	2	1.031157	5	3	1	1	1	0.8363
54	22	62.026013	1	63.000000	58.328718	1	1.899736	5	2	1	2	2	0.8775
55	23	62.026013	1	63.000000	58.643397	1	1.609506	7	8	1	1	1	0.5369
56	24	62.026013	2	63.000000	65.674902	1	1.611256	8	4	1	1	1	0.4178
57	25	62.026013	2	63.000000	64.519689	2	1.440617	3	7	2	2	2	0.6710
58	26	62.026013	1	63.000000	56.568313	1	0.731923	3	4	1	2	2	1.2624
59	1	78.929894	1	77.000000	73.986363	1	3.154987	3	7	1	2	0	0.0000
60	2	78.929894	1	77.000000	75.093499	1	0.935081	7	4	1	2	0	0.0000
61	3	78.929894	2	77.000000	80.354969	2	1.109507	3	7	1	1	0	0.0000
62	4	78.929894	2	77.000000	80.929755	1	1.524449	8	6	1	1	0	0.0000
63	5	78.929894	2	77.000000	83.138939	2	0.883187	4	2	1	2	0	0.0000
64	6	78.929894	2	77.000000	81.843677	2	0.691780	2	3	1	1	0	0.0000
65	7	78.929894	2	77.000000	83.626409	2	0.900336	4	5	1	2	0	0.0000
66	8	78.929894	2	77.000000	82.034430	1	1.236272	4	6	2	2	0	0.0000
67	9	78.929894	2	77.000000	81.596343	2	0.638375	2	7	1	1	0	0.0000
68	10	78.929894	1	77.000000	70.188646	2	0.881125	4	2	1	1	0	0.0000
69	11	78.929894	2	77.000000	83.652725	1	0.705542	5	7	1	1	0	0.0000
70	12	78.929894	2	77.000000	81.222804	2	1.897590	6	4	1	2	0	0.0000
71	13	78.929894	1	77.000000	72.395770	1	0.944636	3	5	1	2	0	0.0000
72	14	78.929894	2	77.000000	82.317092	1	0.790460	3	2	1	2	0	0.0000
73	15	78.929894	1	77.000000	71.270143	2	0.498991	2	8	1	1	0	0.0000
74	16	78.929894	1	77.000000	77.255616	1	0.723006	2	3	1	2	0	0.0000
75	17	78.929894	2	77.000000	80.934978	1	1.690386	2	8	1	1	0	0.0000
76	18	78.929894	2	77.000000	80.500598	1	0.634209	7	4	1	1	0	0.0000
77	19	78.929894	1	77.000000	72.347523	1	0.668917	2	8	1	2	0	0.0000
78	20	78.929894	1	77.000000	70.824942	1	0.870348	6	2	1	1	0	0.0000
79	21	78.929894	1	77.000000	74.863231	2	1.191409	3	5	1	2	0	0.0000
80	22	78.929894	1	77.000000	70.482072	1	0.707732	8	7	1	1	0	0.0000
81	23	78.929894	2	77.000000	81.765482	1	1.739593	2	3	1	2	0	0.0000
82	24	78.929894	1	77.000000	76.100810	2	0.699147	6	7	2	2	0	0.0000
83	25	78.929894	2	77.000000	80.834456	3	0.593471	3	4	1	1	0	0.0000
84	26	78.929894	1	77.000000	73.142011	1	0.553276	3	4	1	2	0	0.0000
85	27	78.929894	2	77.000000	83.084273	2	0.679139	5	3	1	1	0	0.0000
86	28	78.929894	1	77.000000	70.433045	1	1.679993	4	3	1	2	0	0.0000
87	29	78.929894	1	77.000000	72.731046	1	1.303852	5	4	1	1	0	0.0000
88	30	78.929894	2	77.000000	81.227810	1	0.887338	3	7	1	2	0	0.0000
89	31	78.929894	2	77.000000	83.344270	1	0.591853	8	4	1	2	0	0.0000
90	32	78.929894	2	77.000000	83.490356	2	0.348731	3	7	1	1	0	0.0000
91	33	78.929894	2	77.000000	81.554047	2	0.714826	7	3	1	2	0	0.0000
92	34	78.929894	2	77.000000	82.993062	2	0.522044	2	7	1	2	0	0.0000
93	35	78.929894	2	77.000000	82.378139	1	0.585463	3	2	1	2	0	0.0000
94	36	78.929894	2	77.000000	82.505085	2	0.526281	6	7	1	2	0	0.0000
95	37	78.929894	2	77.000000	82.339856	2	0.644906	2	4	1	2	0	0.0000
96	38	78.929894	2	77.000000	81.440775	2	0.967038	3	7	2	2	0	0.0000
97	39	78.929894	1	77.000000	70.533245	1	1.012019	4	6	1	2	0	0.0000
98	40	78.929894	2	77.000000	81.977930	2	1.439121	2	3	1	2	0	0.0000
99	41	78.929894	1	77.000000	70.604658	1	0.937216	5	8	1	2	0	0.0000
100	42	78.929894	1	77.000000	76.999466	1	1.159739	5	3	1	2	0	0.0000
101	43	78.929894	1	77.000000	70.841492	1	1.284630	7	4	1	1	0	0.0000
102	44	78.929894	2	77.000000	83.968694	2	1.076773	4	2	2	1	0	0.0000
103	45	78.929894	2	77.000000	83.195820	1	0.677122	4	8	1	1	0	0.0000
104	1	22.007754	1	21.000000	19.079333	1	2.317051	8	5	1	1	1	1.1910
105	2	22.007754	1	21.000000	17.346408	1	0.822850	7	2	1	2	2	0.9980
106	3	22.007754	2	21.000000	27.865724	2	0.589338	8	7	1	2	2	0.8300
107	4	22.007754	2	21.000000	27.686929	2	0.516131	7	4	1	1	1	0.9915
108	5	22.007754	2	21.000000	23.718697	1	0.375582	7	2	1	2	2	1.1524
109	6	22.007754	2	21.000000	26.193776	1	1.393631	8	2	1	2	2	1.0894
110	7	22.007754	1	21.000000	14.965846	3	4.325018	4	5	1	2	1	1.4269
111	8	22.007754	1	21.000000	18.472223	2	1.087470	2	3	1	2	2	0.9958
112	9	22.007754	1	21.000000	18.341630	1	0.467197	3	2	2	1	1	0.9926
113	10	22.007754	1	21.000000	14.131909	2	0.912558	3	2	1	1	1	1.3729
114	11	22.007754	2	21.000000	26.303647	1	1.628168	3	2	1	1	1	1.3219
115	12	22.007754	2	21.000000	26.237585	2	1.844478	6	8	1	1	1	0.4833
116	13	22.007754	1	21.000000	19.722016	1	0.661865	7	3	2	1	1	1.4751
117	14	22.007754	2	21.000000	25.310886	2	1.999514	4	7	1	1	1	1.9745
118	15	22.007754	1	21.000000	18.521103	2	1.862191	4	2	1	2	2	1.4507
119	16	22.007754	1	21.000000	19.234202	1	2.183781	2	4	1	2	2	0.8631
120	17	22.007754	1	21.000000	16.729428	1	0.851928	8	7	1	2	2	1.1777
121	18	22.007754	2	21.000000	27.793975	2	0.969643	8	6	1	2	2	0.7707
122	19	22.007754	2	21.000000	24.290796	1	1.851559	3	7	1	2	2	0.5924
123	20	22.007754	2	21.000000	23.753428	1	1.922645	5	2	2	1	1	0.6289
124	21	22.007754	2	21.000000	24.482720	2	1.905100	6	7	1	2	2	0.7006
125	22	22.007754	1	21.000000	18.657679	2	1.344175	2	4	1	2	2	1.6656
126	23	22.007754	2	21.000000	24.181178	1	2.237697	3	5	1	1	2	1.2511
127	24	22.007754	1	21.000000	20.344603	2	2.536240	2	5	1	2	2	0.5695
128	25	22.007754	1	21.000000	19.884838	1	1.626462	7	8	1	2	2	1.4963
129	26	22.007754	2	21.000000	26.610295	2	4.843258	3	2	1	1	1	0.7027
130	27	22.007754	2	21.000000	27.581423	1	2.818382	4	5	1	1	1	1.6239
131	28	22.007754	1	21.000000	18.185275	2	3.518119	4	2	1	1	1	0.4552
132	29	22.007754	1	21.000000	16.192547	1	2.876929	8	2	2	1	1	0.8327
133	30	22.007754	2	21.000000	24.539278	1	3.462755	4	2	1	1	1	0.5937
134	31	22.007754	2	21.000000	24.421743	1	1.065561	8	5	2	1	1	0.7665
135	32	22.007754	1	21.000000	15.418386	2	1.055313	5	7	1	1	1	2.4769
136	33	22.007754	2	21.000000	24.304473	2	0.872652	5	6	1	1	1	0.7036
137	34	22.007754	1	21.000000	14.466030	1	3.209300	4	3	1	2	2	1.0552
138	35	22.007754	1	21.000000	14.085944	2	1.164472	2	4	1	1	1	1.4053
139	36	22.007754	2	21.000000	26.950614	2	0.756484	3	2	1	1	2	0.8864
140	37	22.007754	2	21.000000	25.400872	1	2.194363	2	5	1	1	1	0.8813
141	38	22.007754	2	21.000000	26.065129	1	1.029345	3	2	1	2	2	0.7557
142	39	22.007754	2	21.000000	27.302235	1	1.653258	2	3	1	2	2	0.6764
143	40	22.007754	1	21.000000	16.368603	2	1.087451	5	3	1	2	2	0.7795
144	41	22.007754	1	21.000000	15.246293	1	1.195774	5	7	1	2	2	0.8673
145	42	22.007754	1	21.000000	18.095955	1	1.184145	4	3	1	2	2	0.7704
146	43	22.007754	2	21.000000	27.663768	1	0.953326	6	3	1	1	1	0.7869
147	44	22.007754	2	21.000000	27.747779	2	0.475008	7	8	1	1	2	1.0817
148	45	22.007754	2	21.000000	25.114070	2	0.764603	2	4	1	1	1	0.6378
149	46	22.007754	1	21.000000	19.394153	1	0.612045	3	2	1	2	2	1.0022
150	47	22.007754	2	21.000000	26.518258	1	0.930707	2	3	1	1	2	1.2289
151	48	22.007754	1	21.000000	16.629474	1	0.378883	3	5	1	1	1	1.0839
152	49	22.007754	1	21.000000	14.208213	1	0.663698	5	7	2	2	2	1.2929
153	50	22.007754	2	21.000000	24.635883	1	1.128676	3	4	1	1	1	1.2830
154	51	22.007754	2	21.000000	24.058223	2	1.550842	3	2	2	1	1	0.8081
155	52	22.007754	2	21.000000	25.317949	1	2.511583	3	4	1	1	1	1.1774
156	53	22.007754	1	21.000000	15.743853	2	1.419192	8	3	1	2	1	1.7041
157	54	22.007754	2	21.000000	26.827527	2	0.786405	2	5	1	2	2	0.6911
158	55	22.007754	2	21.000000	27.802171	2	2.831731	5	2	1	1	2	1.2846
159	56	22.007754	1	21.000000	18.753372	1	1.464480	8	5	1	2	2	0.7329
160	57	22.007754	1	21.000000	14.953515	1	0.959224	2	3	2	2	2	1.0403
161	58	22.007754	1	21.000000	18.525701	2	1.366337	4	5	1	1	1	0.7351
162	59	22.007754	2	21.000000	27.371478	1	0.801246	7	3	2	1	2	0.7930
163	60	22.007754	1	21.000000	20.460916	2	2.769095	8	7	1	2	2	1.6170
164	61	22.007754	1	21.000000	18.453921	1	1.304970	7	8	1	2	2	1.1705
165	62	22.007754	2	21.000000	27.074882	2	1.197106	3	2	1	2	2	1.1005
166	63	22.007754	2	21.000000	26.922962	1	1.269971	2	7	1	2	1	0.8427
167	64	22.007754	1	21.000000	19.417706	2	0.544951	6	3	2	1	1	0.5230
168	65	22.007754	2	21.000000	24.319886	1	0.798179	3	5	1	1	1	0.8778
169	66	22.007754	1	21.000000	14.131078	2	0.913973	3	2	2	1	2	0.5731
170	67	22.007754	2	21.000000	26.521416	1	1.285999	3	2	1	1	1	0.5462
171	68	22.007754	1	21.000000	20.065643	2	0.803865	3	4	2	2	2	1.4838
172	69	22.007754	1	21.000000	20.439394	3	1.447463	4	2	1	2	1	0.9383
173	70	22.007754	1	21.000000	15.806506	1	1.234496	3	8	1	2	2	0.9845
174	71	22.007754	1	21.000000	17.356946	1	1.873462	3	2	2	1	2	0.8131
175	72	22.007754	1	21.000000	17.094049	2	1.675819	3	2	1	2	2	1.5042
176	73	22.007754	2	21.000000	27.204919	1	0.939311	8	5	1	1	1	0.5498
177	74	22.007754	2	21.000000	23.836648	1	1.375395	3	4	1	1	2	0.8162
178	75	22.007754	1	21.000000	16.137555	1	1.126996	4	3	1	2	2	0.4492
179	76	22.007754	1	21.000000	16.378932	1	3.664801	2	7	1	2	2	0.7620
180	77	22.007754	1	21.000000	19.650802	2	1.922805	3	6	1	1	1	1.3013
181	78	22.007754	1	21.000000	17.905291	1	0.592202	5	7	2	2	2	0.8243
182	79	22.007754	2	21.000000	24.304621	1	3.839100	5	7	1	2	2	0.8914
183	80	22.007754	1	21.000000	20.337718	2	0.479418	2	5	1	2	2	0.5000
184	81	22.007754	1	21.000000	17.418341	1	0.591950	7	4	1	2	2	0.9686
185	82	22.007754	2	21.000000	24.927105	2	0.449294	6	8	1	2	2	0.9114
186	83	22.007754	1	21.000000	19.604430	1	1.058156	8	4	2	1	1	0.9198
187	84	22.007754	1	21.000000	14.206463	1	1.266452	2	3	1	1	1	0.6954
188	85	22.007754	1	21.000000	19.538592	1	0.834855	2	3	1	1	1	0.7133
189	86	22.007754	2	21.000000	24.166719	1	1.044258	2	3	1	2	2	0.7780
190	87	22.007754	2	21.000000	25.426038	1	0.578055	5	3	1	1	1	0.8428
191	88	22.007754	2	21.000000	27.873523	2	0.176852	5	4	1	2	1	4.2339
192	89	22.007754	1	21.000000	20.493148	1	0.453313	5	4	1	1	1	0.9955
193	90	22.007754	2	21.000000	24.772287	1	0.882858	4	2	2	1	1	1.1595
194	91	22.007754	1	21.000000	15.435009	1	1.184529	3	4	2	2	2	0.6567
195	92	22.007754	1	21.000000	17.559548	1	0.958316	3	2	1	2	2	0.5041
196	93	22.007754	2	21.000000	26.123368	2	1.731757	3	2	1	1	1	1.3018
197	94	22.007754	2	21.000000	24.221208	2	1.064613	4	6	2	2	2	1.0138
198	95	22.007754	1	21.000000	15.753169	2	1.508480	3	2	1	2	2	0.9597
199	96	22.007754	1	21.000000	14.037832	1	1.473035	3	2	1	1	1	0.5739
200	97	22.007754	2	21.000000	25.203069	2	2.462788	2	5	2	2	2	0.9867
201	98	22.007754	1	21.000000	16.552052	1	1.946870	2	4	1	2	2	0.8915
202	99	22.007754	1	21.000000	20.107812	1	1.087787	7	2	1	1	1	1.3001
203	100	22.007754	1	21.000000	18.943513	1	2.703228	2	3	1	2	2	0.4736
204	101	22.007754	2	21.000000	26.405067	2	1.054788	8	2	1	1	1	0.8204
205	102	22.007754	1	21.000000	19.650088	2	0.468851	2	4	1	2	1	0.4085
206	103	22.007754	1	21.000000	18.925519	2	0.544384	2	8	1	2	2	0.7784
207	104	22.007754	1	21.000000	20.263303	1	0.770479	4	5	1	2	2	0.7478
208	105	22.007754	2	21.000000	24.071600	1	1.301328	5	6	1	1	1	0.4648
209	106	22.007754	1	21.000000	14.676282	1	2.053796	4	3	1	2	2	1.1226
210	107	22.007754	1	21.000000	16.243555	1	3.325448	4	2	1	2	1	0.6866
211	108	22.007754	1	21.000000	20.022450	1	2.642824	3	4	1	2	2	0.8560
212	109	22.007754	1	21.000000	16.069854	1	3.653433	6	4	1	1	1	0.6731
213	110	22.007754	1	21.000000	16.725598	1	0.821977	6	5	1	1	1	1.0532
214	111	22.007754	2	21.000000	24.468137	2	1.074453	2	7	1	1	2	1.3035
215	112	22.007754	2	21.000000	23.675448	1	0.922551	6	4	1	2	2	0.7095
216	113	22.007754	1	21.000000	20.117577	2	0.643526	3	2	1	2	2	1.3030
217	114	22.007754	2	21.000000	25.986812	2	0.538300	7	4	2	1	1	1.2452
218	115	22.007754	1	21.000000	20.351996	1	0.514272	6	3	1	1	2	0.5894
219	116	22.007754	1	21.000000	20.460530	1	2.717888	2	4	2	2	1	0.3916
220	117	22.007754	1	21.000000	20.067232	1	0.696104	7	2	1	2	2	0.5880
221	118	22.007754	1	21.000000	19.559439	1	0.516447	2	6	1	1	2	1.0796
222	119	22.007754	2	21.000000	26.533156	1	0.899671	3	4	1	2	2	0.7195
223	120	22.007754	1	21.000000	18.682058	1	2.154279	6	2	1	1	1	1.1471
224	121	22.007754	2	21.000000	25.753043	2	1.916523	5	6	2	2	2	1.0947
225	122	22.007754	2	21.000000	24.561167	1	2.617972	2	8	1	1	2	0.7517
226	123	22.007754	2	21.000000	25.319083	1	1.355038	2	6	1	1	1	0.4606
227	124	22.007754	2	21.000000	25.165784	2	1.336536	4	2	1	1	1	0.6505
228	125	22.007754	2	21.000000	24.820187	1	1.824113	7	5	2	1	1	0.4626
229	126	22.007754	1	21.000000	14.820584	2	2.251715	2	3	1	2	3	0.8565
230	127	22.007754	2	21.000000	27.631381	1	0.437810	4	3	1	2	2	1.2207
231	128	22.007754	1	21.000000	19.429426	2	0.347285	2	3	1	2	1	1.2774
232	129	22.007754	2	21.000000	25.912409	2	0.577206	3	2	1	1	2	0.8019
233	130	22.007754	2	21.000000	24.782964	1	0.113229	8	3	1	2	2	1.0369
234	131	22.007754	2	21.000000	23.916162	1	0.524770	8	5	1	1	1	1.3264
235	132	22.007754	2	21.000000	27.703914	2	1.208933	6	4	1	2	2	0.8883
236	133	22.007754	1	21.000000	14.400422	1	0.556497	7	6	1	2	2	1.3345
237	134	22.007754	2	21.000000	24.530876	2	1.520324	3	5	1	2	2	0.7869
238	135	22.007754	2	21.000000	23.508012	2	3.635068	3	2	1	2	1	0.5273
239	136	22.007754	1	21.000000	19.113859	2	0.073714	2	3	1	2	1	0.0315
240	137	22.007754	1	21.000000	17.178356	2	0.462427	3	5	1	2	2	0.4838
241	138	22.007754	1	21.000000	17.097524	1	0.679979	4	3	1	1	1	0.7009
242	139	22.007754	1	21.000000	14.906339	1	1.048403	6	7	2	2	2	0.8941
243	140	22.007754	1	21.000000	14.350202	1	1.017364	4	2	1	1	1	0.9285
244	141	22.007754	2	21.000000	24.739614	2	1.442576	4	7	1	1	1	2.4403
245	142	22.007754	1	21.000000	18.285740	1	1.541287	4	2	1	1	1	0.5913
246	143	22.007754	2	21.000000	24.026584	2	2.927678	5	7	1	1	1	1.0166
247	144	22.007754	1	21.000000	20.465787	1	2.631271	6	3	1	2	2	0.5963
248	145	22.007754	2	21.000000	24.019812	2	1.148030	6	2	1	1	1	0.8854
249	146	22.007754	1	21.000000	14.346702	2	2.913527	7	3	1	1	1	0.8112
250	147	22.007754	1	21.000000	17.611199	1	2.490000	2	5	1	2	2	0.7492
251	148	22.007754	1	21.000000	18.508027	1	1.126779	4	6	1	1	1	0.5931
252	149	22.007754	2	21.000000	27.491167	2	1.192718	2	4	1	2	2	0.7288
253	150	22.007754	2	21.000000	27.027960	3	1.812997	6	4	1	1	1	1.1832
254	151	22.007754	1	21.000000	20.045710	1	1.860997	3	4	1	2	2	0.6175
255	152	22.007754	2	21.000000	23.838096	1	1.090212	3	7	1	2	2	0.6366
256	153	22.007754	1	21.000000	17.326231	2	0.754935	7	3	1	1	1	0.6207
257	154	22.007754	2	21.000000	26.021944	2	1.108102	6	2	2	1	1	0.5514
258	155	22.007754	2	21.000000	26.320633	1	1.521239	3	2	1	2	2	0.7717
259	156	22.007754	1	21.000000	19.882209	2	0.412638	5	6	1	2	1	0.4679
260	157	22.007754	2	21.000000	25.532498	2	2.393283	6	2	2	1	1	0.6487
261	158	22.007754	1	21.000000	15.782135	1	0.494158	5	6	1	1	1	1.8261
262	159	22.007754	2	21.000000	27.578769	1	1.528340	6	8	1	2	2	0.7544
263	160	22.007754	1	21.000000	20.526247	1	1.692253	7	3	1	1	2	0.7997
264	161	22.007754	2	21.000000	27.358565	1	0.359153	4	2	1	1	2	0.6887
265	162	22.007754	1	21.000000	15.146213	1	0.692799	6	3	1	2	2	1.2986
266	163	22.007754	1	21.000000	16.465365	1	1.851965	3	2	1	1	1	0.8488
267	164	22.007754	1	21.000000	19.823517	1	1.094415	2	3	2	2	2	1.8421
268	165	22.007754	1	21.000000	19.169683	4	10.407394	3	2	1	1	3	0.8141
269	166	22.007754	1	21.000000	14.019341	1	0.115176	8	6	1	1	1	0.4868
270	167	22.007754	2	21.000000	26.490997	1	0.059050	2	6	2	2	2	0.3049
271	168	22.007754	1	21.000000	20.382742	1	0.013157	3	2	1	2	2	0.6685
272	169	22.007754	1	21.000000	17.854253	2	0.417474	2	3	1	1	1	0.9529
273	170	22.007754	1	21.000000	16.140330	1	0.594442	6	3	1	1	1	1.2903
274	171	22.007754	2	21.000000	24.060532	1	1.854104	8	6	1	1	1	0.2032
275	172	22.007754	2	21.000000	26.746569	1	0.339142	5	2	1	1	2	0.3820
276	173	22.007754	2	21.000000	25.825342	2	0.390591	2	4	1	2	2	0.4392
277	174	22.007754	2	21.000000	23.545325	2	0.471541	4	5	2	2	1	0.4592
278	175	22.007754	1	21.000000	16.093673	2	0.792962	8	4	1	2	1	0.2727
279	176	22.007754	1	21.000000	14.185070	2	0.039828	5	3	1	1	1	0.5589
280	177	22.007754	1	21.000000	18.172333	2	0.366982	2	7	1	1	1	0.1843
281	178	22.007754	2	21.000000	23.724919	1	0.329023	4	2	1	2	2	0.6519
282	179	22.007754	2	21.000000	24.910196	1	0.817472	7	2	1	1	1	0.3766
283	180	22.007754	2	21.000000	23.988699	2	0.681074	5	3	1	1	1	0.5576
284	181	22.007754	1	21.000000	16.066416	2	2.999459	6	3	1	2	2	0.4856
285	182	22.007754	1	21.000000	17.003823	2	0.353893	5	7	1	2	1	0.3419
286	183	22.007754	1	21.000000	18.009427	2	0.046651	4	3	1	2	1	0.3171
287	184	22.007754	1	21.000000	15.406160	2	0.016274	6	7	1	2	2	0.0320
288	185	22.007754	1	21.000000	17.618944	1	0.430883	8	6	1	2	2	0.8936
289	186	22.007754	1	21.000000	15.872099	2	0.432995	2	3	1	2	1	0.4237
290	187	22.007754	1	21.000000	20.478314	3	0.710960	7	6	1	2	1	2.3257
291	188	22.007754	1	21.000000	14.591454	2	0.120906	3	4	1	1	1	0.3073
292	189	22.007754	2	21.000000	24.056417	2	0.303272	2	4	1	2	2	1.8514
293	190	22.007754	1	21.000000	17.095703	1	2.224082	6	5	1	2	2	0.6462
294	191	22.007754	2	21.000000	23.788983	2	1.435715	5	3	1	2	2	0.5217
295	192	22.007754	2	21.000000	25.194891	1	2.964883	3	2	1	1	1	0.6764
296	193	22.007754	2	21.000000	23.802088	2	0.353124	2	7	1	2	2	0.5395
297	194	22.007754	2	21.000000	23.531283	1	0.629662	4	2	1	1	2	0.3244
298	195	22.007754	2	21.000000	23.786848	1	0.191635	8	3	2	1	2	0.3606
299	196	22.007754	2	21.000000	24.392364	1	0.065838	5	2	1	2	2	0.2337
300	197	22.007754	2	21.000000	27.493748	1	0.062097	3	2	1	1	2	0.2839
301	198	22.007754	2	21.000000	23.654729	1	1.450160	4	3	1	1	1	0.3258
302	199	22.007754	2	21.000000	26.595313	1	2.808968	6	4	1	1	2	0.2473
303	200	22.007754	1	21.000000	15.605635	1	0.493209	3	6	1	2	1	0.4013
304	201	22.007754	2	21.000000	24.177714	2	0.177159	2	4	1	2	2	0.7160
305	202	22.007754	1	21.000000	18.079287	2	0.412996	7	4	1	2	1	0.5005
306	203	22.007754	2	21.000000	25.441570	2	0.007979	3	4	1	1	2	0.6487
307	204	22.007754	2	21.000000	27.917752	1	1.494172	7	4	1	1	2	0.5216
308	205	22.007754	1	21.000000	14.058226	1	0.012468	4	3	1	2	1	0.6044
309	206	22.007754	1	21.000000	19.656638	2	0.051990	3	6	1	1	1	0.0422
310	207	22.007754	2	21.000000	27.088106	1	0.097314	2	5	2	2	1	0.0934
311	208	22.007754	2	21.000000	27.985087	1	0.137375	4	7	1	2	1	0.1725
312	209	22.007754	1	21.000000	18.796210	1	0.053891	8	3	1	2	1	0.1801
313	210	22.007754	1	21.000000	19.405776	1	0.036780	5	4	2	1	2	0.2082
314	211	22.007754	2	21.000000	23.837554	2	0.492090	5	2	1	1	2	0.6167
315	212	22.007754	2	21.000000	27.812784	1	0.377517	4	2	1	1	1	0.5144
316	213	22.007754	2	21.000000	24.514821	1	0.803670	4	7	1	1	2	0.5014
317	214	22.007754	1	21.000000	15.105776	1	0.239011	2	3	2	2	1	0.5902
318	215	22.007754	2	21.000000	25.959241	2	0.702488	4	3	1	2	2	3.2344
319	216	22.007754	2	21.000000	25.992503	1	1.110662	2	4	1	2	2	1.2176
320	217	22.007754	2	21.000000	25.482364	1	0.744155	3	2	1	2	2	0.9378
321	218	22.007754	1	21.000000	15.192433	2	0.222014	5	6	1	2	1	0.2695
322	219	22.007754	2	21.000000	26.607356	2	0.512862	3	7	2	2	1	0.3723
323	220	22.007754	1	21.000000	15.673451	2	0.429461	8	4	2	1	1	0.2763
324	221	22.007754	1	21.000000	15.368018	1	2.112613	8	7	1	2	2	1.2669
325	222	22.007754	1	21.000000	17.954394	1	0.015613	2	8	1	2	2	0.5050
326	223	22.007754	1	21.000000	16.923249	1	1.059077	2	5	1	1	1	0.4567
327	224	22.007754	1	21.000000	14.462045	1	1.270418	2	8	1	2	2	0.6192
328	225	22.007754	1	21.000000	20.548344	1	0.706185	4	2	1	2	2	0.4222
329	226	22.007754	2	21.000000	27.746845	2	1.461329	7	4	1	2	2	0.4579
330	227	22.007754	1	21.000000	18.197579	1	0.975735	4	5	1	2	1	0.6249
331	228	22.007754	2	21.000000	27.693507	2	0.097497	7	2	1	1	1	0.3740
332	229	22.007754	1	21.000000	15.801399	2	1.549192	2	8	1	1	1	0.6224
333	230	22.007754	2	21.000000	27.577427	2	0.085462	7	5	1	2	2	1.7384
334	231	22.007754	2	21.000000	25.133629	2	0.180071	4	7	1	1	1	0.6208
335	232	22.007754	1	21.000000	19.137815	1	0.483985	2	6	1	2	2	0.6007
336	233	22.007754	1	21.000000	14.291757	2	1.664488	2	3	2	2	2	0.3889
337	234	22.007754	1	21.000000	15.742307	1	0.317299	8	6	2	1	1	0.8170
338	235	22.007754	1	21.000000	18.927381	1	0.671715	5	3	1	1	2	0.2690
339	236	22.007754	2	21.000000	25.788465	3	0.134330	6	5	1	2	3	0.0853
340	237	22.007754	1	21.000000	14.060197	2	1.253751	5	2	1	1	1	0.2672
341	238	22.007754	2	21.000000	26.706114	1	0.072298	4	6	1	1	1	0.5580
342	239	22.007754	2	21.000000	24.574770	2	1.016100	5	6	1	1	1	0.4547
343	240	22.007754	2	21.000000	23.705441	1	0.332607	2	3	1	1	2	0.4555
344	241	22.007754	1	21.000000	17.964970	1	0.269408	5	2	1	1	1	0.8060
345	242	22.007754	2	21.000000	27.239159	1	0.298482	3	2	1	1	2	0.7027
346	243	22.007754	1	21.000000	17.888652	1	0.306061	8	3	1	2	2	1.2702
347	244	22.007754	2	21.000000	27.285936	2	0.378913	3	4	1	1	1	2.2118
348	245	22.007754	1	21.000000	16.034302	1	1.281402	6	7	1	2	1	0.5014
349	246	22.007754	2	21.000000	27.474199	1	0.529105	3	6	2	2	2	0.5479
350	247	22.007754	1	21.000000	14.045965	1	0.093703	7	2	1	2	2	0.3781
351	248	22.007754	1	21.000000	14.334906	2	0.458590	4	5	1	2	2	0.3526
352	249	22.007754	1	21.000000	14.158278	1	0.290428	3	4	1	1	2	0.4073
353	250	22.007754	1	21.000000	17.353758	1	0.351098	2	3	1	1	2	0.5135
354	251	22.007754	2	21.000000	27.720709	1	0.060291	3	2	1	1	2	1.0421
355	252	22.007754	2	21.000000	25.784105	1	0.384049	3	2	1	2	2	1.4009
356	253	22.007754	1	21.000000	19.487013	1	1.895990	3	2	1	2	2	1.6989
357	254	22.007754	2	21.000000	26.251962	1	0.941749	2	7	1	2	2	0.2803
358	255	22.007754	2	21.000000	27.613987	1	0.548848	3	2	1	1	1	0.3207
359	256	22.007754	2	21.000000	25.529381	1	0.145951	5	8	1	1	2	0.3885
360	257	22.007754	1	21.000000	14.882396	1	2.596848	2	3	2	2	3	0.4113
361	258	22.007754	1	21.000000	19.227716	1	1.186352	2	3	1	2	3	0.8827
362	259	22.007754	1	21.000000	17.832118	2	0.494797	8	2	1	1	1	1.2187
363	260	22.007754	2	21.000000	24.581740	1	0.449356	8	7	1	2	2	0.9114
364	261	22.007754	2	21.000000	27.313746	1	0.274224	4	3	1	1	1	0.5758
365	262	22.007754	2	21.000000	26.126425	2	0.360777	2	4	1	1	1	0.9864
366	263	22.007754	2	21.000000	23.941233	2	0.394491	8	2	2	1	1	0.8904
367	264	22.007754	2	21.000000	23.409870	2	0.374496	2	3	1	2	1	0.8642
368	265	22.007754	2	21.000000	26.347072	2	0.140871	6	2	1	2	1	2.5119
369	266	22.007754	1	21.000000	20.578804	2	0.673400	8	2	1	1	1	0.3990
370	267	22.007754	1	21.000000	18.877817	1	0.654419	7	8	1	1	1	0.5005
371	268	22.007754	1	21.000000	17.334963	1	1.216191	3	2	1	2	2	0.4631
372	269	22.007754	1	21.000000	16.608585	2	1.380211	8	5	1	2	2	0.3802
373	270	22.007754	2	21.000000	27.957817	1	0.884609	6	4	1	2	2	0.5370
374	271	22.007754	1	21.000000	19.439904	1	0.531533	4	2	1	2	2	1.1201
375	272	22.007754	2	21.000000	26.299813	2	0.442393	3	7	1	1	1	1.3435
376	273	22.007754	2	21.000000	23.898389	1	0.417286	5	4	1	2	2	0.3209
377	274	22.007754	2	21.000000	26.790266	1	0.323823	3	4	1	2	2	0.3115
378	275	22.007754	1	21.000000	14.396618	2	0.314813	6	7	1	1	1	0.3743
379	276	22.007754	1	21.000000	17.874299	2	0.255444	2	3	1	1	1	0.8137
380	277	22.007754	2	21.000000	27.267648	1	0.612475	7	8	1	1	1	0.5639
381	278	22.007754	1	21.000000	19.063664	2	0.516868	3	2	1	1	2	0.0399
382	279	22.007754	1	21.000000	18.035727	2	0.574981	8	7	1	1	1	0.3044
383	280	22.007754	2	21.000000	26.304811	1	0.148215	5	3	1	1	2	0.2546
384	281	22.007754	1	21.000000	18.705617	1	0.388540	2	5	1	1	2	0.4772
385	282	22.007754	2	21.000000	24.448902	1	0.113734	2	3	1	1	2	0.1413
386	283	22.007754	1	21.000000	18.224339	1	0.359959	2	5	1	1	1	0.4095
387	284	22.007754	2	21.000000	27.608944	1	0.369388	5	2	1	1	1	0.5789
388	285	22.007754	2	21.000000	26.331529	1	1.475295	4	8	2	2	2	0.6319
389	286	22.007754	2	21.000000	24.353004	2	0.686051	6	7	1	2	2	0.6428
390	287	22.007754	1	21.000000	19.036955	2	0.441102	4	6	1	1	1	0.3439
391	288	22.007754	2	21.000000	24.417226	1	0.061812	3	2	1	2	2	0.4714
392	289	22.007754	2	21.000000	26.866033	2	0.590338	2	5	1	1	1	0.4052
393	290	22.007754	2	21.000000	26.078583	1	0.445030	7	8	2	2	2	0.3232
394	291	22.007754	1	21.000000	14.930888	1	0.134291	2	4	2	2	2	0.4174
395	292	22.007754	2	21.000000	26.900118	2	0.280505	2	3	1	1	1	0.5013
396	293	22.007754	1	21.000000	20.077447	2	0.345091	4	2	2	1	1	0.4032
397	294	22.007754	2	21.000000	23.772405	2	0.091120	7	3	1	2	1	0.9361
398	295	22.007754	2	21.000000	25.838926	2	0.042198	7	4	1	2	2	0.3686
399	296	22.007754	1	21.000000	14.805721	1	1.337755	2	7	2	2	2	1.6839
400	297	22.007754	2	21.000000	26.830568	2	0.487466	5	7	1	2	2	0.4921
401	298	22.007754	2	21.000000	26.809767	1	0.712570	4	3	1	1	1	0.8117
402	299	22.007754	2	21.000000	23.860491	1	1.546653	5	3	1	1	1	0.5897
403	300	22.007754	2	21.000000	27.310498	2	0.252317	3	4	1	1	1	1.5224
404	301	22.007754	2	21.000000	24.398820	2	0.956724	4	7	1	1	1	0.5502
405	302	22.007754	1	21.000000	19.313304	2	1.448283	2	3	1	2	2	0.7096
406	303	22.007754	2	21.000000	26.066183	1	0.281139	4	3	1	1	2	0.1740
407	304	22.007754	2	21.000000	25.012965	1	0.023128	5	8	1	1	2	0.1610
408	305	22.007754	2	21.000000	26.871104	1	0.282853	8	7	1	2	2	0.4060
409	306	22.007754	2	21.000000	24.533483	1	2.085857	5	2	1	2	2	0.4252
410	307	22.007754	1	21.000000	15.412322	2	0.312389	3	2	2	1	1	0.2280
411	308	22.007754	1	21.000000	15.573202	2	0.450602	3	2	1	2	1	0.2247
412	309	22.007754	2	21.000000	26.649515	2	0.303828	8	3	1	2	1	0.0601
413	310	22.007754	2	21.000000	24.405259	2	0.289630	3	2	1	1	1	0.2065
414	311	22.007754	1	21.000000	16.325256	2	0.022345	5	6	2	2	2	0.8783
415	312	22.007754	1	21.000000	18.396373	1	0.354304	2	4	1	2	2	0.6846
416	313	22.007754	1	21.000000	14.617192	2	0.648805	2	3	1	1	1	0.3429
417	314	22.007754	1	21.000000	18.426807	2	0.289248	2	3	2	2	1	0.4943
418	315	22.007754	1	21.000000	18.799286	1	0.225904	3	4	1	2	2	0.2088
419	316	22.007754	1	21.000000	15.524129	2	0.096674	2	3	1	1	1	0.4612
420	317	22.007754	1	21.000000	18.215047	1	0.835932	2	7	1	2	2	0.5626
421	318	22.007754	2	21.000000	26.135968	2	0.305795	3	5	1	2	1	0.5659
422	319	22.007754	2	21.000000	23.677526	2	0.398819	2	3	1	2	1	0.3751
423	320	22.007754	1	21.000000	15.206017	2	0.288207	5	4	1	2	3	0.3010
424	321	22.007754	1	21.000000	20.065074	1	0.321137	8	6	1	1	2	0.5007
425	322	22.007754	1	21.000000	16.897929	1	0.336201	8	7	1	2	2	0.6432
426	323	22.007754	1	21.000000	14.634315	2	1.600754	3	2	1	2	1	0.2100
427	324	22.007754	1	21.000000	20.361412	1	0.423947	6	4	1	1	1	0.5035
428	325	22.007754	1	21.000000	19.569876	2	0.563347	4	2	1	2	2	0.2365
429	326	22.007754	2	21.000000	23.667061	1	0.307106	7	4	1	2	2	0.3114
430	327	22.007754	2	21.000000	25.495563	1	0.426682	4	2	1	2	2	1.4172
431	328	22.007754	1	21.000000	20.591801	1	0.311747	4	2	1	1	1	0.8192
432	329	22.007754	1	21.000000	20.366254	1	2.146162	5	7	1	2	3	0.6669
433	330	22.007754	1	21.000000	18.404640	1	0.159838	5	3	2	1	1	0.9455
434	331	22.007754	1	21.000000	14.931088	1	0.154891	4	2	2	1	1	0.5332
435	332	22.007754	2	21.000000	24.989990	1	1.087590	3	6	1	1	1	0.4919
436	333	22.007754	1	21.000000	16.991655	1	0.736299	6	8	1	2	2	0.5067
437	334	22.007754	2	21.000000	26.345138	2	0.574595	4	5	1	2	2	1.0640
438	335	22.007754	1	21.000000	16.868892	2	0.268554	4	8	1	1	2	0.6980
439	336	22.007754	2	21.000000	27.211468	1	1.013659	3	6	2	2	2	0.5567
440	337	22.007754	2	21.000000	25.159735	1	0.302521	5	6	1	1	2	0.1307
441	338	22.007754	2	21.000000	23.884185	1	0.421237	5	2	2	1	2	0.1888
442	339	22.007754	1	21.000000	17.689913	1	0.373465	8	4	2	1	1	0.4870
443	340	22.007754	1	21.000000	19.024485	1	0.387345	4	3	1	2	2	0.2921
444	341	22.007754	2	21.000000	24.593985	1	0.400840	7	5	2	1	2	0.2488
445	342	22.007754	2	21.000000	27.947542	1	0.502852	2	3	1	2	2	0.1469
446	343	22.007754	2	21.000000	27.510566	2	1.172857	4	8	1	1	1	0.5976
447	344	22.007754	1	21.000000	14.354635	2	0.053172	6	4	1	1	1	0.2198
448	345	22.007754	1	21.000000	14.684486	3	1.867203	2	3	1	1	2	0.3389
449	346	22.007754	2	21.000000	26.331007	1	0.117606	6	2	2	1	2	1.6572
450	347	22.007754	1	21.000000	20.374246	1	1.238182	6	5	2	1	2	0.3805
451	348	22.007754	1	21.000000	16.088317	1	0.372834	8	4	1	1	1	0.6305
452	349	22.007754	1	21.000000	14.984004	2	0.036614	5	6	1	1	1	0.7730
453	350	22.007754	2	21.000000	24.768676	1	0.612671	3	2	1	2	2	0.6280
454	351	22.007754	2	21.000000	26.010120	2	0.762126	6	8	1	1	1	1.1955
455	352	22.007754	1	21.000000	18.449307	1	0.930737	4	3	1	1	1	1.0290
456	353	22.007754	2	21.000000	23.674955	1	1.211067	4	5	1	2	2	0.7459
457	354	22.007754	1	21.000000	19.328403	2	0.459447	3	2	1	1	1	0.2409
458	355	22.007754	2	21.000000	26.606129	1	0.007385	3	5	2	2	2	0.1198
459	356	22.007754	2	21.000000	26.378757	1	0.275405	4	8	1	1	2	0.3682
460	357	22.007754	2	21.000000	24.257973	2	1.105252	2	3	1	1	2	0.5250
461	358	22.007754	1	21.000000	16.504734	2	0.096160	2	4	1	1	2	0.3083
462	359	22.007754	2	21.000000	23.785588	2	0.064281	6	3	1	1	2	0.4061
463	360	22.007754	1	21.000000	14.827146	2	0.325701	8	3	1	1	1	3.3926
464	361	22.007754	2	21.000000	27.907182	1	0.078832	5	3	1	1	2	2.9240
465	362	22.007754	1	21.000000	17.555431	1	0.373029	7	5	1	2	2	0.5427
466	363	22.007754	2	21.000000	27.853917	2	0.441029	2	4	1	1	1	0.4317
467	364	22.007754	1	21.000000	19.624853	2	0.342174	7	2	1	1	1	0.2564
468	365	22.007754	1	21.000000	14.359912	1	0.046429	8	3	1	2	2	1.2286
469	366	22.007754	2	21.000000	27.685534	1	2.242721	2	7	1	1	2	0.7280
470	367	22.007754	2	21.000000	26.219373	4	5.815294	6	2	1	2	1	0.7378
471	368	22.007754	1	21.000000	19.550166	1	0.532072	4	5	1	1	2	0.3028
472	369	22.007754	2	21.000000	27.389887	1	0.402695	4	2	1	2	2	0.2669
473	370	22.007754	1	21.000000	15.698910	1	0.007994	7	2	2	1	2	0.2645
474	371	22.007754	1	21.000000	16.076893	1	1.437705	3	4	1	1	2	1.5559
475	372	22.007754	1	21.000000	19.039122	1	0.004627	3	4	1	2	2	0.2932
476	373	22.007754	2	21.000000	24.732535	1	1.161180	2	7	1	1	2	0.2340
477	374	22.007754	2	21.000000	26.441770	2	3.472586	2	3	1	2	2	0.4436
478	375	22.007754	2	21.000000	26.779674	1	0.105583	2	6	1	1	2	0.3739
479	376	22.007754	2	21.000000	23.453867	1	0.054898	3	2	1	1	2	0.3816
480	377	22.007754	1	21.000000	19.864812	1	0.117685	3	8	1	2	2	0.4884
481	378	22.007754	1	21.000000	14.334313	2	0.877950	3	8	1	2	2	0.9942
482	379	22.007754	1	21.000000	14.364011	1	0.609878	3	7	1	2	2	0.6572
483	380	22.007754	1	21.000000	15.688383	1	0.462841	4	2	1	1	1	0.7243
484	381	22.007754	2	21.000000	24.656593	1	0.735155	4	2	1	1	1	0.8097
485	382	22.007754	1	21.000000	14.879735	2	0.561096	2	3	1	1	1	1.3466
486	383	22.007754	2	21.000000	26.757976	2	0.347712	4	6	1	2	2	0.5576
487	384	22.007754	1	21.000000	20.581055	2	1.959568	2	7	1	2	1	0.3523
488	385	22.007754	2	21.000000	27.787923	2	0.010149	6	2	1	2	1	0.3560
489	386	22.007754	2	21.000000	23.792432	2	0.099959	6	5	1	2	1	0.4161
490	387	22.007754	2	21.000000	25.114588	2	0.815522	3	2	1	2	1	0.9025
491	388	22.007754	2	21.000000	26.035421	2	0.618094	2	3	2	2	2	1.3852
492	389	22.007754	1	21.000000	19.772257	1	0.425036	2	5	1	1	2	1.7766
493	390	22.007754	2	21.000000	27.638257	1	0.408520	3	2	2	1	2	0.4808
494	391	22.007754	2	21.000000	26.334490	1	0.357162	3	4	1	2	2	0.2392
495	392	22.007754	2	21.000000	25.046125	1	0.517848	6	3	1	1	2	0.3052
496	393	22.007754	2	21.000000	25.081040	2	2.293255	3	4	1	1	2	0.4405
497	394	22.007754	1	21.000000	20.593945	2	0.270991	3	5	2	2	1	0.3246
498	395	22.007754	1	21.000000	15.078574	2	0.367817	3	7	1	1	1	2.9773
499	396	22.007754	1	21.000000	18.994760	1	0.432555	7	2	1	1	1	1.3593
500	397	22.007754	2	21.000000	24.519202	1	0.434244	5	7	1	2	2	0.4070
501	398	22.007754	1	21.000000	20.349632	1	0.326977	4	2	1	2	2	0.8177
502	399	22.007754	2	21.000000	25.227480	1	0.874372	3	4	1	1	2	0.2618
503	400	22.007754	2	21.000000	27.179467	1	0.347009	4	8	1	1	1	1.7089
504	401	22.007754	1	21.000000	19.658184	2	0.488063	2	3	2	2	1	0.2606
505	402	22.007754	2	21.000000	25.278312	2	0.313951	6	5	2	1	2	1.2784
506	403	22.007754	2	21.000000	25.193320	1	0.289321	3	4	1	1	2	2.6862
507	404	22.007754	1	21.000000	16.194418	1	0.138631	3	2	1	1	1	0.8140
508	405	22.007754	1	21.000000	18.182773	2	0.290934	2	3	1	1	1	0.2716
509	406	22.007754	1	21.000000	16.610983	1	0.292911	7	6	1	2	1	0.7293
510	407	22.007754	2	21.000000	25.184571	1	0.403554	3	2	2	1	2	0.4675
511	408	22.007754	2	21.000000	23.844424	1	0.288583	5	4	1	2	2	0.3095
512	409	22.007754	1	21.000000	15.176585	1	0.313287	5	6	2	2	2	0.3588
