1	1	5.825816	2	9.937701	7.000000	1	1.343343	3	4	1	1	0	0.0000
2	2	5.825816	1	1.490097	7.000000	2	2.263243	7	6	1	2	0	0.0000
3	3	5.825816	1	2.918047	7.000000	1	2.786302	6	7	1	2	0	0.0000
4	4	5.825816	2	8.207854	7.000000	1	3.213506	4	5	1	2	0	0.0000
5	5	5.825816	2	10.753422	7.000000	1	3.166813	2	4	1	2	0	0.0000
6	6	5.825816	1	0.083039	7.000000	2	2.594170	2	4	1	1	0	0.0000
7	7	5.825816	1	4.270011	7.000000	1	2.365513	3	8	2	2	0	0.0000
8	8	5.825816	1	2.335809	7.000000	1	2.337356	5	8	1	1	0	0.0000
9	9	5.825816	2	8.536501	7.000000	1	2.390698	5	3	2	1	0	0.0000
10	10	5.825816	2	13.241458	7.000000	2	1.138033	8	5	2	1	0	0.0000
11	11	5.825816	1	3.252656	7.000000	1	1.576594	2	7	1	1	0	0.0000
12	12	5.825816	1	1.644441	7.000000	1	1.053220	5	3	1	1	0	0.0000
13	13	5.825816	2	8.230112	7.000000	2	1.398930	4	3	1	1	0	0.0000
14	14	5.825816	2	12.767613	7.000000	2	0.914268	2	5	1	2	0	0.0000
15	15	5.825816	1	2.067683	7.000000	1	1.069736	3	2	1	2	0	0.0000
16	16	5.825816	1	0.594989	7.000000	1	0.970299	5	4	1	1	0	0.0000
17	17	5.825816	2	11.826657	7.000000	2	0.647560	2	3	2	2	0	0.0000
18	18	5.825816	2	13.911456	7.000000	2	0.641416	4	2	1	2	0	0.0000
19	19	5.825816	1	2.182171	7.000000	1	0.788202	7	3	1	1	0	0.0000
20	20	5.825816	2	13.765500	7.000000	2	0.648957	5	7	1	1	0	0.0000
21	1	90.898637	2	93.026740	91.000000	1	3.674785	3	4	1	2	2	3.3122
22	2	90.898637	1	88.804006	91.000000	2	2.750566	4	5	1	2	4	5.3993
23	3	90.898637	1	87.282974	91.000000	1	3.234984	4	5	2	2	2	1.7678
24	4	90.898637	2	96.024715	91.000000	1	1.279601	5	4	2	1	2	2.3160
25	5	90.898637	1	86.785175	91.000000	2	1.813728	2	6	1	1	1	2.0615
26	6	90.898637	2	93.338410	91.000000	1	1.656046	6	2	1	1	2	3.3254
27	7	90.898637	2	93.819451	91.000000	2	1.102032	4	6	1	1	2	1.2978
28	8	90.898637	2	92.745194	91.000000	2	1.596713	8	3	1	2	2	2.4123
29	9	90.898637	2	93.751824	91.000000	2	1.353674	5	3	1	2	2	1.6671
30	10	90.898637	1	89.112348	91.000000	2	1.103270	6	7	1	1	2	1.2589
31	11	90.898637	1	87.158563	91.000000	2	1.703938	4	5	1	2	2	1.4273
32	12	90.898637	2	93.352554	91.000000	1	4.992757	3	6	1	2	2	1.5263
33	13	90.898637	2	93.547620	91.000000	2	3.232376	3	6	1	1	1	2.5493
34	14	90.898637	1	88.651280	91.000000	2	3.101183	4	8	1	1	2	1.8876
35	15	90.898637	2	96.541750	91.000000	4	5.258640	6	4	2	1	2	1.0498
36	16	90.898637	2	96.048348	91.000000	2	2.838709	3	2	2	1	1	2.7560
37	17	90.898637	1	85.152172	91.000000	2	3.043758	8	7	1	1	2	2.6809
38	18	90.898637	1	87.597866	91.000000	1	1.739300	2	7	1	2	2	1.2694
39	19	90.898637	2	97.878035	91.000000	2	1.985563	4	6	1	1	2	1.8014
40	20	90.898637	2	94.458284	91.000000	1	1.944028	6	4	2	1	2	0.9616
41	21	90.898637	2	94.192432	91.000000	2	1.962267	6	4	1	1	1	0.9388
42	22	90.898637	2	94.068222	91.000000	2	2.902587	5	4	2	1	1	0.5513
43	23	90.898637	1	84.424863	91.000000	1	1.704653	5	4	1	1	1	4.2360
44	24	90.898637	2	93.589076	91.000000	1	1.591278	4	8	1	1	2	0.9196
45	25	90.898637	1	88.993358	91.000000	2	1.449925	3	2	1	1	2	0.7675
46	26	90.898637	1	87.662656	91.000000	1	1.592270	3	2	1	1	1	1.1843
47	27	90.898637	1	87.363478	91.000000	2	1.408071	7	5	1	1	2	2.0397
48	28	90.898637	2	96.603806	91.000000	1	3.820409	4	5	1	1	2	1.0658
49	29	90.898637	2	96.990488	91.000000	2	1.998111	8	3	1	2	1	2.9494
50	30	90.898637	1	84.903460	91.000000	2	3.796944	2	3	1	2	2	1.7627
51	31	90.898637	2	92.325321	91.000000	2	2.114580	4	2	1	1	2	1.1089
52	32	90.898637	2	93.261463	91.000000	1	1.575947	8	4	1	1	2	1.2169
53	33	90.898637	1	84.740380	91.000000	4	6.791146	5	6	1	2	2	0.7197
54	34	90.898637	2	96.277486	91.000000	1	4.266584	8	5	1	1	2	4.1253
55	35	90.898637	1	84.350235	91.000000	2	4.213982	2	8	1	1	1	2.5380
56	36	90.898637	1	86.957748	91.000000	4	5.474784	4	3	1	2	2	3.2568
57	37	90.898637	1	88.349228	91.000000	2	2.316266	7	3	1	2	1	0.9666
58	38	90.898637	2	97.875315	91.000000	2	3.535052	3	2	1	2	1	0.6316
59	39	90.898637	1	86.166085	91.000000	2	4.757764	8	4	1	2	1	0.7647
60	40	90.898637	1	85.437541	91.000000	4	5.165362	7	5	1	2	2	2.9437
61	41	90.898637	2	93.890957	91.000000	4	5.960313	4	2	1	2	1	3.2107
62	42	90.898637	1	88.869770	91.000000	2	2.768300	6	2	1	2	2	0.9120
63	43	90.898637	1	87.853466	91.000000	1	0.810699	2	3	1	1	2	0.9786
64	44	90.898637	2	97.251977	91.000000	1	0.706657	2	5	2	2	2	1.7826
65	45	90.898637	2	92.894218	91.000000	1	2.942985	4	7	1	1	2	2.9510
66	46	90.898637	1	84.857226	91.000000	2	1.822521	5	3	1	2	2	0.7171
67	47	90.898637	2	95.390744	91.000000	1	2.896041	5	2	1	2	2	0.9944
68	48	90.898637	1	88.197943	91.000000	1	2.729651	2	3	1	2	2	0.8187
69	49	90.898637	1	85.672620	91.000000	2	1.441479	3	2	2	1	1	0.9196
70	50	90.898637	2	94.898782	91.000000	2	2.170052	7	4	1	2	1	1.6105
71	51	90.898637	1	87.717578	91.000000	1	0.753240	2	5	1	2	2	1.1313
72	52	90.898637	1	86.926546	91.000000	1	0.973129	4	2	1	2	2	0.4622
73	53	90.898637	2	96.012309	91.000000	2	2.099206	2	4	1	2	2	1.0074
74	54	90.898637	2	92.408697	91.000000	2	0.893345	2	4	1	1	1	0.8501
75	55	90.898637	1	87.795743	91.000000	1	1.687120	6	2	1	2	2	1.0113
76	56	90.898637	1	88.946908	91.000000	2	2.497698	2	8	1	2	2	1.3246
77	57	90.898637	1	85.335524	91.000000	2	1.486674	8	2	1	1	2	3.8108
78	58	90.898637	2	93.127744	91.000000	2	1.192024	5	2	1	2	1	0.4164
79	59	90.898637	2	97.402460	91.000000	2	0.663186	4	7	1	2	2	0.7646
80	60	90.898637	1	85.014599	91.000000	2	2.325340	5	2	1	1	2	1.9519
81	61	90.898637	1	85.766836	91.000000	2	2.808110	8	5	2	1	1	1.4705
82	62	90.898637	2	94.188011	91.000000	2	0.962742	6	2	2	1	1	1.1001
83	63	90.898637	2	92.962699	91.000000	2	1.206972	4	7	1	1	1	0.5828
84	64	90.898637	1	85.165386	91.000000	1	1.574990	6	8	1	2	2	0.9278
85	65	90.898637	1	87.849423	91.000000	2	2.201691	2	4	1	2	2	0.9847
86	66	90.898637	2	94.133808	91.000000	2	1.504544	5	4	1	2	2	0.8998
87	67	90.898637	2	93.730919	91.000000	2	1.167044	2	8	1	2	2	0.9762
88	68	90.898637	1	84.322972	91.000000	1	0.976766	3	6	2	2	2	0.9701
89	69	90.898637	1	87.444039	91.000000	1	1.850578	6	4	1	1	1	1.3916
90	70	90.898637	2	97.073692	91.000000	2	0.927372	5	3	1	1	1	1.3706
91	71	90.898637	1	84.083103	91.000000	1	1.242753	5	6	1	2	2	0.7371
92	72	90.898637	1	86.091208	91.000000	1	1.579287	2	6	2	2	2	0.5393
93	73	90.898637	1	89.302746	91.000000	2	1.189463	2	5	1	1	1	1.0620
94	74	90.898637	2	93.243393	91.000000	2	0.834302	6	3	1	1	1	0.5209
95	75	90.898637	1	84.590187	91.000000	1	1.315852	5	3	1	1	1	0.6549
96	76	90.898637	1	89.254356	91.000000	2	0.852419	2	4	1	2	2	1.0984
97	77	90.898637	1	85.230758	91.000000	1	1.597429	4	7	2	2	2	1.8207
98	78	90.898637	1	86.000463	91.000000	1	0.986850	6	2	1	1	1	1.3073
99	79	90.898637	2	97.223177	91.000000	2	0.846178	7	3	1	2	2	1.1962
100	80	90.898637	2	97.513976	91.000000	2	1.403204	5	7	1	2	2	1.5069
101	81	90.898637	1	85.257176	91.000000	1	0.845607	4	2	1	1	1	0.6197
102	82	90.898637	2	93.820964	91.000000	2	2.114477	4	3	1	2	2	1.1008
103	83	90.898637	1	87.650333	91.000000	1	2.143787	4	2	1	1	1	0.8816
104	84	90.898637	2	94.380857	91.000000	2	2.941469	2	3	2	2	2	1.0880
105	85	90.898637	1	86.052724	91.000000	1	1.217292	4	2	1	1	1	0.4813
106	86	90.898637	2	96.428537	91.000000	2	0.941636	5	2	2	1	1	0.7601
107	87	90.898637	2	93.670885	91.000000	1	1.552804	3	2	1	1	1	0.8183
108	1	35.813387	2	38.629726	35.000000	2	4.670670	3	5	1	1	0	0.0000
109	2	35.813387	2	40.382865	35.000000	2	1.013080	3	2	1	1	0	0.0000
110	3	35.813387	2	40.443687	35.000000	2	0.535876	8	4	1	2	0	0.0000
111	4	35.813387	1	31.056891	35.000000	2	0.886831	7	6	1	2	0	0.0000
112	5	35.813387	2	41.957281	35.000000	2	1.175307	2	3	1	1	0	0.0000
113	6	35.813387	2	37.931977	35.000000	2	0.772291	2	4	1	2	0	0.0000
114	7	35.813387	1	29.293131	35.000000	2	0.865247	3	2	1	1	0	0.0000
115	8	35.813387	2	39.873034	35.000000	1	0.930556	2	6	1	1	0	0.0000
116	9	35.813387	2	37.500861	35.000000	2	0.640866	4	2	1	2	0	0.0000
117	10	35.813387	1	34.328118	35.000000	2	0.923604	3	2	1	2	0	0.0000
118	11	35.813387	1	28.219605	35.000000	2	1.866716	7	5	1	2	0	0.0000
119	12	35.813387	1	30.361210	35.000000	1	1.530009	2	5	1	2	0	0.0000
120	13	35.813387	1	28.956453	35.000000	1	1.809432	3	2	1	2	0	0.0000
121	14	35.813387	2	40.149999	35.000000	2	0.596183	2	4	1	2	0	0.0000
122	15	35.813387	2	39.820130	35.000000	2	0.720578	2	5	1	1	0	0.0000
123	16	35.813387	2	40.745861	35.000000	2	0.735783	3	6	2	2	0	0.0000
124	17	35.813387	2	39.596242	35.000000	2	0.630409	5	2	1	1	0	0.0000
125	18	35.813387	2	39.036358	35.000000	2	0.641227	8	7	2	1	0	0.0000
126	19	35.813387	2	38.063182	35.000000	2	1.011741	2	4	1	2	0	0.0000
127	20	35.813387	1	30.934150	35.000000	1	2.286946	5	7	2	2	0	0.0000
128	21	35.813387	1	34.190946	35.000000	2	1.798370	3	2	1	1	0	0.0000
129	22	35.813387	1	32.448356	35.000000	1	2.242072	6	7	1	1	0	0.0000
130	23	35.813387	2	41.254959	35.000000	2	0.602847	5	8	1	1	0	0.0000
131	24	35.813387	1	28.695424	35.000000	1	0.750882	6	2	1	2	0	0.0000
132	1	75.678120	2	77.535763	77.000000	2	1.875509	2	3	2	2	2	1.0720
133	2	75.678120	1	73.460164	77.000000	1	1.004336	8	3	1	1	1	0.9802
134	3	75.678120	1	73.358248	77.000000	1	2.900232	5	6	1	2	1	1.7426
135	4	75.678120	1	72.360949	77.000000	1	2.471682	3	2	2	1	2	1.1320
136	5	75.678120	1	73.318492	77.000000	1	1.493671	4	6	1	1	1	1.1140
137	6	75.678120	1	70.534196	77.000000	1	1.116250	4	7	2	2	2	0.5194
138	7	75.678120	2	83.197689	77.000000	2	1.346140	3	2	1	2	2	0.6358
139	8	75.678120	2	79.505747	77.000000	1	1.538009	2	3	1	1	1	1.8760
140	9	75.678120	2	77.389015	77.000000	1	0.967936	7	5	1	2	2	1.0091
141	10	75.678120	1	70.255576	77.000000	2	2.864270	4	7	2	2	2	0.9561
142	11	75.678120	2	82.024902	77.000000	2	0.717383	2	4	1	2	2	1.0014
143	12	75.678120	2	80.606361	77.000000	1	0.999708	4	2	1	2	2	0.8798
144	13	75.678120	1	70.835264	77.000000	1	1.379606	4	3	1	1	2	1.8680
145	14	75.678120	1	70.633468	77.000000	1	0.799534	5	6	1	2	2	1.5598
146	15	75.678120	1	74.143038	77.000000	1	0.672553	2	3	1	1	1	1.5499
147	16	75.678120	2	77.395691	77.000000	2	1.654864	4	3	1	1	1	1.1562
148	17	75.678120	1	72.786206	77.000000	1	0.869242	6	5	1	2	2	0.7705
149	18	75.678120	1	71.924692	77.000000	1	0.827205	5	3	1	2	2	0.6586
150	19	75.678120	1	73.059288	77.000000	1	1.192003	7	6	1	1	1	1.1604
151	20	75.678120	1	71.992563	77.000000	1	1.056707	2	3	1	2	2	1.2308
152	21	75.678120	2	83.008381	77.000000	2	1.052364	3	4	1	1	1	0.9301
153	22	75.678120	1	71.781160	77.000000	1	1.220046	3	4	1	2	2	1.0191
154	23	75.678120	2	80.876889	77.000000	2	0.761646	2	3	1	1	1	0.8189
155	24	75.678120	1	72.811903	77.000000	1	1.217568	7	3	2	1	1	1.4487
156	1	21.717754	1	20.265635	21.000000	1	1.383983	2	5	1	1	0	0.0000
157	2	21.717754	1	17.496399	21.000000	1	1.132193	3	8	1	2	0	0.0000
158	3	21.717754	1	15.805601	21.000000	1	0.642418	2	6	1	1	0	0.0000
159	4	21.717754	2	25.679432	21.000000	1	0.805151	2	6	1	1	0	0.0000
160	5	21.717754	1	15.139878	21.000000	2	0.785122	6	5	1	2	0	0.0000
161	6	21.717754	2	25.209279	21.000000	1	0.853426	3	4	1	1	0	0.0000
162	7	21.717754	1	19.682604	21.000000	2	2.423442	4	7	1	2	0	0.0000
163	8	21.717754	1	19.972586	21.000000	1	1.177294	2	3	2	2	0	0.0000
164	9	21.717754	2	27.892070	21.000000	1	0.440256	3	7	2	2	0	0.0000
165	10	21.717754	1	14.575260	21.000000	1	0.681381	5	6	1	1	0	0.0000
166	11	21.717754	2	26.779363	21.000000	2	0.393963	4	7	1	1	0	0.0000
167	12	21.717754	1	15.554875	21.000000	1	0.782055	7	3	1	1	0	0.0000
168	13	21.717754	1	15.574589	21.000000	1	0.602642	8	3	1	2	0	0.0000
169	14	21.717754	1	19.757023	21.000000	1	2.150854	3	2	1	1	0	0.0000
170	15	21.717754	1	17.982472	21.000000	1	0.699579	7	5	2	1	0	0.0000
171	16	21.717754	1	20.106409	21.000000	1	1.659520	3	2	1	2	0	0.0000
172	17	21.717754	1	15.236250	21.000000	1	0.644819	7	3	1	2	0	0.0000
173	18	21.717754	2	24.774601	21.000000	1	2.126778	5	6	2	2	0	0.0000
174	19	21.717754	1	20.080717	21.000000	1	0.933151	3	8	1	2	0	0.0000
175	20	21.717754	2	25.117371	21.000000	2	1.211389	5	3	1	2	0	0.0000
176	21	21.717754	2	26.224793	21.000000	2	1.150549	6	8	1	2	0	0.0000
177	22	21.717754	2	27.150619	21.000000	2	1.036046	4	8	1	2	0	0.0000
178	23	21.717754	2	26.725975	21.000000	2	0.974381	8	3	1	1	0	0.0000
179	1	46.972550	1	44.892691	49.000000	2	1.205285	5	6	1	1	1	2.2049
180	2	46.972550	2	48.720623	49.000000	1	1.835241	5	7	1	2	2	0.9930
181	3	46.972550	1	44.442229	49.000000	1	1.481114	5	6	1	1	1	0.6771
182	4	46.972550	1	42.052611	49.000000	1	1.610420	4	5	1	1	1	0.9285
183	5	46.972550	2	50.115584	49.000000	1	1.730601	6	2	2	1	1	0.8145
184	6	46.972550	1	43.284224	49.000000	1	1.331071	4	3	2	1	1	1.3174
185	7	46.972550	2	53.066218	49.000000	2	1.087659	7	5	1	2	2	1.4362
186	8	46.972550	1	42.925738	49.000000	1	1.097692	2	3	2	2	2	1.6455
187	9	46.972550	2	52.108496	49.000000	2	1.538151	3	6	2	2	2	1.1563
188	10	46.972550	2	53.776901	49.000000	1	1.845370	3	2	1	2	2	0.8266
189	11	46.972550	2	48.680513	49.000000	1	0.961227	3	2	2	1	1	1.2744
190	12	46.972550	1	44.799803	49.000000	1	2.030752	2	5	1	2	2	0.7483
191	13	46.972550	2	49.881923	49.000000	2	1.101847	5	2	1	2	2	1.3537
192	14	46.972550	2	54.435036	49.000000	2	1.122737	4	3	1	2	2	0.5656
193	15	46.972550	2	51.336913	49.000000	1	1.166491	6	8	1	1	1	1.2156
194	16	46.972550	1	44.087254	49.000000	1	1.070049	5	2	1	1	1	0.8110
195	17	46.972550	1	43.590595	49.000000	2	1.929620	7	8	1	2	2	1.6676
196	18	46.972550	2	50.131419	49.000000	2	2.679483	2	3	1	2	2	1.2427
197	19	46.972550	2	51.119459	49.000000	2	1.264532	7	5	1	1	1	1.0775
198	20	46.972550	2	51.185950	49.000000	1	1.457270	7	8	1	1	2	0.6547
199	21	46.972550	1	42.558279	49.000000	1	0.844229	2	6	1	1	1	0.3620
200	22	46.972550	2	52.852804	49.000000	2	0.987174	5	4	2	1	1	1.9238
201	23	46.972550	2	48.560731	49.000000	1	2.125503	3	8	1	1	2	1.2881
202	24	46.972550	2	50.691557	49.000000	2	1.491643	5	4	1	1	2	1.1356
203	25	46.972550	1	42.655458	49.000000	1	0.945468	3	2	2	1	1	1.5154
204	26	46.972550	1	42.063667	49.000000	1	0.925372	2	3	1	1	1	1.1687
205	27	46.972550	1	45.414164	49.000000	2	3.297012	5	3	1	2	2	2.6913
206	28	46.972550	2	55.449556	49.000000	1	2.621778	3	6	2	2	2	1.2599
207	29	46.972550	2	50.966523	49.000000	2	1.544633	4	5	1	1	1	2.5941
208	30	46.972550	2	49.235380	49.000000	2	2.498381	5	3	1	1	2	1.2596
209	31	46.972550	2	55.678617	49.000000	2	1.136602	8	4	1	1	1	1.1468
210	32	46.972550	1	44.649491	49.000000	2	2.525905	5	7	1	1	2	0.7020
211	33	46.972550	2	55.790348	49.000000	2	0.825388	3	4	1	2	2	1.5127
212	34	46.972550	2	48.974206	49.000000	1	2.578841	7	8	1	2	2	0.5944
213	35	46.972550	2	53.182791	49.000000	2	1.153675	4	5	1	2	2	2.2836
214	36	46.972550	2	51.876551	49.000000	2	1.630327	3	2	1	2	2	0.4523
215	37	46.972550	1	42.454132	49.000000	1	0.977848	8	6	1	2	2	0.8987
216	38	46.972550	1	43.064247	49.000000	1	0.821756	8	2	2	1	1	2.3978
217	39	46.972550	1	42.488950	49.000000	1	0.867436	3	5	1	2	2	1.3284
218	40	46.972550	1	45.097119	49.000000	1	2.282173	3	7	1	1	1	1.2056
219	41	46.972550	2	49.772781	49.000000	2	1.516747	3	2	1	1	1	1.9836
220	42	46.972550	1	44.628822	49.000000	1	0.942611	4	3	1	2	2	1.1213
221	43	46.972550	1	45.007619	49.000000	1	1.171699	3	6	1	2	2	0.8767
222	44	46.972550	2	50.749633	49.000000	2	0.864414	5	8	1	2	2	2.2380
223	45	46.972550	2	48.533890	49.000000	2	1.730684	2	3	1	1	1	0.9808
224	46	46.972550	1	43.400487	49.000000	1	0.796884	4	2	1	2	2	1.0767
225	1	62.044374	1	58.598205	63.000000	2	2.046637	2	3	1	1	0	0.0000
226	2	62.044374	1	56.022652	63.000000	1	0.871685	2	3	1	2	0	0.0000
227	3	62.044374	2	68.781244	63.000000	2	0.832703	2	4	1	1	0	0.0000
228	4	62.044374	1	59.044890	63.000000	1	0.643578	4	2	1	1	0	0.0000
229	5	62.044374	1	59.719624	63.000000	1	1.038073	3	4	1	2	0	0.0000
230	6	62.044374	1	58.368234	63.000000	2	2.048593	5	3	1	1	0	0.0000
231	7	62.044374	1	56.588587	63.000000	2	0.801396	5	2	1	2	0	0.0000
232	8	62.044374	1	57.778928	63.000000	1	0.493358	5	2	1	1	0	0.0000
233	9	62.044374	1	60.497888	63.000000	1	0.662121	4	6	1	2	0	0.0000
234	10	62.044374	2	66.838822	63.000000	2	1.111367	4	6	1	2	0	0.0000
235	11	62.044374	2	67.149981	63.000000	2	0.782429	3	2	2	1	0	0.0000
236	12	62.044374	2	66.091129	63.000000	2	0.594869	2	3	1	2	0	0.0000
237	13	62.044374	2	68.077331	63.000000	2	0.687113	3	2	1	2	0	0.0000
238	14	62.044374	2	67.114400	63.000000	2	1.079854	4	8	1	2	0	0.0000
239	15	62.044374	2	66.233809	63.000000	2	1.344183	2	3	1	1	0	0.0000
240	16	62.044374	1	57.157294	63.000000	1	0.774460	4	3	1	1	0	0.0000
241	17	62.044374	2	67.956742	63.000000	2	0.755490	2	7	1	2	0	0.0000
242	18	62.044374	2	69.843407	63.000000	2	0.841560	2	5	2	2	0	0.0000
243	19	62.044374	1	59.545452	63.000000	1	0.947893	3	2	1	2	0	0.0000
244	20	62.044374	2	66.123608	63.000000	2	0.593704	4	8	1	2	0	0.0000
245	1	4.056095	1	7.000000	2.289902	2	1.290106	5	4	1	2	2	1.2544
246	2	4.056095	1	7.000000	2.221802	1	1.291270	2	4	1	2	2	1.3757
247	3	4.056095	1	7.000000	1.213356	1	1.055958	2	3	1	2	2	1.2696
248	4	4.056095	1	7.000000	1.784129	1	1.626054	4	2	1	2	2	2.0409
249	5	4.056095	1	7.000000	1.025866	1	1.141917	5	4	2	1	1	1.0257
250	6	4.056095	1	7.000000	1.502065	1	1.048761	3	2	1	2	2	0.6447
251	7	4.056095	2	7.000000	5.806889	1	2.042007	7	3	1	2	2	1.3198
252	8	4.056095	2	7.000000	12.124819	2	0.842115	2	3	1	1	1	0.7448
253	9	4.056095	1	7.000000	2.653411	1	1.450083	2	8	1	1	1	1.0476
254	10	4.056095	2	7.000000	13.637340	2	0.980757	3	7	1	1	1	1.3014
255	11	4.056095	1	7.000000	2.538494	1	1.720391	4	5	2	2	2	0.7389
256	12	4.056095	2	7.000000	10.237632	2	1.108676	2	7	1	1	1	0.8329
257	13	4.056095	2	7.000000	12.562893	2	1.534674	4	2	1	1	1	0.7928
258	14	4.056095	1	7.000000	0.888743	1	1.024895	2	3	1	1	1	0.7522
259	15	4.056095	2	7.000000	12.827138	2	0.985314	6	4	1	2	2	0.5860
260	1	91.868393	1	91.000000	87.311095	2	2.853789	6	7	1	2	0	0.0000
261	2	91.868393	2	91.000000	97.027043	1	0.647643	4	2	2	1	0	0.0000
262	3	91.868393	2	91.000000	93.407473	1	1.800315	3	5	1	2	0	0.0000
263	4	91.868393	2	91.000000	94.639152	2	1.107478	7	3	2	1	0	0.0000
264	5	91.868393	2	91.000000	96.804189	2	0.562808	7	8	1	2	0	0.0000
265	6	91.868393	2	91.000000	95.300480	1	1.800442	4	5	1	1	0	0.0000
266	7	91.868393	2	91.000000	93.508499	1	0.699505	8	7	1	1	0	0.0000
267	8	91.868393	1	91.000000	87.102467	1	0.795515	6	2	1	2	0	0.0000
268	9	91.868393	1	91.000000	84.152710	1	0.551467	7	3	1	2	0	0.0000
269	10	91.868393	1	91.000000	88.020699	1	1.269491	5	2	1	2	0	0.0000
270	11	91.868393	1	91.000000	85.192711	1	0.974547	7	2	1	1	0	0.0000
271	12	91.868393	2	91.000000	96.850008	2	0.915533	8	2	2	1	0	0.0000
272	13	91.868393	1	91.000000	84.253026	1	0.570574	5	7	1	1	0	0.0000
273	14	91.868393	2	91.000000	95.022989	2	0.744071	3	4	1	2	0	0.0000
274	15	91.868393	2	91.000000	93.562715	1	0.981789	2	5	1	2	0	0.0000
275	16	91.868393	1	91.000000	87.693816	1	0.594390	3	2	1	2	0	0.0000
276	17	91.868393	1	91.000000	84.434604	1	0.886293	4	6	2	2	0	0.0000
277	18	91.868393	2	91.000000	96.204458	2	0.510886	7	6	2	1	0	0.0000
278	19	91.868393	2	91.000000	94.164909	2	0.622422	8	4	1	1	0	0.0000
279	20	91.868393	2	91.000000	95.478547	2	0.833890	5	7	1	2	0	0.0000
280	21	91.868393	2	91.000000	95.560713	2	0.628254	4	3	2	1	0	0.0000
281	1	37.084410	1	35.000000	34.847437	2	1.606221	8	7	1	2	2	1.4443
282	2	37.084410	1	35.000000	34.203041	2	2.073092	7	4	1	1	2	1.1175
283	3	37.084410	2	35.000000	41.569167	1	2.335806	5	6	1	1	1	2.7935
284	4	37.084410	2	35.000000	39.521494	2	3.952010	2	6	1	1	1	0.8796
285	5	37.084410	2	35.000000	39.117542	2	1.571566	3	2	1	2	1	1.3162
286	6	37.084410	2	35.000000	40.896569	2	1.926416	5	4	1	1	1	1.2330
287	7	37.084410	2	35.000000	39.461990	2	0.734767	2	3	1	2	2	1.7136
288	8	37.084410	1	35.000000	31.204404	2	0.844732	2	4	2	2	4	8.9453
289	9	37.084410	2	35.000000	40.383845	2	0.789255	7	8	2	2	2	1.2459
290	10	37.084410	2	35.000000	41.346068	2	0.762795	2	5	1	2	2	0.8123
291	11	37.084410	1	35.000000	32.183573	2	1.211051	2	3	1	2	2	0.9227
292	12	37.084410	2	35.000000	41.109679	2	1.437068	7	2	1	2	2	1.0675
293	13	37.084410	2	35.000000	41.625747	2	1.055972	7	3	1	2	2	0.4936
294	14	37.084410	2	35.000000	41.732126	2	0.850636	8	5	1	2	2	0.5913
295	15	37.084410	1	35.000000	34.343583	2	2.351457	4	3	1	1	2	0.7683
296	16	37.084410	1	35.000000	34.395263	1	1.209084	3	4	1	1	1	0.8487
297	17	37.084410	2	35.000000	38.576143	2	0.926045	7	5	1	2	2	0.6503
298	18	37.084410	2	35.000000	38.551376	2	1.902726	4	3	1	2	2	0.8337
299	19	37.084410	1	35.000000	35.036027	1	2.239893	5	3	1	1	1	0.8855
300	20	37.084410	1	35.000000	32.415086	2	3.201344	5	6	1	2	2	0.7196
301	21	37.084410	2	35.000000	39.875540	2	1.034351	6	4	1	1	1	0.4886
302	22	37.084410	2	35.000000	40.378027	2	0.964800	3	2	1	1	1	1.1182
303	23	37.084410	1	35.000000	32.309868	1	1.816760	4	5	1	2	2	1.4072
304	24	37.084410	2	35.000000	40.474767	2	2.462066	8	3	1	1	1	1.6261
305	25	37.084410	1	35.000000	33.790961	1	3.080141	7	2	1	2	2	0.8352
306	26	37.084410	2	35.000000	41.665391	2	1.321192	7	2	1	2	2	0.6281
307	27	37.084410	1	35.000000	30.376303	1	0.794031	5	3	1	1	1	0.7222
308	28	37.084410	2	35.000000	40.948397	2	3.829107	3	4	1	2	2	0.9781
309	29	37.084410	2	35.000000	41.717421	1	3.321958	5	2	1	1	1	1.1714
310	30	37.084410	1	35.000000	33.971503	1	1.931607	5	8	1	1	1	0.8453
311	31	37.084410	2	35.000000	38.552202	1	2.274935	3	4	1	1	2	0.8871
312	32	37.084410	2	35.000000	39.276046	1	2.050718	5	3	1	2	2	0.6241
313	33	37.084410	1	35.000000	32.490484	2	0.654863	3	2	1	1	2	0.4451
314	34	37.084410	2	35.000000	41.492099	1	2.386619	5	3	1	1	2	0.6821
315	35	37.084410	2	35.000000	39.805304	2	2.982045	4	3	1	1	2	1.0852
316	36	37.084410	2	35.000000	41.240633	2	1.041005	4	3	2	1	1	0.8155
317	37	37.084410	2	35.000000	39.879232	2	0.950074	2	3	1	1	1	0.8080
318	38	37.084410	2	35.000000	38.880585	2	1.039358	7	6	1	1	2	0.8540
319	39	37.084410	2	35.000000	40.054850	2	1.379062	8	3	1	1	1	1.1153
320	40	37.084410	2	35.000000	38.870975	2	2.973820	2	7	1	1	1	0.8376
321	41	37.084410	1	35.000000	32.973403	1	0.939557	2	3	1	2	2	1.5980
322	42	37.084410	2	35.000000	39.167979	2	1.420942	2	4	1	1	1	0.8437
323	43	37.084410	1	35.000000	34.704090	1	2.521060	4	2	1	1	2	0.8604
324	44	37.084410	1	35.000000	34.651740	2	1.343636	6	4	1	2	2	0.8019
325	45	37.084410	2	35.000000	40.222252	1	1.937333	2	3	1	2	2	1.2677
326	46	37.084410	1	35.000000	29.257069	1	0.695315	6	4	1	2	2	0.6835
327	47	37.084410	1	35.000000	30.409849	1	1.183518	3	2	2	1	1	0.6961
328	48	37.084410	1	35.000000	29.185633	1	2.019315	2	3	1	1	1	1.0339
329	49	37.084410	1	35.000000	31.218610	1	1.249037	4	3	1	2	2	1.8453
330	50	37.084410	2	35.000000	40.909194	1	1.921579	4	6	1	2	2	1.0204
331	51	37.084410	2	35.000000	40.519880	2	1.681940	3	2	1	1	2	1.7596
332	52	37.084410	1	35.000000	35.343368	1	0.983385	6	5	1	1	1	1.1519
333	53	37.084410	2	35.000000	40.703393	1	2.209019	8	6	1	1	2	1.1599
334	54	37.084410	1	35.000000	32.921980	1	1.369115	5	3	1	2	2	1.2420
335	55	37.084410	2	35.000000	41.168561	1	1.903608	2	3	1	2	2	0.8748
336	56	37.084410	2	35.000000	39.258268	2	3.631375	3	6	1	2	2	0.8120
337	57	37.084410	2	35.000000	39.810254	1	0.770469	3	2	2	1	1	0.9160
338	58	37.084410	1	35.000000	30.898406	1	1.566556	3	6	2	2	2	1.2233
339	59	37.084410	1	35.000000	32.332411	1	2.725789	2	5	1	2	2	0.8395
340	60	37.084410	1	35.000000	33.523551	2	2.877168	7	5	2	1	1	0.7133
341	61	37.084410	1	35.000000	28.828224	2	1.484231	2	3	1	2	2	0.6483
342	62	37.084410	1	35.000000	31.483702	1	0.789580	2	4	1	2	2	1.5825
343	63	37.084410	2	35.000000	41.998487	2	1.245808	6	2	1	1	2	1.2115
344	64	37.084410	1	35.000000	29.499271	1	2.105837	5	3	1	2	2	0.7647
345	65	37.084410	2	35.000000	40.462387	2	3.629610	5	7	1	1	1	0.8101
346	66	37.084410	1	35.000000	31.015342	1	1.984650	3	2	1	1	1	0.5045
347	67	37.084410	2	35.000000	40.504161	2	2.212134	3	6	1	1	1	0.5383
348	68	37.084410	1	35.000000	33.369822	1	2.204461	4	5	1	2	2	1.5794
349	69	37.084410	2	35.000000	39.361964	2	2.186882	4	6	2	2	2	1.0265
350	70	37.084410	1	35.000000	34.499920	2	1.633024	3	5	1	1	1	1.1512
351	71	37.084410	2	35.000000	40.641649	1	1.808186	3	5	1	1	2	0.6954
352	72	37.084410	1	35.000000	29.356811	1	1.026679	7	4	1	1	1	1.1700
353	73	37.084410	1	35.000000	29.038999	1	1.810271	2	6	1	1	1	0.8336
354	74	37.084410	1	35.000000	30.810274	1	3.511627	7	6	1	2	2	2.7935
355	75	37.084410	1	35.000000	28.659816	1	1.680116	6	5	1	1	1	1.0679
356	76	37.084410	1	35.000000	34.961428	1	2.040671	2	3	1	1	2	1.2943
357	77	37.084410	1	35.000000	34.536078	1	1.833229	8	7	2	1	1	0.9271
358	78	37.084410	2	35.000000	41.619133	1	4.840975	3	8	1	2	2	0.8205
359	79	37.084410	2	35.000000	41.559607	1	4.739213	7	6	1	2	2	1.5709
360	80	37.084410	2	35.000000	40.200609	2	3.395002	7	6	1	2	1	1.4256
361	81	37.084410	2	35.000000	38.532713	1	2.639953	4	2	1	1	2	0.5492
362	82	37.084410	1	35.000000	35.574227	2	1.822583	2	3	1	2	2	0.6937
363	83	37.084410	1	35.000000	34.220202	1	1.440861	4	5	1	2	2	1.0149
364	84	37.084410	2	35.000000	41.541625	1	2.429326	3	8	1	2	2	1.3468
365	85	37.084410	1	35.000000	30.783459	1	1.515734	6	2	1	1	2	0.9745
366	86	37.084410	1	35.000000	29.385099	1	3.295068	2	3	1	1	2	1.3940
367	87	37.084410	2	35.000000	41.426221	2	1.096716	2	5	2	2	2	0.8605
368	88	37.084410	1	35.000000	32.233593	1	0.745151	3	8	1	1	1	0.6911
369	89	37.084410	2	35.000000	39.664571	1	2.471404	3	5	1	2	2	0.6594
370	90	37.084410	2	35.000000	38.912722	2	2.272970	6	4	1	1	1	1.4130
371	91	37.084410	1	35.000000	31.587245	1	1.939388	6	4	1	1	1	1.3972
372	92	37.084410	2	35.000000	38.797919	2	3.939915	5	4	1	2	2	0.5496
373	93	37.084410	1	35.000000	34.709609	1	2.335153	4	5	1	2	2	0.9194
374	94	37.084410	1	35.000000	32.033324	1	2.434027	7	3	1	2	2	0.6314
375	95	37.084410	1	35.000000	32.866481	1	2.141518	3	2	2	1	1	0.6409
376	96	37.084410	1	35.000000	28.139063	1	1.205269	5	2	1	1	1	0.8289
377	97	37.084410	1	35.000000	31.127459	1	3.555125	7	4	1	1	1	0.6030
378	98	37.084410	1	35.000000	29.628601	1	1.178305	2	3	1	1	1	1.3945
379	1	79.334056	1	77.000000	76.867433	1	2.990383	4	5	1	1	0	0.0000
380	2	79.334056	1	77.000000	71.398522	1	0.659907	2	4	2	2	0	0.0000
381	3	79.334056	1	77.000000	76.025800	1	0.539539	4	2	1	1	0	0.0000
382	4	79.334056	2	77.000000	80.986476	1	0.482313	7	2	1	2	0	0.0000
383	5	79.334056	2	77.000000	80.776013	2	0.923049	2	3	1	2	0	0.0000
384	6	79.334056	1	77.000000	74.036296	2	0.706117	2	3	1	1	0	0.0000
385	7	79.334056	1	77.000000	76.632533	1	1.874258	2	5	1	2	0	0.0000
386	8	79.334056	2	77.000000	82.827637	1	1.122612	4	3	1	1	0	0.0000
387	9	79.334056	1	77.000000	71.745548	1	3.065732	7	8	2	2	0	0.0000
388	10	79.334056	2	77.000000	81.048185	1	1.057698	6	7	1	1	0	0.0000
389	11	79.334056	2	77.000000	81.082879	4	5.586699	6	3	1	2	0	0.0000
390	12	79.334056	1	77.000000	74.707695	1	0.696132	5	4	1	2	0	0.0000
391	13	79.334056	1	77.000000	70.899361	2	0.727957	3	2	1	1	0	0.0000
392	14	79.334056	2	77.000000	82.039160	1	0.766609	8	6	1	1	0	0.0000
393	15	79.334056	2	77.000000	83.232371	1	0.739860	2	7	1	2	0	0.0000
394	16	79.334056	1	77.000000	77.629733	1	0.698453	2	3	1	1	0	0.0000
395	17	79.334056	1	77.000000	75.046805	1	0.586612	2	3	1	1	0	0.0000
396	18	79.334056	1	77.000000	75.342114	1	0.679135	6	5	1	2	0	0.0000
397	19	79.334056	2	77.000000	81.604853	1	0.807775	5	3	1	1	0	0.0000
398	20	79.334056	2	77.000000	81.928501	4	9.395646	2	3	1	1	0	0.0000
399	21	79.334056	2	77.000000	83.466385	1	0.614251	2	4	1	1	0	0.0000
400	22	79.334056	2	77.000000	82.924613	2	0.697650	6	4	1	1	0	0.0000
401	23	79.334056	1	77.000000	71.699944	1	0.281445	6	4	1	2	0	0.0000
402	24	79.334056	2	77.000000	81.526302	2	0.898567	3	2	1	1	0	0.0000
403	25	79.334056	1	77.000000	70.123556	1	0.594183	7	4	1	1	0	0.0000
404	26	79.334056	2	77.000000	81.314621	2	0.670266	2	3	1	1	0	0.0000
405	27	79.334056	1	77.000000	75.028336	1	0.903814	3	2	1	1	0	0.0000
406	28	79.334056	2	77.000000	83.632685	2	1.935410	2	3	1	2	0	0.0000
407	29	79.334056	2	77.000000	83.863996	1	0.741184	5	3	1	1	0	0.0000
408	30	79.334056	2	77.000000	82.576791	2	0.563800	5	6	1	1	0	0.0000
409	31	79.334056	2	77.000000	81.965958	1	0.577311	5	7	1	2	0	0.0000
410	32	79.334056	1	77.000000	73.539020	1	0.638042	5	7	1	1	0	0.0000
411	33	79.334056	1	77.000000	75.774774	2	0.800862	2	7	1	2	0	0.0000
412	34	79.334056	1	77.000000	70.592025	1	0.700471	4	3	1	1	0	0.0000
413	35	79.334056	1	77.000000	73.302442	1	1.884451	6	8	2	2	0	0.0000
414	36	79.334056	1	77.000000	73.967864	1	0.724227	7	3	1	1	0	0.0000
415	37	79.334056	2	77.000000	81.651795	2	1.571464	5	4	1	2	0	0.0000
416	38	79.334056	1	77.000000	73.562054	1	0.848186	3	2	1	1	0	0.0000
417	39	79.334056	2	77.000000	83.515284	2	0.722029	6	4	1	2	0	0.0000
418	40	79.334056	2	77.000000	81.051006	2	1.489122	4	8	1	1	0	0.0000
419	41	79.334056	1	77.000000	76.894619	2	2.521411	2	3	1	1	0	0.0000
420	42	79.334056	1	77.000000	70.562637	1	0.519362	3	6	1	2	0	0.0000
421	43	79.334056	2	77.000000	82.878470	2	0.774655	3	2	1	2	0	0.0000
422	44	79.334056	2	77.000000	81.778175	2	1.363987	2	3	2	2	0	0.0000
423	45	79.334056	1	77.000000	74.528467	1	0.656607	3	2	1	1	0	0.0000
424	46	79.334056	2	77.000000	82.452370	2	1.002737	5	7	1	1	0	0.0000
425	47	79.334056	1	77.000000	71.484117	1	0.830620	4	5	1	2	0	0.0000
426	1	18.660921	2	21.000000	20.174307	2	2.180362	4	2	1	2	2	1.7800
427	2	18.660921	2	21.000000	27.769186	2	2.107194	5	8	1	1	1	1.0222
428	3	18.660921	1	21.000000	16.934682	2	1.452650	3	2	1	1	1	1.1463
429	4	18.660921	2	21.000000	25.002037	1	4.595201	3	2	1	2	2	1.3851
430	5	18.660921	1	21.000000	16.424702	2	2.784667	6	3	1	1	1	0.6717
431	6	18.660921	2	21.000000	20.516258	2	0.852644	6	4	1	2	1	1.0825
432	7	18.660921	2	21.000000	25.283960	2	0.662188	3	2	1	1	1	0.4917
433	8	18.660921	1	21.000000	16.135204	1	1.800027	4	2	2	1	2	1.0952
434	9	18.660921	1	21.000000	15.061436	4	5.442257	4	5	1	1	2	0.3698
435	10	18.660921	2	21.000000	24.665700	2	1.122812	6	7	2	2	2	1.0940
436	11	18.660921	1	21.000000	15.179828	1	0.777100	2	3	1	1	1	0.9705
437	12	18.660921	2	21.000000	25.640982	2	1.931145	2	3	2	2	2	1.5168
438	13	18.660921	1	21.000000	14.230643	1	2.503104	6	4	1	1	1	0.6495
439	14	18.660921	2	21.000000	26.292201	2	0.751113	7	8	1	1	1	0.5933
440	15	18.660921	2	21.000000	20.506803	2	3.609282	2	3	2	2	2	1.0232
441	16	18.660921	1	21.000000	15.944100	2	2.973737	3	7	1	1	2	0.7896
442	17	18.660921	1	21.000000	14.272844	1	2.117544	5	6	1	1	1	0.6557
443	18	18.660921	2	21.000000	24.453987	2	1.469303	5	4	1	2	2	0.5222
444	19	18.660921	1	21.000000	16.285030	1	3.685050	2	4	1	1	2	0.8955
445	20	18.660921	1	21.000000	16.644597	1	2.338608	3	4	1	2	2	0.8364
446	21	18.660921	1	21.000000	17.182305	1	3.706222	5	8	1	2	2	1.6188
447	22	18.660921	1	21.000000	16.884777	1	2.354097	3	2	1	2	2	1.4029
448	23	18.660921	2	21.000000	26.170833	2	1.273959	7	6	1	2	2	0.8388
449	1	48.426573	1	49.000000	44.582004	2	0.967381	7	6	1	2	0	0.0000
450	2	48.426573	2	49.000000	50.595950	2	0.660496	8	7	1	1	0	0.0000
451	3	48.426573	1	49.000000	46.260535	1	1.134602	6	2	1	1	0	0.0000
452	4	48.426573	2	49.000000	53.853153	1	0.547068	2	3	1	1	0	0.0000
453	5	48.426573	2	49.000000	53.732285	1	0.962364	8	7	1	2	0	0.0000
454	6	48.426573	2	49.000000	53.868213	2	0.623242	6	2	1	1	0	0.0000
455	7	48.426573	1	49.000000	43.753581	1	0.642665	6	4	1	2	0	0.0000
456	8	48.426573	1	49.000000	45.304045	1	0.685615	4	5	1	2	0	0.0000
457	9	48.426573	2	49.000000	53.937985	2	1.301891	2	3	1	2	0	0.0000
458	10	48.426573	2	49.000000	53.645264	1	0.813647	3	2	1	2	0	0.0000
459	11	48.426573	1	49.000000	44.209207	1	0.552840	5	2	1	2	0	0.0000
460	12	48.426573	2	49.000000	54.735807	1	1.065122	8	5	1	2	0	0.0000
461	13	48.426573	2	49.000000	54.366663	2	0.976035	8	6	2	1	0	0.0000
462	14	48.426573	2	49.000000	50.122844	2	0.948979	4	7	2	2	0	0.0000
463	15	48.426573	1	49.000000	42.092606	1	2.786961	8	2	2	1	0	0.0000
464	16	48.426573	1	49.000000	45.639679	1	0.989846	4	6	1	1	0	0.0000
465	17	48.426573	1	49.000000	47.001755	1	2.002423	5	4	1	1	0	0.0000
466	18	48.426573	1	49.000000	44.298807	1	0.557331	3	5	1	1	0	0.0000
467	19	48.426573	2	49.000000	55.501326	2	0.747409	3	6	1	2	0	0.0000
468	20	48.426573	2	49.000000	53.433586	2	2.001284	2	5	1	2	0	0.0000
469	21	48.426573	2	49.000000	50.431726	1	2.132427	6	7	1	2	0	0.0000
470	22	48.426573	2	49.000000	51.761214	2	0.529758	6	3	1	2	0	0.0000
471	23	48.426573	1	49.000000	44.472908	1	0.672549	6	5	1	1	0	0.0000
472	24	48.426573	1	49.000000	45.923704	1	1.729936	3	6	1	1	0	0.0000
473	25	48.426573	1	49.000000	43.602643	1	0.935709	2	7	2	2	0	0.0000
474	26	48.426573	2	49.000000	51.123600	2	1.086135	5	3	1	1	0	0.0000
475	1	64.933769	2	63.000000	66.465497	2	3.442315	6	5	1	2	2	1.2231
476	2	64.933769	2	63.000000	68.920292	1	1.013267	8	3	1	2	2	0.5328
477	3	64.933769	1	63.000000	60.110771	1	1.102708	2	4	1	2	2	0.9306
478	4	64.933769	1	63.000000	60.442321	2	3.068514	2	5	1	1	1	0.3520
479	5	64.933769	1	63.000000	58.951338	1	1.609729	3	2	1	2	2	0.7372
480	6	64.933769	1	63.000000	57.329614	1	4.243172	4	2	1	2	2	0.6873
481	7	64.933769	2	63.000000	69.468223	2	1.779439	6	4	1	1	1	0.5472
482	8	64.933769	2	63.000000	68.942095	2	2.060749	2	3	1	2	2	1.4660
483	9	64.933769	1	63.000000	56.347697	1	2.165979	5	3	2	1	1	1.0543
484	10	64.933769	2	63.000000	68.972368	2	2.923373	2	3	1	1	1	1.1572
485	11	64.933769	2	63.000000	67.166359	2	2.054298	4	7	1	1	1	1.1234
486	12	64.933769	1	63.000000	56.731623	1	1.221672	5	8	1	1	2	2.0930
487	13	64.933769	2	63.000000	69.533074	4	5.351912	3	5	1	1	2	1.4587
488	14	64.933769	1	63.000000	58.131343	1	2.303632	3	2	1	1	1	0.7465
489	15	64.933769	1	63.000000	59.376759	1	4.283985	7	8	1	2	2	1.7739
490	16	64.933769	2	63.000000	67.471022	2	2.253895	6	3	1	1	1	0.6668
491	17	64.933769	2	63.000000	68.269741	2	2.735525	6	3	1	1	1	0.6567
492	18	64.933769	2	63.000000	68.281973	1	1.102003	6	2	1	2	2	1.4740
493	19	64.933769	1	63.000000	56.218455	1	1.062283	8	3	1	1	1	1.0593
494	20	64.933769	2	63.000000	66.437108	2	2.616493	3	5	2	2	2	1.2625
495	21	64.933769	2	63.000000	66.587604	2	1.698805	3	4	1	1	1	0.6781
496	22	64.933769	2	63.000000	67.065781	1	1.458047	4	2	1	2	2	0.6236
497	23	64.933769	1	63.000000	61.231228	1	0.942448	3	2	1	2	2	1.1449
498	24	64.933769	1	63.000000	62.575918	1	0.914111	4	8	1	1	1	1.7174
499	25	64.933769	1	63.000000	57.175501	1	0.943253	5	4	1	1	1	0.8258
500	26	64.933769	2	63.000000	67.812846	2	3.864680	2	6	1	1	1	0.8037
501	27	64.933769	1	63.000000	62.099494	1	1.514956	4	6	1	1	1	2.2139
