1	1	75.662843	1	70.849920	77.000000	2	1.772433	4	8	1	2	0	0.0000
2	2	75.662843	1	73.496774	77.000000	1	0.738372	8	2	2	1	0	0.0000
3	3	75.662843	1	71.064400	77.000000	1	0.595704	2	3	2	2	0	0.0000
4	4	75.662843	2	79.035249	77.000000	1	0.647756	6	4	1	2	0	0.0000
5	5	75.662843	1	70.347728	77.000000	1	1.121645	2	4	1	1	0	0.0000
6	6	75.662843	2	78.910457	77.000000	1	1.384823	4	2	1	2	0	0.0000
7	7	75.662843	1	73.850485	77.000000	2	1.020796	3	2	1	1	0	0.0000
8	8	75.662843	2	79.520678	77.000000	1	0.391736	3	8	1	2	0	0.0000
9	9	75.662843	1	70.778682	77.000000	1	0.548628	2	4	1	2	0	0.0000
10	10	75.662843	1	73.529353	77.000000	1	1.066729	2	3	1	2	0	0.0000
11	11	75.662843	2	78.719700	77.000000	1	0.531665	3	2	1	2	0	0.0000
12	12	75.662843	2	79.812648	77.000000	1	0.442531	7	8	1	1	0	0.0000
13	13	75.662843	2	79.493788	77.000000	1	0.549085	2	4	1	1	0	0.0000
14	14	75.662843	1	70.244982	77.000000	2	0.347353	8	5	1	1	0	0.0000
15	15	75.662843	1	70.054284	77.000000	1	0.369442	2	3	1	1	0	0.0000
16	16	75.662843	1	70.633216	77.000000	1	0.663090	3	4	1	1	0	0.0000
17	17	75.662843	2	83.907858	77.000000	2	0.488242	4	5	2	2	0	0.0000
18	18	75.662843	1	71.372464	77.000000	1	0.593211	5	2	2	1	0	0.0000
19	19	75.662843	1	70.420240	77.000000	1	0.613831	5	8	1	2	0	0.0000
20	20	75.662843	2	81.523255	77.000000	2	0.490604	2	3	1	2	0	0.0000
21	21	75.662843	1	72.578311	77.000000	1	0.801819	2	3	1	1	0	0.0000
22	22	75.662843	1	70.617317	77.000000	1	0.510003	2	4	1	2	0	0.0000
23	23	75.662843	1	71.318807	77.000000	1	0.645893	3	7	1	1	0	0.0000
24	24	75.662843	1	71.015752	77.000000	1	0.496094	3	2	1	2	0	0.0000
25	25	75.662843	2	81.815416	77.000000	1	1.472398	2	3	1	2	0	0.0000
26	26	75.662843	1	73.907832	77.000000	1	0.808883	2	7	1	1	0	0.0000
27	27	75.662843	2	82.759279	77.000000	2	0.508559	3	4	1	1	0	0.0000
28	1	52.378490	1	47.473901	49.000000	1	2.378060	8	3	2	1	1	3.0278
29	2	52.378490	2	54.022955	49.000000	2	0.893757	5	3	1	2	1	2.0904
30	3	52.378490	2	53.947174	49.000000	1	1.453320	2	8	1	2	4	5.8269
31	4	52.378490	1	46.492390	49.000000	1	1.845655	2	7	1	2	2	0.3872
32	5	52.378490	1	47.928919	49.000000	1	2.195212	3	2	1	2	2	1.9708
33	6	52.378490	2	54.279220	49.000000	1	1.890436	3	5	1	2	2	1.3263
34	7	52.378490	1	49.310451	49.000000	1	3.832687	8	2	1	1	1	0.7089
35	8	52.378490	2	53.950419	49.000000	2	2.312091	4	3	1	1	1	1.2744
36	9	52.378490	2	54.077086	49.000000	4	19.726742	7	2	1	1	1	0.8240
37	10	52.378490	1	48.111314	49.000000	1	1.558473	2	6	1	1	2	0.8479
38	11	52.378490	1	45.532143	49.000000	1	4.021156	5	3	1	2	2	1.5221
39	12	52.378490	2	54.357536	49.000000	2	2.492136	2	3	1	2	2	1.1915
40	13	52.378490	2	55.571374	49.000000	1	2.119303	4	3	2	1	1	0.8974
41	14	52.378490	2	55.012435	49.000000	1	1.556719	3	5	1	2	2	3.8221
42	15	52.378490	1	45.222944	49.000000	1	1.874574	2	4	2	2	2	1.2310
43	16	52.378490	2	55.549491	49.000000	2	1.620655	2	8	1	1	2	1.9153
44	17	52.378490	2	54.239645	49.000000	1	4.157109	3	2	1	2	2	0.7326
45	18	52.378490	1	49.458477	49.000000	1	1.982546	3	6	1	1	2	1.3664
46	19	52.378490	1	46.135031	49.000000	1	2.398550	2	4	1	1	1	1.9333
47	20	52.378490	1	46.777676	49.000000	2	4.102327	8	3	1	1	1	0.8159
48	21	52.378490	2	55.844822	49.000000	2	1.854523	5	7	1	2	2	0.6598
49	22	52.378490	1	50.158165	49.000000	1	1.937085	5	2	1	1	1	2.3788
50	23	52.378490	1	49.248951	49.000000	1	1.969565	2	6	1	2	2	0.6260
51	24	52.378490	1	44.398239	49.000000	1	3.592818	8	2	1	1	2	0.5434
52	25	52.378490	1	44.875690	49.000000	1	2.929031	5	4	1	2	2	0.7139
53	26	52.378490	1	48.941550	49.000000	1	2.700547	2	3	2	2	2	0.6151
54	27	52.378490	1	49.357257	49.000000	1	1.966039	3	4	1	2	2	0.9425
55	28	52.378490	1	45.152900	49.000000	1	1.176289	2	7	2	2	2	0.5852
56	29	52.378490	2	55.608503	49.000000	2	1.289509	3	2	1	1	1	1.1098
57	30	52.378490	1	44.954018	49.000000	1	0.944870	2	4	1	1	2	2.7146
58	31	52.378490	2	54.362951	49.000000	2	1.795946	2	4	1	2	1	0.2430
59	1	62.454470	2	64.344794	63.000000	2	0.756144	3	2	1	1	0	0.0000
60	2	62.454470	2	68.767453	63.000000	2	1.282020	7	4	1	2	0	0.0000
61	3	62.454470	2	66.270021	63.000000	1	0.706027	6	4	2	1	0	0.0000
62	4	62.454470	2	69.791644	63.000000	2	1.322203	3	2	1	2	0	0.0000
63	5	62.454470	2	67.959212	63.000000	2	1.496974	8	3	1	2	0	0.0000
64	6	62.454470	1	56.447427	63.000000	1	0.712177	3	2	1	1	0	0.0000
65	7	62.454470	1	56.619704	63.000000	1	0.775353	3	2	1	1	0	0.0000
66	8	62.454470	2	67.790141	63.000000	2	0.700865	2	7	1	2	0	0.0000
67	9	62.454470	1	60.282627	63.000000	2	1.124566	5	7	1	1	0	0.0000
68	10	62.454470	1	59.991774	63.000000	1	0.787700	2	3	1	1	0	0.0000
69	11	62.454470	2	64.162095	63.000000	2	1.088175	8	5	1	2	0	0.0000
70	12	62.454470	2	69.440511	63.000000	2	0.792526	5	3	1	2	0	0.0000
71	13	62.454470	1	59.138577	63.000000	1	0.668933	2	3	1	2	0	0.0000
72	14	62.454470	1	56.929067	63.000000	1	0.694298	7	2	1	1	0	0.0000
73	15	62.454470	2	66.935158	63.000000	2	0.638376	5	2	1	2	0	0.0000
74	16	62.454470	2	67.147804	63.000000	2	1.257005	8	5	1	2	0	0.0000
75	17	62.454470	2	68.610137	63.000000	2	0.626531	4	2	1	2	0	0.0000
76	1	93.069668	2	95.135133	91.000000	2	0.792487	3	6	1	2	2	0.8811
77	2	93.069668	2	96.589428	91.000000	2	1.125161	3	5	2	2	2	0.8323
78	3	93.069668	1	90.836684	91.000000	2	0.926312	7	4	2	1	1	2.7054
79	4	93.069668	1	87.572425	91.000000	1	1.819256	3	4	1	1	1	1.4497
80	5	93.069668	2	97.389708	91.000000	2	1.342743	5	2	1	1	1	0.9370
81	6	93.069668	1	86.518049	91.000000	1	1.954675	4	6	1	1	1	1.6679
82	7	93.069668	2	95.330921	91.000000	1	1.775878	8	7	1	1	1	1.2564
83	8	93.069668	1	90.822938	91.000000	2	1.253405	7	6	1	2	1	2.3070
84	9	93.069668	2	96.250104	91.000000	2	1.421221	2	4	1	1	1	0.7720
85	10	93.069668	1	87.842069	91.000000	2	1.756936	4	3	1	2	2	3.3019
86	11	93.069668	2	97.166925	91.000000	2	1.439392	6	3	1	1	1	0.8696
87	12	93.069668	2	96.382508	91.000000	2	1.666228	5	3	1	1	1	2.4387
88	13	93.069668	2	96.873517	91.000000	2	1.699561	3	8	1	2	2	0.5747
89	14	93.069668	1	88.591154	91.000000	1	2.999669	3	6	1	2	2	0.6220
90	15	93.069668	1	86.820615	91.000000	1	1.116808	7	4	1	2	2	1.7118
91	16	93.069668	2	95.658597	91.000000	2	1.513878	7	8	1	2	2	0.5965
92	17	93.069668	2	97.733093	91.000000	2	1.907995	2	5	1	1	1	0.6151
93	18	93.069668	1	88.534696	91.000000	2	0.997964	7	2	1	1	1	0.8056
94	19	93.069668	1	84.782048	91.000000	1	1.117140	4	7	1	2	2	0.8080
95	20	93.069668	1	85.620713	91.000000	1	0.951449	5	8	1	2	2	0.6334
96	21	93.069668	1	86.559813	91.000000	1	1.263541	2	4	1	2	2	1.2764
97	22	93.069668	2	94.709292	91.000000	1	1.048638	3	4	1	1	1	0.5586
98	23	93.069668	1	87.102760	91.000000	1	0.992256	2	3	1	2	2	0.5766
99	24	93.069668	2	96.631482	91.000000	2	1.160822	3	4	1	2	2	0.5704
100	25	93.069668	1	88.093135	91.000000	1	1.619271	4	3	1	2	2	0.5699
101	26	93.069668	1	88.397107	91.000000	1	1.154861	4	5	1	1	2	0.7564
102	27	93.069668	1	85.230623	91.000000	2	1.198173	4	3	1	1	1	1.3496
103	28	93.069668	1	86.155794	91.000000	1	1.390532	2	4	1	1	1	0.9508
104	29	93.069668	2	97.302652	91.000000	2	1.296933	2	4	2	2	2	0.5714
105	30	93.069668	1	86.553853	91.000000	1	0.908314	3	5	1	1	1	0.4801
106	31	93.069668	1	90.996744	91.000000	1	3.780417	3	5	2	2	2	0.8826
107	32	93.069668	2	95.665741	91.000000	1	2.470809	6	7	1	2	2	1.0346
108	33	93.069668	2	96.859025	91.000000	2	1.568726	4	3	2	1	1	0.8414
109	34	93.069668	1	84.235883	91.000000	1	1.408341	3	7	1	2	2	0.6228
110	35	93.069668	1	85.064129	91.000000	1	1.629585	8	6	1	1	1	0.9956
111	36	93.069668	2	96.009510	91.000000	2	1.258621	4	7	1	1	1	1.3283
112	37	93.069668	2	94.756048	91.000000	2	1.081961	2	3	1	1	1	0.5504
113	38	93.069668	2	94.500742	91.000000	2	0.960005	5	2	2	1	1	0.6099
114	39	93.069668	1	90.945060	91.000000	1	2.185288	6	4	1	2	2	1.4969
115	40	93.069668	1	85.317583	91.000000	1	0.827495	2	5	1	1	1	0.7143
116	41	93.069668	2	94.829763	91.000000	2	1.788948	2	4	1	1	1	1.0689
117	1	34.794740	1	32.207661	35.000000	1	1.610777	8	4	1	2	0	0.0000
118	2	34.794740	2	40.387847	35.000000	2	1.094086	4	3	1	1	0	0.0000
119	3	34.794740	1	28.761498	35.000000	1	0.950483	6	4	1	1	0	0.0000
120	4	34.794740	1	29.752067	35.000000	2	1.692205	2	3	1	2	0	0.0000
121	5	34.794740	1	29.631880	35.000000	2	1.596076	3	2	1	2	0	0.0000
122	6	34.794740	1	30.340084	35.000000	1	0.679310	3	2	2	1	0	0.0000
123	7	34.794740	1	30.602690	35.000000	1	1.551968	4	3	1	1	0	0.0000
124	8	34.794740	2	36.401168	35.000000	2	1.285318	4	2	1	1	0	0.0000
125	9	34.794740	1	31.377704	35.000000	2	1.085323	6	7	2	2	0	0.0000
126	10	34.794740	2	38.343381	35.000000	1	0.365606	3	2	1	1	0	0.0000
127	11	34.794740	2	40.749224	35.000000	2	0.715131	3	2	1	2	0	0.0000
128	12	34.794740	1	30.053606	35.000000	1	1.442620	6	4	1	2	0	0.0000
129	13	34.794740	1	28.810582	35.000000	1	0.980532	4	2	1	1	0	0.0000
130	14	34.794740	1	30.758743	35.000000	2	0.840907	4	7	1	1	0	0.0000
131	15	34.794740	2	40.747245	35.000000	2	0.643517	4	3	1	1	0	0.0000
132	16	34.794740	2	41.842110	35.000000	2	0.662141	8	2	1	2	0	0.0000
133	17	34.794740	1	28.096784	35.000000	1	2.015361	2	8	1	2	0	0.0000
134	18	34.794740	2	41.981805	35.000000	2	0.681838	2	5	1	2	0	0.0000
135	19	34.794740	2	38.681307	35.000000	2	0.658268	3	2	1	2	0	0.0000
136	20	34.794740	1	28.708188	35.000000	1	0.652442	8	5	1	1	0	0.0000
137	21	34.794740	2	38.425218	35.000000	2	0.846280	8	7	2	1	0	0.0000
138	22	34.794740	2	37.989705	35.000000	2	0.816208	6	7	1	1	0	0.0000
139	23	34.794740	1	30.477767	35.000000	1	0.699326	3	2	1	1	0	0.0000
140	24	34.794740	1	32.485295	35.000000	1	0.739953	7	8	1	2	0	0.0000
141	1	8.459623	1	4.929994	7.000000	1	1.149745	2	3	1	1	1	0.6794
142	2	8.459623	1	5.032584	7.000000	1	1.195595	3	4	1	2	2	0.3952
143	3	8.459623	1	2.686939	7.000000	1	0.986760	3	7	1	1	1	0.4991
144	4	8.459623	1	2.331787	7.000000	1	0.830939	6	8	1	2	2	0.5975
145	5	8.459623	1	2.676524	7.000000	1	1.044976	4	3	2	1	1	0.4988
146	6	8.459623	2	11.481479	7.000000	2	2.182476	4	8	1	2	2	0.8380
147	7	8.459623	1	0.783870	7.000000	1	0.771905	8	7	1	2	2	0.7092
148	8	8.459623	2	10.879085	7.000000	2	0.968643	4	3	1	1	1	0.6099
149	9	8.459623	1	4.125491	7.000000	1	1.113289	6	2	1	1	1	1.0843
150	10	8.459623	1	1.933289	7.000000	1	1.312293	2	3	1	2	2	0.5070
151	11	8.459623	2	10.357591	7.000000	2	1.134628	6	7	1	2	2	0.4411
152	12	8.459623	1	2.072399	7.000000	1	1.239341	2	5	1	2	2	0.3670
153	13	8.459623	2	12.243122	7.000000	2	1.062374	3	2	1	1	1	0.6277
154	14	8.459623	2	11.033507	7.000000	2	1.049855	2	3	1	2	2	0.4876
155	1	20.543001	1	17.544045	21.000000	1	1.831927	5	2	1	1	0	0.0000
156	2	20.543001	1	14.180295	21.000000	1	1.481675	3	2	1	2	0	0.0000
157	3	20.543001	2	27.587081	21.000000	2	0.809603	7	4	1	2	0	0.0000
158	4	20.543001	1	14.936844	21.000000	1	0.741579	3	5	1	1	0	0.0000
159	5	20.543001	2	27.037445	21.000000	2	0.612047	7	4	2	1	0	0.0000
160	6	20.543001	2	24.011680	21.000000	2	1.823437	3	2	1	2	0	0.0000
161	7	20.543001	2	26.392227	21.000000	2	0.897779	3	2	1	2	0	0.0000
162	8	20.543001	1	15.088373	21.000000	1	0.889724	6	7	1	1	0	0.0000
163	9	20.543001	1	17.590640	21.000000	1	0.930317	3	7	1	2	0	0.0000
164	10	20.543001	1	15.982036	21.000000	1	0.608477	2	7	1	2	0	0.0000
165	11	20.543001	2	22.094793	21.000000	2	0.772676	6	8	1	1	0	0.0000
166	12	20.543001	2	23.781107	21.000000	2	0.649697	4	7	1	2	0	0.0000
167	13	20.543001	2	22.555186	21.000000	2	0.635818	4	3	1	1	0	0.0000
168	14	20.543001	2	25.812738	21.000000	2	0.998470	3	4	2	2	0	0.0000
169	1	74.294440	1	77.000000	72.051428	1	1.738098	8	7	1	1	1	0.8921
170	2	74.294440	1	77.000000	71.104818	1	1.335923	4	2	1	1	1	0.7702
171	3	74.294440	2	77.000000	75.919867	1	1.042922	3	7	2	2	2	1.8494
172	4	74.294440	1	77.000000	72.592328	1	2.117716	3	2	1	2	2	3.3761
173	5	74.294440	1	77.000000	70.150919	2	1.510982	7	6	1	2	2	0.4116
174	6	74.294440	2	77.000000	83.551128	1	1.913246	2	3	1	1	1	1.3317
175	7	74.294440	2	77.000000	82.713881	1	3.397339	4	3	1	1	1	0.5473
176	8	74.294440	1	77.000000	71.939444	1	2.012699	2	7	1	1	1	0.7711
177	9	74.294440	1	77.000000	71.466770	2	1.643937	5	4	2	1	1	0.5218
178	10	74.294440	1	77.000000	71.316716	1	1.004698	2	6	2	2	2	0.8046
179	11	74.294440	2	77.000000	77.742815	2	4.020027	3	2	1	1	1	0.9848
180	12	74.294440	1	77.000000	70.714113	1	0.728526	4	3	1	2	2	1.1793
181	13	74.294440	1	77.000000	72.010058	2	1.363185	8	4	2	1	1	3.7799
182	14	74.294440	1	77.000000	72.329537	1	0.961471	2	6	2	2	1	0.5707
183	15	74.294440	1	77.000000	71.335336	2	1.251648	4	2	2	1	1	2.0732
184	16	74.294440	1	77.000000	72.050687	1	0.748646	2	3	1	2	1	0.5909
185	17	74.294440	1	77.000000	72.836274	2	1.391064	7	8	1	2	2	0.5193
186	18	74.294440	1	77.000000	71.287474	1	0.762144	2	6	1	2	2	0.4834
187	19	74.294440	2	77.000000	80.896933	1	0.775803	2	4	1	1	1	2.9291
188	20	74.294440	2	77.000000	77.366563	1	0.809382	2	8	1	2	2	0.9133
189	21	74.294440	2	77.000000	79.320996	1	1.003978	6	7	1	1	1	2.0119
190	22	74.294440	1	77.000000	72.566772	2	0.841504	7	4	1	1	1	0.4882
191	23	74.294440	2	77.000000	76.741361	2	0.804490	4	6	1	1	1	1.1484
192	24	74.294440	2	77.000000	78.620326	2	0.741423	4	3	1	2	2	0.4800
193	25	74.294440	2	77.000000	83.478817	1	0.740512	8	6	1	2	2	2.6151
194	26	74.294440	1	77.000000	72.890099	2	0.948149	5	8	1	2	2	2.6943
195	27	74.294440	1	77.000000	71.733381	2	2.240686	4	5	1	2	2	0.4863
196	28	74.294440	2	77.000000	78.514128	2	0.666305	2	4	2	2	2	0.7599
197	29	74.294440	1	77.000000	71.425345	2	0.049231	4	3	1	2	2	0.5119
198	30	74.294440	1	77.000000	72.541710	2	0.042613	8	3	1	2	2	2.6819
199	31	74.294440	1	77.000000	71.224714	2	2.252629	5	2	1	1	2	0.2972
200	32	74.294440	2	77.000000	76.884557	2	0.340965	4	3	1	2	2	0.3361
201	33	74.294440	2	77.000000	76.100596	2	0.290460	3	8	2	2	2	1.0154
202	34	74.294440	2	77.000000	82.957558	2	0.549997	8	2	2	1	2	0.7042
203	35	74.294440	2	77.000000	78.389969	2	1.995621	4	2	1	2	2	1.3705
204	36	74.294440	1	77.000000	71.029064	2	1.170881	3	5	1	1	2	1.5958
205	37	74.294440	1	77.000000	70.474148	2	1.210587	2	7	1	2	2	2.2022
206	38	74.294440	2	77.000000	80.728759	2	0.480600	2	3	1	1	2	1.2054
207	39	74.294440	1	77.000000	71.039325	2	3.028465	2	3	1	1	2	2.1700
208	40	74.294440	2	77.000000	83.482832	2	0.425632	2	5	1	1	2	4.5532
209	41	74.294440	2	77.000000	82.801474	2	0.479633	5	6	1	1	2	0.8607
210	42	74.294440	2	77.000000	78.137044	2	0.577076	8	6	1	2	2	1.2827
211	43	74.294440	2	77.000000	79.484847	2	0.670374	8	7	1	1	2	1.8117
212	44	74.294440	1	77.000000	72.228978	2	0.729529	5	2	1	1	2	0.2843
213	45	74.294440	2	77.000000	78.178990	2	1.368699	2	3	2	2	2	0.6497
214	46	74.294440	1	77.000000	72.293141	2	0.375023	5	3	1	2	2	1.6647
215	47	74.294440	2	77.000000	81.270712	2	0.292587	6	2	2	1	2	0.4017
216	48	74.294440	2	77.000000	79.889037	2	0.609345	8	2	1	2	2	0.7535
217	49	74.294440	2	77.000000	79.734796	2	1.258812	6	4	1	2	2	3.3685
218	50	74.294440	2	77.000000	79.284008	2	1.439176	4	6	1	2	4	5.9254
219	51	74.294440	1	77.000000	72.677164	2	0.844050	6	3	1	2	2	1.4107
220	52	74.294440	2	77.000000	83.930369	2	0.032803	7	6	1	2	2	0.4481
221	53	74.294440	1	77.000000	71.963610	2	0.453581	3	2	1	1	2	0.3958
222	54	74.294440	1	77.000000	71.827910	2	1.515603	5	4	1	2	2	0.5184
223	55	74.294440	2	77.000000	80.698247	2	0.697057	2	3	1	1	2	0.8453
224	56	74.294440	2	77.000000	76.163612	2	0.466436	2	3	1	1	2	0.3521
225	57	74.294440	2	77.000000	80.636295	2	0.441820	3	4	1	1	2	0.4168
226	58	74.294440	2	77.000000	79.473576	2	2.767714	7	8	1	2	2	0.5753
227	59	74.294440	2	77.000000	77.645425	2	0.544214	8	6	1	2	2	0.6027
228	60	74.294440	1	77.000000	71.470022	2	0.313698	7	8	1	2	2	0.3978
229	61	74.294440	2	77.000000	82.371932	2	0.109270	7	3	1	2	2	0.4498
230	62	74.294440	1	77.000000	71.751050	2	0.223373	6	2	2	1	2	0.3030
231	63	74.294440	1	77.000000	71.993371	2	1.378894	3	2	1	1	1	0.8991
232	64	74.294440	1	77.000000	72.700968	1	0.918340	3	4	1	2	2	0.6575
233	65	74.294440	2	77.000000	81.351641	1	0.654954	2	4	1	1	1	0.4131
234	66	74.294440	2	77.000000	78.301241	1	0.683903	7	6	1	1	1	0.7848
235	67	74.294440	2	77.000000	77.813665	2	0.896847	4	5	1	2	2	0.6767
236	68	74.294440	1	77.000000	72.539010	1	0.976824	6	5	1	1	1	0.6181
237	69	74.294440	2	77.000000	79.770819	1	0.720829	2	5	1	1	1	0.5562
238	70	74.294440	1	77.000000	72.240380	1	1.189682	8	4	1	1	1	0.5821
239	71	74.294440	1	77.000000	70.242969	2	0.894211	7	5	2	1	1	0.7706
240	72	74.294440	1	77.000000	72.388289	2	0.827447	2	4	1	2	1	0.6507
241	73	74.294440	2	77.000000	76.893925	1	0.888182	2	3	1	1	1	1.8047
242	74	74.294440	2	77.000000	79.052131	1	1.963175	2	5	1	2	1	1.1397
243	75	74.294440	1	77.000000	71.571942	2	1.069484	3	2	2	1	1	0.6745
244	76	74.294440	1	77.000000	70.645438	2	1.439453	7	4	1	2	2	1.0056
245	77	74.294440	2	77.000000	78.289609	1	0.636690	2	5	1	1	1	1.2594
246	78	74.294440	1	77.000000	72.517396	1	0.704329	8	3	1	2	2	1.0125
247	79	74.294440	2	77.000000	81.789196	1	0.835075	2	3	1	1	2	1.2415
248	80	74.294440	2	77.000000	79.215181	1	0.623300	6	3	1	1	2	1.2867
249	81	74.294440	2	77.000000	81.296320	1	0.858289	2	4	1	1	1	1.8563
250	82	74.294440	2	77.000000	82.343642	2	0.860776	4	3	2	1	1	0.5067
251	83	74.294440	2	77.000000	82.710759	1	0.854392	7	4	1	1	1	0.4921
252	84	74.294440	1	77.000000	72.116090	2	1.208456	3	8	1	1	2	1.3602
253	85	74.294440	2	77.000000	79.581973	2	1.624973	3	2	1	2	2	2.3118
254	86	74.294440	2	77.000000	83.625240	1	0.705211	3	5	1	1	1	1.3734
255	87	74.294440	2	77.000000	78.335402	2	1.421598	2	3	1	1	1	0.4283
256	88	74.294440	2	77.000000	81.614133	2	1.826596	8	2	1	1	1	0.6334
257	89	74.294440	1	77.000000	71.441714	1	1.815284	5	4	1	1	1	1.8217
258	90	74.294440	2	77.000000	82.778170	1	1.883844	8	7	1	1	1	1.4316
259	91	74.294440	2	77.000000	77.755191	2	1.349059	4	3	1	2	2	2.5267
260	92	74.294440	1	77.000000	71.832320	1	2.391779	2	4	2	2	2	0.8793
261	93	74.294440	2	77.000000	80.899081	1	1.291331	4	2	1	2	2	1.3675
262	94	74.294440	1	77.000000	70.184264	1	0.927825	3	4	1	2	2	0.8664
263	95	74.294440	2	77.000000	79.488934	1	1.254855	6	8	1	2	2	0.8607
264	96	74.294440	1	77.000000	71.867046	2	1.281286	6	4	1	1	2	0.9174
265	97	74.294440	1	77.000000	70.970125	2	2.080142	5	8	1	2	1	0.5557
266	98	74.294440	2	77.000000	80.488511	2	0.533300	6	8	1	1	1	1.1120
267	99	74.294440	2	77.000000	83.431949	1	0.642611	4	3	2	1	1	0.6173
268	100	74.294440	2	77.000000	80.148461	2	1.857296	4	3	1	2	2	1.0053
269	101	74.294440	1	77.000000	72.771077	1	1.924343	3	2	1	1	1	0.4549
270	102	74.294440	2	77.000000	82.683346	2	2.164411	2	5	1	2	2	0.6926
271	103	74.294440	1	77.000000	72.607847	2	3.096936	3	2	2	1	1	0.5151
272	104	74.294440	2	77.000000	82.092309	2	1.253923	3	6	1	1	1	0.5717
273	105	74.294440	2	77.000000	81.539037	1	1.156192	4	8	1	2	2	0.7268
274	106	74.294440	1	77.000000	71.232430	2	1.504046	2	3	2	2	2	0.8035
275	107	74.294440	2	77.000000	78.995737	2	0.963133	6	8	1	2	2	1.4201
276	108	74.294440	2	77.000000	76.735345	2	1.034023	2	8	1	2	2	0.6408
277	109	74.294440	2	77.000000	79.198647	2	0.782847	5	8	1	1	1	0.4155
278	110	74.294440	2	77.000000	81.488318	2	1.222462	2	3	1	2	2	0.7255
279	111	74.294440	2	77.000000	77.501187	2	1.264172	3	4	1	2	2	2.4852
280	112	74.294440	1	77.000000	72.220732	2	1.423636	5	4	1	2	1	1.0307
281	113	74.294440	2	77.000000	77.391302	2	0.596628	3	2	2	1	2	0.5726
282	114	74.294440	2	77.000000	76.672639	2	1.293343	3	2	1	2	2	0.6498
283	115	74.294440	2	77.000000	76.536460	2	1.095190	8	5	1	1	1	0.7150
284	116	74.294440	2	77.000000	83.657082	2	2.261430	5	2	1	1	1	1.2826
285	117	74.294440	2	77.000000	83.156502	2	1.958130	5	4	1	2	1	1.0793
286	118	74.294440	2	77.000000	79.748402	2	1.507053	7	3	1	1	1	0.7344
287	119	74.294440	1	77.000000	71.146214	2	1.368591	7	6	1	2	1	2.4414
288	120	74.294440	2	77.000000	77.923572	2	0.606113	3	4	1	1	1	0.6942
289	121	74.294440	1	77.000000	70.232969	1	0.929699	3	2	2	1	1	0.7481
290	122	74.294440	1	77.000000	72.553504	1	0.877307	3	5	1	1	1	0.5868
291	123	74.294440	1	77.000000	70.386811	1	2.339067	3	2	1	1	1	0.4924
292	124	74.294440	2	77.000000	80.136153	1	0.832505	2	4	2	2	2	0.7193
293	125	74.294440	1	77.000000	70.772856	1	1.386160	2	3	1	1	1	0.7622
294	126	74.294440	2	77.000000	81.899982	1	0.978841	7	2	1	2	2	0.7235
295	127	74.294440	1	77.000000	71.822636	2	0.966237	8	6	1	1	1	0.5114
296	128	74.294440	2	77.000000	77.121784	2	1.194116	2	3	1	1	1	0.5538
297	129	74.294440	2	77.000000	76.386240	2	2.387350	3	2	1	1	1	0.4268
298	130	74.294440	2	77.000000	77.743440	1	1.409037	4	2	1	1	1	0.6327
299	131	74.294440	1	77.000000	71.154638	2	1.142717	2	3	1	2	1	0.5772
300	132	74.294440	2	77.000000	77.092481	2	0.745083	6	4	1	1	1	0.8995
301	133	74.294440	1	77.000000	71.192791	2	0.734735	3	4	1	1	1	1.0013
302	134	74.294440	1	77.000000	71.176789	2	1.160402	2	6	1	1	2	1.1701
303	135	74.294440	1	77.000000	71.299204	2	0.770609	4	5	2	2	1	1.5719
304	136	74.294440	2	77.000000	78.838698	2	0.795865	4	2	1	1	1	0.6919
305	137	74.294440	2	77.000000	83.080786	2	0.888196	2	7	1	1	2	1.0527
306	138	74.294440	1	77.000000	72.695255	2	1.161754	5	6	1	2	2	1.2426
307	139	74.294440	2	77.000000	76.044920	1	0.936433	3	5	1	1	2	1.0590
308	140	74.294440	2	77.000000	78.237248	1	0.735933	5	6	1	1	1	0.4508
309	141	74.294440	1	77.000000	72.014945	2	0.936472	8	6	1	2	1	1.0269
310	142	74.294440	2	77.000000	78.258157	1	1.361723	8	6	1	1	1	0.6898
311	143	74.294440	2	77.000000	77.182700	2	1.197706	6	8	1	1	1	0.7894
312	144	74.294440	1	77.000000	72.579291	1	0.749406	4	6	1	2	2	0.7834
313	145	74.294440	2	77.000000	80.820180	1	0.679356	4	5	1	1	1	1.1161
314	146	74.294440	2	77.000000	81.757517	2	0.614486	8	3	1	2	1	0.7980
315	147	74.294440	1	77.000000	71.303562	1	2.077436	2	3	1	2	2	0.5617
316	148	74.294440	1	77.000000	70.769174	1	1.170496	2	3	1	1	1	0.8194
317	149	74.294440	2	77.000000	82.601149	2	1.018316	6	3	1	1	1	0.8494
318	150	74.294440	1	77.000000	71.532335	2	0.542616	7	3	1	2	2	0.5294
319	151	74.294440	1	77.000000	72.777445	1	0.651751	3	5	2	2	1	1.7617
320	152	74.294440	1	77.000000	70.945083	2	0.673776	3	2	1	2	2	1.7111
321	153	74.294440	2	77.000000	76.291051	1	0.889201	3	2	1	1	2	0.4697
322	154	74.294440	2	77.000000	77.427538	1	0.090480	2	3	1	1	2	0.3199
323	155	74.294440	1	77.000000	72.036947	2	0.530857	7	4	1	1	1	1.7336
324	156	74.294440	1	77.000000	72.434081	2	0.606865	7	8	1	2	1	0.5750
325	157	74.294440	1	77.000000	70.253454	1	0.367982	4	3	2	1	2	0.5775
326	158	74.294440	2	77.000000	76.446492	2	0.545586	3	6	1	2	1	0.3400
327	159	74.294440	1	77.000000	71.050058	1	0.542400	4	5	1	2	1	0.5851
328	160	74.294440	1	77.000000	72.848666	1	0.513264	3	2	1	1	1	0.3009
329	161	74.294440	2	77.000000	76.228768	1	0.176405	6	5	1	1	1	1.5783
330	162	74.294440	2	77.000000	78.631635	1	0.793631	8	7	1	1	1	0.2823
331	163	74.294440	1	77.000000	72.029280	1	0.278795	2	8	2	2	1	0.3639
332	164	74.294440	2	77.000000	76.434185	1	0.292722	3	7	1	1	1	1.8259
333	165	74.294440	1	77.000000	71.297292	1	0.559810	4	7	1	2	1	0.7298
334	166	74.294440	2	77.000000	81.739920	1	0.467902	4	5	2	2	1	0.4255
335	167	74.294440	2	77.000000	78.262076	2	0.376615	8	2	1	1	2	1.1703
336	168	74.294440	2	77.000000	78.614698	4	5.674179	2	3	1	1	2	0.2964
337	169	74.294440	1	77.000000	71.399777	2	0.300153	6	7	1	1	2	0.0244
338	170	74.294440	1	77.000000	70.891743	2	0.191675	2	4	1	2	2	0.4649
339	171	74.294440	2	77.000000	75.727632	2	0.117893	2	3	2	2	2	0.3135
340	172	74.294440	2	77.000000	82.220431	2	0.148441	3	8	1	2	2	0.0311
341	173	74.294440	1	77.000000	70.153263	2	0.165752	5	3	1	1	2	0.0475
342	174	74.294440	1	77.000000	70.688019	2	0.349364	8	3	1	2	2	0.1676
343	175	74.294440	1	77.000000	70.281444	2	0.128877	3	2	1	2	2	0.2521
344	176	74.294440	2	77.000000	82.370902	2	0.601862	5	6	1	1	2	0.2739
345	177	74.294440	1	77.000000	72.538291	2	0.047068	5	4	1	2	2	0.4615
346	178	74.294440	1	77.000000	70.348708	2	0.074514	2	5	1	2	2	0.3204
347	179	74.294440	1	77.000000	70.971908	2	0.219628	3	2	2	1	2	0.3952
348	180	74.294440	2	77.000000	77.049081	2	0.506857	5	2	1	2	2	0.3991
349	181	74.294440	2	77.000000	78.666004	2	0.094694	7	5	1	1	2	0.4205
350	182	74.294440	2	77.000000	82.372538	2	0.610078	2	7	1	1	2	0.0583
351	183	74.294440	2	77.000000	76.208186	2	0.920220	5	4	2	1	2	0.0832
352	184	74.294440	1	77.000000	72.525793	2	0.423951	3	6	1	1	2	2.3275
353	185	74.294440	2	77.000000	80.693550	2	0.217077	2	5	2	2	2	0.4969
354	186	74.294440	1	77.000000	70.052764	2	0.036262	4	2	1	1	2	0.2996
355	187	74.294440	2	77.000000	80.067205	2	0.023245	2	6	1	2	2	0.2471
356	188	74.294440	1	77.000000	70.709186	2	0.220950	4	2	1	2	2	0.0205
357	189	74.294440	1	77.000000	70.625110	2	0.115977	3	8	1	2	2	0.5038
358	190	74.294440	1	77.000000	70.358058	2	0.147375	2	3	1	1	2	0.5819
359	191	74.294440	1	77.000000	70.939614	2	0.118083	2	3	1	1	2	0.0739
360	192	74.294440	2	77.000000	77.830248	2	0.143078	2	7	1	2	2	1.8584
361	193	74.294440	2	77.000000	83.989297	2	0.302733	5	2	2	1	2	0.1311
362	194	74.294440	1	77.000000	71.414642	2	0.069612	4	3	1	2	2	0.4676
363	195	74.294440	1	77.000000	72.019980	2	0.016598	8	7	1	1	2	0.6883
364	196	74.294440	2	77.000000	79.404489	2	4.884407	2	3	2	2	2	0.6699
365	197	74.294440	1	77.000000	71.084455	2	0.282615	6	5	1	1	2	0.3598
366	198	74.294440	2	77.000000	81.153830	2	0.408828	3	4	1	1	2	0.4092
367	199	74.294440	2	77.000000	75.789360	2	0.328678	4	3	1	1	2	0.7238
368	200	74.294440	1	77.000000	71.024027	2	0.566441	2	3	1	2	2	0.0880
369	201	74.294440	1	77.000000	70.266340	2	0.116570	3	4	1	1	2	0.7764
370	202	74.294440	2	77.000000	83.578594	2	0.224863	8	3	1	2	2	0.3447
371	203	74.294440	2	77.000000	75.808608	2	0.386364	4	2	2	1	2	2.5313
372	204	74.294440	1	77.000000	70.814532	2	0.187874	7	2	1	1	2	0.5092
373	205	74.294440	1	77.000000	72.721947	2	0.272758	5	3	1	1	2	0.3024
374	206	74.294440	2	77.000000	80.024492	2	0.258008	5	3	1	1	2	0.3925
375	207	74.294440	2	77.000000	81.283541	2	0.208837	3	2	1	1	2	0.3453
376	208	74.294440	2	77.000000	78.156564	2	0.322845	7	4	1	2	2	0.2866
377	209	74.294440	2	77.000000	82.364865	2	0.883398	2	7	1	2	2	0.3196
378	210	74.294440	2	77.000000	78.279497	2	0.018679	3	2	1	1	2	0.5466
379	211	74.294440	2	77.000000	79.428037	2	0.460004	8	6	1	1	2	0.3224
380	212	74.294440	1	77.000000	71.702339	2	0.221290	3	8	1	2	2	0.2374
381	213	74.294440	1	77.000000	70.711987	2	2.179694	7	8	1	1	2	0.5072
382	214	74.294440	1	77.000000	72.257463	2	0.446781	8	3	1	2	1	3.3331
383	215	74.294440	2	77.000000	81.542771	1	0.004729	3	4	1	2	3	0.3017
384	216	74.294440	1	77.000000	72.202248	1	0.041373	8	2	1	2	2	0.0965
385	217	74.294440	1	77.000000	70.337947	1	0.140307	3	5	1	2	2	0.2316
386	218	74.294440	2	77.000000	80.743514	2	0.054052	7	5	1	1	2	0.0925
387	219	74.294440	2	77.000000	83.999061	2	0.193242	3	4	2	2	2	0.0741
388	220	74.294440	2	77.000000	81.112401	2	0.007379	3	4	1	2	2	1.8400
389	221	74.294440	1	77.000000	70.439847	1	0.117254	8	2	1	2	2	0.2171
390	222	74.294440	1	77.000000	71.793218	1	0.232024	3	4	1	1	1	0.1673
391	223	74.294440	1	77.000000	70.465041	2	0.144633	2	3	2	2	2	0.3470
392	224	74.294440	2	77.000000	76.394535	1	0.228518	5	3	1	1	2	0.4117
393	225	74.294440	1	77.000000	70.599562	2	0.346767	8	2	1	1	2	0.5249
394	226	74.294440	1	77.000000	71.040379	2	0.447826	3	2	1	2	1	0.4142
395	227	74.294440	2	77.000000	76.773057	2	0.381290	5	6	1	1	4	5.1899
396	228	74.294440	2	77.000000	79.019400	1	2.066682	8	3	2	1	2	0.5591
397	229	74.294440	1	77.000000	72.169332	1	0.360595	5	2	2	1	2	0.4102
398	230	74.294440	2	77.000000	77.204176	2	0.968952	5	2	1	2	2	0.3625
399	231	74.294440	2	77.000000	76.492261	1	0.195259	4	5	1	2	2	0.0997
400	232	74.294440	1	77.000000	71.621322	2	0.143572	8	7	1	1	1	0.0907
401	233	74.294440	1	77.000000	71.861910	2	0.023244	7	8	1	1	1	0.0151
402	234	74.294440	2	77.000000	79.497962	2	2.102433	6	7	1	2	2	1.0495
403	235	74.294440	2	77.000000	79.135594	2	0.678741	5	7	2	2	1	0.0910
404	236	74.294440	1	77.000000	70.191226	2	0.751763	2	5	2	2	2	1.1219
405	237	74.294440	2	77.000000	78.973084	2	0.572297	3	5	1	1	2	0.1016
406	238	74.294440	2	77.000000	77.048504	2	0.121576	3	6	1	1	1	0.1333
407	239	74.294440	1	77.000000	72.592272	1	0.047794	3	8	1	1	2	0.1424
408	240	74.294440	2	77.000000	76.154476	2	0.401031	4	8	2	2	2	1.8813
409	241	74.294440	2	77.000000	75.928859	1	0.180309	3	8	1	2	1	0.4697
410	242	74.294440	2	77.000000	82.432775	1	1.626699	8	6	1	2	1	0.2331
411	243	74.294440	2	77.000000	82.700222	1	0.087654	5	3	1	2	2	0.0608
412	244	74.294440	2	77.000000	82.565297	1	0.162150	6	7	1	2	1	0.0759
413	245	74.294440	2	77.000000	77.132468	2	0.033093	6	5	1	1	2	2.9845
414	246	74.294440	2	77.000000	82.137846	1	0.254656	5	7	1	2	2	1.3171
415	247	74.294440	2	77.000000	81.235644	1	0.551449	6	2	1	1	2	0.4655
416	248	74.294440	1	77.000000	70.449238	2	0.086228	2	3	1	2	2	0.0915
417	249	74.294440	1	77.000000	70.780576	2	0.944049	5	2	1	2	2	0.0132
418	250	74.294440	1	77.000000	71.793264	2	0.289986	8	3	1	2	2	0.0549
419	251	74.294440	1	77.000000	70.367004	2	0.325023	4	6	2	2	2	0.1685
420	252	74.294440	2	77.000000	79.021242	2	3.169949	2	3	2	2	2	0.2092
421	253	74.294440	1	77.000000	70.850175	2	0.129075	3	5	1	1	2	0.0360
422	254	74.294440	2	77.000000	81.281032	2	0.154858	3	2	1	2	2	0.2532
423	255	74.294440	1	77.000000	72.229896	2	0.322991	7	3	1	1	2	0.7347
424	256	74.294440	1	77.000000	71.779982	1	0.216437	6	3	1	1	1	0.0164
425	257	74.294440	1	77.000000	71.957419	1	1.471765	8	7	1	1	1	1.5647
426	258	74.294440	1	77.000000	72.863198	1	0.084677	6	3	1	2	1	0.2258
427	259	74.294440	2	77.000000	81.044997	1	0.240812	8	5	1	1	1	0.3281
428	260	74.294440	1	77.000000	71.424675	1	0.154436	5	2	1	1	1	0.4127
429	261	74.294440	1	77.000000	72.770107	1	0.260020	2	8	1	1	1	0.5541
430	262	74.294440	1	77.000000	70.650496	1	0.467660	2	5	2	2	1	0.3774
431	263	74.294440	1	77.000000	71.744478	1	0.193609	2	3	1	2	1	0.2027
432	264	74.294440	2	77.000000	76.503880	1	0.090396	3	8	1	1	1	0.2236
433	265	74.294440	1	77.000000	72.402521	2	0.182704	8	2	1	1	1	0.1280
434	266	74.294440	2	77.000000	83.430227	2	3.043770	3	2	1	1	2	0.2074
435	267	74.294440	1	77.000000	71.799052	2	0.399240	3	7	1	1	2	0.5276
436	268	74.294440	1	77.000000	71.331191	2	0.297640	4	2	1	2	2	0.2540
437	269	74.294440	2	77.000000	82.961836	2	0.107809	8	7	1	2	1	0.0242
438	270	74.294440	1	77.000000	70.994093	1	0.623419	2	4	1	2	2	0.1110
439	271	74.294440	1	77.000000	70.988669	1	0.330276	3	5	1	1	2	0.0291
440	272	74.294440	2	77.000000	83.299301	2	0.539849	5	4	2	1	1	0.0628
441	273	74.294440	1	77.000000	71.914195	2	0.267972	3	4	1	2	2	0.0255
442	274	74.294440	1	77.000000	71.169760	2	0.281009	6	2	1	2	2	0.2301
443	275	74.294440	2	77.000000	79.659485	2	0.004252	5	6	1	2	2	1.6770
444	276	74.294440	2	77.000000	81.904419	2	0.248810	3	4	1	1	2	1.3513
445	277	74.294440	1	77.000000	72.343612	2	0.240159	3	4	1	1	2	0.4394
446	278	74.294440	1	77.000000	71.097257	1	0.621497	6	5	1	2	2	1.9812
447	279	74.294440	2	77.000000	82.808198	2	1.844149	4	2	2	1	2	0.1859
448	280	74.294440	1	77.000000	72.184626	2	2.530293	7	3	2	1	2	0.2037
449	281	74.294440	1	77.000000	71.236754	2	4.507577	3	5	1	2	2	1.3088
450	282	74.294440	1	77.000000	72.731273	2	0.319554	3	2	1	2	1	0.7713
451	283	74.294440	2	77.000000	81.791253	2	1.523943	2	4	1	1	1	1.0068
452	284	74.294440	2	77.000000	83.619642	1	0.101927	3	5	1	1	2	0.5064
453	285	74.294440	2	77.000000	82.171546	2	0.822149	5	2	1	2	2	0.4613
454	286	74.294440	2	77.000000	77.052298	2	0.322285	2	4	1	2	2	0.4780
455	287	74.294440	2	77.000000	82.304166	2	0.410195	3	4	1	1	2	0.2186
456	288	74.294440	1	77.000000	72.250023	2	0.473471	6	2	1	1	2	0.3912
457	289	74.294440	1	77.000000	72.615058	2	0.535484	6	4	1	1	2	1.2102
458	290	74.294440	1	77.000000	71.294405	2	0.312566	6	8	1	1	2	3.6524
459	291	74.294440	2	77.000000	78.932242	2	0.383509	5	8	1	2	2	0.0242
460	292	74.294440	1	77.000000	72.803737	2	1.959637	5	7	1	2	2	0.0087
461	293	74.294440	2	77.000000	83.070527	2	1.832839	6	4	2	1	2	1.9028
462	294	74.294440	2	77.000000	83.543489	2	0.785075	5	7	2	2	2	0.2976
463	295	74.294440	2	77.000000	77.134455	2	0.149565	2	3	1	2	2	0.2239
464	296	74.294440	2	77.000000	75.772085	2	0.950848	2	4	2	2	2	0.6809
465	297	74.294440	2	77.000000	76.901403	2	0.205099	4	6	1	1	2	0.1735
466	298	74.294440	1	77.000000	72.475081	2	0.486550	4	3	1	1	2	0.2755
467	299	74.294440	1	77.000000	72.671612	2	2.168595	4	2	2	1	2	0.5288
468	300	74.294440	2	77.000000	83.642145	2	0.290889	3	2	1	2	2	0.9280
469	301	74.294440	2	77.000000	80.398148	2	1.425754	8	5	1	1	2	2.0889
470	302	74.294440	2	77.000000	83.702284	2	0.851919	4	7	1	1	2	0.6097
471	303	74.294440	1	77.000000	71.630373	2	0.313167	5	4	2	1	2	0.9489
472	304	74.294440	1	77.000000	71.081474	4	16.734059	8	3	1	2	2	0.0573
473	305	74.294440	1	77.000000	71.739376	2	1.175614	2	5	1	1	2	0.0083
474	306	74.294440	2	77.000000	83.272589	4	39.672369	4	2	1	1	3	0.1016
