1	1	18.629467	1	15.027596	21.000000	2	1.436285	7	4	1	2	0	0.0000
2	2	18.629467	1	16.941372	21.000000	1	0.991751	3	6	1	1	0	0.0000
3	3	18.629467	1	15.670704	21.000000	1	1.214170	5	3	1	2	0	0.0000
4	4	18.629467	2	20.365473	21.000000	1	0.769029	8	7	1	1	0	0.0000
5	5	18.629467	2	20.340049	21.000000	2	1.101832	4	2	1	1	0	0.0000
6	6	18.629467	2	24.743499	21.000000	2	0.629500	5	3	1	1	0	0.0000
7	7	18.629467	1	15.901295	21.000000	1	1.472069	3	2	1	1	0	0.0000
8	8	18.629467	2	25.007815	21.000000	2	0.728572	2	5	1	2	0	0.0000
9	9	18.629467	2	27.619747	21.000000	2	0.887157	6	7	2	2	0	0.0000
10	10	18.629467	2	27.754800	21.000000	1	1.447223	3	7	2	2	0	0.0000
11	11	18.629467	2	22.965134	21.000000	2	0.872540	6	2	2	1	0	0.0000
12	12	18.629467	2	27.567464	21.000000	2	0.913480	5	3	1	2	0	0.0000
13	13	18.629467	1	14.139474	21.000000	1	0.736559	6	3	1	2	0	0.0000
14	14	18.629467	1	15.175474	21.000000	1	1.726882	7	2	1	1	0	0.0000
15	15	18.629467	1	15.035505	21.000000	1	1.165256	2	7	1	2	0	0.0000
16	16	18.629467	2	21.782589	21.000000	2	0.642004	3	4	1	1	0	0.0000
17	17	18.629467	1	16.484501	21.000000	1	1.084611	3	2	2	1	0	0.0000
18	18	18.629467	2	24.635560	21.000000	2	0.660649	2	4	1	2	0	0.0000
19	1	34.858129	2	40.067489	35.000000	2	2.101151	7	3	1	2	3	2.3292
20	2	34.858129	2	37.028615	35.000000	1	2.224413	4	6	1	1	3	2.1586
21	3	34.858129	1	31.903506	35.000000	2	2.718833	5	3	2	1	1	3.9924
22	4	34.858129	1	30.495584	35.000000	1	1.109511	4	6	1	1	4	5.9534
23	5	34.858129	2	39.107224	35.000000	2	0.662242	5	3	1	1	3	0.7877
24	6	34.858129	1	31.027657	35.000000	1	2.019482	6	3	2	1	3	1.9378
25	7	34.858129	2	38.318491	35.000000	1	0.906701	4	3	1	1	3	2.6144
26	8	34.858129	2	41.670769	35.000000	1	1.187465	8	4	1	1	1	2.4117
27	9	34.858129	1	30.157256	35.000000	2	3.537010	7	4	1	2	1	2.6652
28	10	34.858129	2	40.578074	35.000000	2	2.813641	5	4	1	1	1	2.2099
29	11	34.858129	1	32.830823	35.000000	2	1.487913	7	6	1	1	1	1.2919
30	12	34.858129	1	28.538481	35.000000	2	2.071383	7	8	1	2	2	1.8714
31	13	34.858129	2	39.941956	35.000000	2	1.870965	6	2	2	1	1	1.8116
32	14	34.858129	1	31.464270	35.000000	2	3.985274	6	2	1	1	1	0.6713
33	15	34.858129	2	37.580737	35.000000	2	3.795896	6	5	1	1	1	1.8819
34	16	34.858129	1	31.874081	35.000000	1	2.669018	6	3	2	1	2	2.7127
35	17	34.858129	2	37.028874	35.000000	1	2.689558	6	3	1	1	1	1.1488
36	18	34.858129	2	38.832012	35.000000	2	2.061511	6	2	1	1	1	0.6104
37	19	34.858129	1	31.878278	35.000000	1	3.624935	5	6	2	2	2	1.4860
38	20	34.858129	1	30.435188	35.000000	1	1.965721	3	4	2	2	2	0.3855
39	21	34.858129	1	33.155931	35.000000	1	1.833713	2	6	1	1	1	1.5275
40	22	34.858129	2	38.180266	35.000000	1	1.256607	4	8	1	2	2	1.8703
41	23	34.858129	2	36.819990	35.000000	2	1.353891	8	6	2	1	1	0.9954
42	24	34.858129	2	38.875324	35.000000	1	3.810352	2	6	1	1	1	1.1038
43	25	34.858129	2	37.688438	35.000000	1	1.370709	5	8	2	2	2	1.6109
44	26	34.858129	1	29.654450	35.000000	1	4.449199	6	2	1	2	2	2.6843
45	27	34.858129	2	37.677107	35.000000	1	1.942671	4	7	2	2	2	2.5042
46	28	34.858129	1	30.558418	35.000000	2	3.537993	4	3	1	1	1	0.9944
47	29	34.858129	2	40.528139	35.000000	1	1.321283	2	8	1	2	2	1.8603
48	30	34.858129	2	38.784364	35.000000	2	1.728581	6	3	1	1	1	0.7143
49	31	34.858129	2	40.732207	35.000000	1	1.652692	4	6	2	2	2	2.9143
50	32	34.858129	2	39.702678	35.000000	2	2.538957	4	8	1	2	2	2.1801
51	33	34.858129	1	33.115766	35.000000	2	2.786986	4	5	1	1	1	1.3377
52	34	34.858129	1	32.322059	35.000000	1	2.595196	4	2	1	2	1	1.1615
53	35	34.858129	1	29.664170	35.000000	4	5.448977	3	5	1	1	1	1.0484
54	36	34.858129	1	28.767855	35.000000	2	1.557326	6	7	1	2	2	1.7105
55	37	34.858129	2	41.826471	35.000000	1	1.560400	5	4	1	1	1	1.1778
56	38	34.858129	1	32.754942	35.000000	1	1.729196	4	3	1	2	2	1.2990
57	39	34.858129	2	40.153255	35.000000	1	3.589677	5	7	2	2	2	0.7880
58	40	34.858129	2	38.323348	35.000000	1	1.763908	3	2	1	2	2	1.0123
59	41	34.858129	2	37.189722	35.000000	2	1.266670	5	3	2	1	1	1.0074
60	42	34.858129	1	28.719442	35.000000	2	2.582523	5	6	2	2	1	1.3817
61	43	34.858129	1	28.399246	35.000000	2	1.980909	2	4	1	1	1	2.1726
62	44	34.858129	1	31.473510	35.000000	1	1.923933	3	8	1	2	2	1.3984
63	45	34.858129	1	33.264097	35.000000	2	2.645238	8	5	1	1	1	2.9703
64	46	34.858129	1	33.169482	35.000000	2	1.824947	8	5	1	1	1	1.2873
65	47	34.858129	2	40.161523	35.000000	2	2.650655	5	4	1	1	1	1.8230
66	48	34.858129	2	38.590958	35.000000	1	0.964791	2	4	1	2	2	1.5978
67	49	34.858129	1	29.100167	35.000000	1	2.388415	2	5	1	2	2	0.9316
68	50	34.858129	2	38.432897	35.000000	2	1.093476	8	6	1	1	1	0.3456
69	51	34.858129	1	32.005925	35.000000	1	2.891256	2	3	1	1	1	1.3981
70	52	34.858129	1	32.618100	35.000000	1	0.940738	4	7	2	2	2	1.7914
71	53	34.858129	2	37.036808	35.000000	2	2.174279	8	7	1	1	1	1.0945
72	54	34.858129	1	32.670059	35.000000	1	1.217165	6	7	2	2	2	0.9442
73	55	34.858129	2	39.153599	35.000000	1	1.105236	3	7	1	2	2	1.3409
74	56	34.858129	1	29.120763	35.000000	1	1.830399	7	3	1	2	2	1.7004
75	57	34.858129	1	33.088416	35.000000	2	3.430419	3	2	2	1	1	0.8349
76	58	34.858129	1	29.623458	35.000000	2	2.664684	4	2	1	1	1	1.5323
77	59	34.858129	2	36.330814	35.000000	1	1.629500	4	7	1	1	2	2.5904
78	60	34.858129	1	28.343592	35.000000	1	2.497983	3	4	1	2	2	1.7404
79	61	34.858129	1	28.499388	35.000000	2	1.109537	6	2	1	2	2	1.3694
80	62	34.858129	1	28.797428	35.000000	1	2.489311	3	5	1	1	1	1.7005
81	63	34.858129	1	31.476782	35.000000	1	1.150833	2	4	1	2	2	0.8167
82	64	34.858129	1	33.132915	35.000000	2	1.111041	3	2	1	2	2	1.4019
83	65	34.858129	2	37.181419	35.000000	2	3.544521	4	3	1	2	2	1.1451
84	66	34.858129	2	40.074500	35.000000	1	1.313686	3	8	1	2	2	1.2848
85	67	34.858129	2	40.165251	35.000000	2	0.896109	7	4	1	1	1	1.0680
86	68	34.858129	2	36.844633	35.000000	2	2.136282	4	3	2	1	1	0.9377
87	69	34.858129	1	32.451322	35.000000	1	0.715474	2	8	1	2	2	0.4628
88	70	34.858129	2	40.426624	35.000000	1	1.379423	4	6	1	1	1	1.3478
89	71	34.858129	2	39.542093	35.000000	2	0.660311	3	2	1	1	1	0.9305
90	72	34.858129	2	40.664942	35.000000	2	1.244025	7	3	2	1	1	0.7864
91	73	34.858129	1	32.986403	35.000000	2	1.354159	2	3	1	2	2	0.9558
92	74	34.858129	2	37.598988	35.000000	2	0.668642	8	2	1	1	1	0.8180
93	75	34.858129	1	32.562737	35.000000	1	1.072355	4	6	1	1	1	1.1896
94	76	34.858129	1	31.761124	35.000000	2	1.124995	3	2	2	1	1	1.1132
95	77	34.858129	2	38.685069	35.000000	1	0.890146	3	7	1	2	2	0.9108
96	78	34.858129	1	28.050104	35.000000	1	1.121178	4	6	1	1	1	1.2762
97	79	34.858129	1	30.757970	35.000000	2	1.136271	8	3	1	2	2	1.7547
98	80	34.858129	1	30.270017	35.000000	1	2.267208	2	3	1	1	1	1.2391
99	81	34.858129	1	32.594619	35.000000	1	2.388436	4	5	2	2	2	1.4678
100	82	34.858129	2	39.449778	35.000000	1	1.431743	3	2	1	1	1	1.0698
101	83	34.858129	2	36.615662	35.000000	2	1.873982	2	3	1	2	2	1.0945
102	84	34.858129	2	38.404749	35.000000	1	1.257430	2	3	1	2	2	0.9429
103	85	34.858129	1	30.199200	35.000000	2	2.048351	4	6	1	1	1	1.3895
104	86	34.858129	2	38.476604	35.000000	1	1.301068	2	4	1	1	1	1.5765
105	87	34.858129	1	29.811746	35.000000	1	2.175983	5	6	1	2	2	1.3923
106	88	34.858129	1	30.933716	35.000000	2	2.079728	5	8	1	1	1	1.0993
107	89	34.858129	1	31.436918	35.000000	1	2.214118	5	4	1	1	1	1.1403
108	90	34.858129	2	39.139960	35.000000	1	0.845822	2	3	1	2	2	1.2116
109	91	34.858129	2	40.667123	35.000000	1	0.842002	2	6	2	2	2	0.9285
110	92	34.858129	2	37.088820	35.000000	2	1.226173	8	5	1	1	1	1.1770
111	93	34.858129	1	30.887049	35.000000	2	1.800443	6	7	1	2	2	1.0396
112	94	34.858129	1	33.094166	35.000000	2	0.781238	8	7	1	2	1	1.4139
113	95	34.858129	2	40.872819	35.000000	2	1.467830	6	7	1	2	2	1.0965
114	96	34.858129	1	28.964100	35.000000	1	1.155416	4	2	2	1	1	0.9890
115	97	34.858129	1	30.380517	35.000000	2	1.620774	4	2	1	2	2	1.7472
116	98	34.858129	1	30.956276	35.000000	1	1.228088	2	4	2	2	2	1.1140
117	99	34.858129	2	41.280085	35.000000	1	1.644253	7	6	1	1	1	1.0660
118	100	34.858129	2	36.742236	35.000000	1	1.062472	2	3	1	2	2	0.9074
119	101	34.858129	2	38.347092	35.000000	2	1.110483	2	8	1	1	1	1.1463
120	102	34.858129	2	40.174058	35.000000	2	1.522920	3	4	1	2	2	0.8938
121	103	34.858129	2	40.498968	35.000000	2	1.504682	3	4	1	2	2	0.8682
122	104	34.858129	1	29.733701	35.000000	2	3.536642	7	8	1	2	2	0.9770
123	105	34.858129	2	39.971318	35.000000	1	0.960519	2	4	1	2	2	0.8823
124	106	34.858129	1	28.210498	35.000000	2	3.702253	8	4	1	2	2	1.4715
125	107	34.858129	2	39.451520	35.000000	1	1.835556	5	2	1	2	2	1.1856
126	108	34.858129	2	38.399936	35.000000	2	1.328847	2	4	1	2	2	2.5791
127	109	34.858129	1	30.269110	35.000000	1	3.601374	5	4	1	2	1	1.3830
128	110	34.858129	2	39.564914	35.000000	1	2.070557	8	7	1	2	2	1.3067
129	111	34.858129	1	28.680383	35.000000	1	2.437373	4	7	1	1	1	2.2267
130	112	34.858129	1	29.032793	35.000000	2	1.488003	5	8	1	1	1	0.9559
131	113	34.858129	1	28.043575	35.000000	3	1.604920	6	8	1	2	2	1.1841
132	114	34.858129	2	40.624506	35.000000	2	0.903521	7	8	1	1	1	1.0675
133	115	34.858129	2	41.755217	35.000000	2	0.927610	2	7	1	1	1	1.5941
134	116	34.858129	1	31.116187	35.000000	2	1.656863	5	3	1	1	1	0.9179
135	117	34.858129	2	37.944415	35.000000	1	1.632136	5	4	1	2	2	1.2141
136	118	34.858129	1	32.222178	35.000000	1	1.428093	3	5	1	1	1	1.3782
137	119	34.858129	1	28.325677	35.000000	2	0.833520	4	2	1	1	1	0.9603
138	120	34.858129	2	39.973875	35.000000	2	0.784470	4	3	1	1	1	1.1131
139	121	34.858129	2	39.170099	35.000000	1	2.259240	6	4	1	1	1	1.2002
140	122	34.858129	2	39.625615	35.000000	2	1.198976	3	2	2	1	1	0.9586
141	123	34.858129	2	38.350888	35.000000	1	1.319474	3	5	1	2	2	1.8504
142	124	34.858129	1	30.495713	35.000000	1	2.526743	8	2	1	2	2	1.4005
143	125	34.858129	2	41.631650	35.000000	2	1.119518	4	3	1	2	2	1.1063
144	126	34.858129	1	33.106324	35.000000	2	1.245191	2	3	2	2	2	1.1386
145	127	34.858129	2	39.931364	35.000000	1	1.748130	7	3	1	2	2	1.1574
146	128	34.858129	1	30.974287	35.000000	1	1.230234	4	7	1	1	1	1.4125
147	129	34.858129	2	39.440914	35.000000	2	1.754439	2	3	1	2	2	3.3194
148	130	34.858129	1	32.502098	35.000000	2	3.364161	4	6	1	2	1	0.6593
149	131	34.858129	2	36.327067	35.000000	2	1.640427	3	4	1	1	1	1.8385
150	132	34.858129	2	36.814064	35.000000	2	0.619450	4	3	1	2	1	1.8188
151	133	34.858129	1	33.306502	35.000000	2	0.008285	7	3	1	2	1	1.8330
152	134	34.858129	1	30.626880	35.000000	2	1.173719	8	7	2	1	1	1.4148
153	135	34.858129	1	31.063895	35.000000	2	0.884712	7	4	1	2	2	1.9533
154	136	34.858129	1	32.532665	35.000000	1	1.801853	7	3	1	2	2	1.3206
155	137	34.858129	2	40.159925	35.000000	1	1.034703	4	7	1	1	1	1.3532
156	138	34.858129	2	37.830137	35.000000	2	1.233911	3	4	1	1	1	0.9681
157	139	34.858129	1	30.125749	35.000000	2	1.464511	2	5	1	1	1	1.1653
158	140	34.858129	1	30.611346	35.000000	2	2.789230	2	5	1	2	2	1.8445
159	141	34.858129	1	29.135669	35.000000	2	2.296711	3	4	1	1	1	1.2833
160	142	34.858129	1	32.653312	35.000000	1	1.038866	2	3	1	1	1	1.5412
161	143	34.858129	1	28.382077	35.000000	2	2.430337	5	2	1	1	1	1.0357
162	144	34.858129	2	37.909842	35.000000	1	1.561150	7	2	1	1	1	1.5459
163	145	34.858129	1	29.537712	35.000000	1	1.098433	3	2	1	2	2	2.0621
164	146	34.858129	1	28.608309	35.000000	1	1.905506	8	7	1	1	1	1.0127
165	147	34.858129	2	38.626842	35.000000	1	1.690988	2	3	2	2	2	0.9987
166	148	34.858129	1	32.525862	35.000000	1	0.877754	3	8	1	1	2	1.2983
167	149	34.858129	2	40.700477	35.000000	2	0.861081	7	3	1	1	1	0.9223
168	150	34.858129	1	29.409644	35.000000	1	1.756594	6	3	1	2	2	1.5018
169	151	34.858129	2	36.370698	35.000000	1	0.992292	5	8	1	1	1	2.2408
170	152	34.858129	1	33.032722	35.000000	2	2.085412	3	5	1	1	1	1.0490
171	153	34.858129	1	31.713020	35.000000	2	0.797856	3	2	1	1	2	2.1579
172	154	34.858129	2	37.378563	35.000000	2	0.989878	5	3	1	1	1	0.8463
173	155	34.858129	2	40.974748	35.000000	1	1.899365	3	2	1	2	2	1.2785
174	156	34.858129	2	40.514857	35.000000	2	2.689842	8	4	1	2	2	1.7810
175	157	34.858129	1	31.162535	35.000000	1	1.595996	6	4	1	2	2	1.1232
176	158	34.858129	2	41.184818	35.000000	1	1.109639	4	7	1	2	2	1.5931
177	159	34.858129	2	37.589138	35.000000	2	0.848405	3	6	1	1	1	2.0463
178	160	34.858129	1	31.148769	35.000000	2	2.626360	4	8	1	1	1	1.2239
179	161	34.858129	2	38.922048	35.000000	1	2.206291	6	5	1	1	1	1.1251
180	162	34.858129	2	39.003734	35.000000	2	0.895218	3	8	1	1	2	1.9392
181	163	34.858129	2	38.726118	35.000000	1	1.907757	5	2	1	1	1	0.9031
182	164	34.858129	2	39.148821	35.000000	2	1.026018	4	6	1	1	1	1.1691
183	165	34.858129	1	33.129386	35.000000	2	1.529295	4	3	1	1	1	0.8835
184	166	34.858129	2	40.888425	35.000000	1	1.159066	7	5	1	1	1	1.1846
185	167	34.858129	2	41.824971	35.000000	2	1.784325	5	8	1	1	1	1.5200
186	168	34.858129	2	39.350413	35.000000	1	1.945736	3	2	1	2	2	0.9227
187	169	34.858129	2	36.498907	35.000000	2	1.573192	2	8	1	1	1	2.7339
188	170	34.858129	2	37.697106	35.000000	1	2.726215	6	2	1	2	2	1.0398
189	171	34.858129	2	38.427649	35.000000	2	1.453525	3	5	1	1	1	1.6668
190	172	34.858129	2	39.290214	35.000000	2	0.934579	5	8	1	2	2	1.1450
191	173	34.858129	1	28.304677	35.000000	1	2.313820	4	5	1	1	1	1.1879
192	174	34.858129	2	40.732107	35.000000	1	1.684860	7	6	2	1	1	1.1673
193	175	34.858129	2	38.717132	35.000000	2	1.047670	8	4	1	1	1	1.5014
194	176	34.858129	2	39.147243	35.000000	1	2.471951	2	3	1	2	2	0.8119
195	177	34.858129	2	39.865282	35.000000	1	0.842109	2	3	1	2	2	1.0968
196	178	34.858129	1	31.471522	35.000000	2	3.476831	3	4	1	2	2	1.3987
197	179	34.858129	2	38.913642	35.000000	2	1.277512	4	5	1	1	1	0.8254
198	180	34.858129	2	41.386326	35.000000	2	1.159989	4	3	1	2	2	1.7056
199	181	34.858129	2	39.072849	35.000000	1	0.692244	7	2	1	1	1	1.1928
200	182	34.858129	1	32.307068	35.000000	1	1.968419	8	4	2	1	1	1.1846
201	183	34.858129	1	28.706253	35.000000	2	1.272164	2	7	2	2	2	0.9728
202	184	34.858129	2	40.791144	35.000000	1	2.381433	5	4	1	2	2	2.3326
203	185	34.858129	2	39.521045	35.000000	1	0.949209	6	5	1	2	2	0.5510
204	186	34.858129	1	28.244853	35.000000	1	1.416397	2	7	1	2	2	1.0153
205	187	34.858129	1	31.019823	35.000000	1	2.085474	4	2	1	1	1	0.7770
206	188	34.858129	2	41.819229	35.000000	1	1.016871	8	6	1	1	1	0.8799
207	189	34.858129	2	36.643219	35.000000	2	1.691640	3	6	1	2	2	1.1675
208	190	34.858129	2	39.128220	35.000000	2	1.231659	8	6	2	1	1	1.3178
209	191	34.858129	1	33.312034	35.000000	2	3.087845	2	3	2	2	2	0.4669
210	192	34.858129	2	40.195105	35.000000	1	1.391548	4	5	1	1	1	1.2396
211	193	34.858129	1	33.411481	35.000000	2	0.909075	3	5	1	1	1	1.2171
212	194	34.858129	1	28.497772	35.000000	1	3.575116	8	4	1	1	1	0.7341
213	195	34.858129	1	33.370075	35.000000	1	1.711860	7	2	1	2	2	1.3064
214	196	34.858129	1	30.217510	35.000000	2	2.749211	5	6	1	2	2	1.5174
215	197	34.858129	2	41.017611	35.000000	1	1.367405	4	6	1	2	2	1.8883
216	198	34.858129	1	31.457597	35.000000	2	2.467193	2	6	1	2	2	0.8071
217	199	34.858129	2	37.329583	35.000000	1	2.030272	4	7	1	2	2	0.9719
218	200	34.858129	1	30.793134	35.000000	2	2.084250	5	6	1	2	2	1.8557
219	201	34.858129	1	29.148415	35.000000	1	2.107937	6	4	1	2	2	1.4468
220	202	34.858129	1	30.442337	35.000000	1	0.827416	8	3	1	2	2	1.1066
221	203	34.858129	2	36.646925	35.000000	1	1.205716	7	2	2	1	1	0.9333
222	204	34.858129	1	31.707077	35.000000	2	0.943025	5	4	1	2	2	1.5933
223	205	34.858129	1	33.161728	35.000000	1	3.232376	2	3	1	1	1	1.3810
224	206	34.858129	2	41.138936	35.000000	2	1.780446	5	3	1	2	2	1.4040
225	207	34.858129	2	40.143002	35.000000	1	1.106998	5	6	1	2	2	1.7666
226	208	34.858129	2	40.483189	35.000000	1	1.486340	5	8	1	1	1	2.1543
227	209	34.858129	1	31.478593	35.000000	1	3.186495	5	4	1	1	1	1.9051
228	210	34.858129	1	31.891279	35.000000	1	2.043308	5	3	1	1	1	1.5529
229	211	34.858129	2	39.022770	35.000000	2	2.361303	3	6	1	2	2	1.2020
230	212	34.858129	1	29.936986	35.000000	2	2.288894	2	3	1	2	2	1.0204
231	213	34.858129	1	32.012518	35.000000	2	2.826585	3	5	1	2	1	2.6402
232	214	34.858129	1	28.054597	35.000000	2	0.908500	8	2	2	1	1	0.7844
233	215	34.858129	1	31.682035	35.000000	2	0.744172	7	3	1	1	1	0.9782
234	216	34.858129	1	31.671663	35.000000	1	1.433866	3	5	1	1	1	2.2197
235	217	34.858129	1	30.814957	35.000000	1	1.781297	3	7	1	1	2	1.1413
236	218	34.858129	1	29.816553	35.000000	1	2.502622	5	3	1	1	1	1.2331
237	219	34.858129	2	37.283345	35.000000	1	1.158765	2	3	2	2	2	1.3922
238	220	34.858129	2	36.972691	35.000000	2	1.551693	4	7	1	1	1	1.9530
239	221	34.858129	1	29.929260	35.000000	1	2.769112	6	3	1	1	1	1.0647
240	222	34.858129	1	33.209501	35.000000	2	1.349011	2	4	1	1	1	1.2064
241	223	34.858129	2	41.227648	35.000000	1	2.717287	4	5	2	2	2	0.6630
242	224	34.858129	1	31.028458	35.000000	2	0.611664	5	8	1	2	2	1.0590
243	225	34.858129	2	41.462495	35.000000	1	1.584069	6	5	1	1	1	1.4320
244	226	34.858129	1	32.866817	35.000000	2	3.125258	3	2	1	1	1	1.1426
245	227	34.858129	1	31.071033	35.000000	2	1.048051	3	2	1	2	2	1.9578
246	228	34.858129	1	29.726684	35.000000	1	1.157963	2	3	1	2	2	1.9996
247	229	34.858129	1	29.086798	35.000000	1	1.877703	6	3	1	1	2	0.9623
248	230	34.858129	2	39.451735	35.000000	2	3.162588	3	8	1	1	1	2.6900
249	231	34.858129	2	37.144953	35.000000	1	1.028139	4	8	1	2	2	0.7787
250	232	34.858129	2	37.104618	35.000000	1	0.946445	5	2	1	2	2	0.8763
251	233	34.858129	1	28.195583	35.000000	1	0.704627	4	3	1	2	2	1.6446
252	234	34.858129	2	38.706955	35.000000	1	1.145310	3	4	1	1	1	1.8108
253	235	34.858129	1	28.763777	35.000000	2	1.088390	2	4	1	1	1	1.6209
254	236	34.858129	2	38.425586	35.000000	2	1.338575	5	6	1	2	2	1.8926
255	237	34.858129	1	29.985776	35.000000	1	2.391735	4	3	1	2	1	1.2790
256	238	34.858129	2	39.230512	35.000000	1	0.746391	6	7	1	2	2	0.7402
257	239	34.858129	2	38.164935	35.000000	1	0.805919	3	2	1	2	2	1.1421
258	240	34.858129	1	32.789905	35.000000	1	1.623763	4	2	1	1	1	1.1822
259	241	34.858129	2	41.873373	35.000000	2	1.165635	4	6	1	2	2	1.5587
260	242	34.858129	2	41.538834	35.000000	2	2.711370	6	4	1	1	1	1.8897
261	243	34.858129	1	33.158299	35.000000	2	1.220514	2	4	1	1	2	0.8675
262	244	34.858129	2	41.950001	35.000000	2	1.543905	6	4	1	1	1	0.9940
263	245	34.858129	2	39.994209	35.000000	1	1.216975	2	8	1	2	2	0.9118
264	246	34.858129	1	29.045968	35.000000	2	1.474302	2	4	1	2	2	0.9190
265	247	34.858129	1	31.648433	35.000000	1	0.705267	7	3	1	2	2	1.5493
266	248	34.858129	1	29.287966	35.000000	1	0.733736	2	7	1	2	2	0.9923
267	249	34.858129	2	40.786830	35.000000	1	0.928182	5	8	1	2	2	1.7787
268	250	34.858129	2	39.934422	35.000000	2	1.601740	7	6	1	2	2	0.2249
269	251	34.858129	1	28.387970	35.000000	2	2.007868	2	8	1	2	2	1.2389
270	252	34.858129	1	33.016202	35.000000	2	1.844293	8	5	1	1	1	1.2493
271	253	34.858129	1	31.163867	35.000000	1	3.190062	2	3	1	1	1	0.8686
272	254	34.858129	2	36.741943	35.000000	1	3.017079	4	3	1	2	2	1.5427
273	255	34.858129	2	38.806943	35.000000	1	1.359630	3	8	1	2	1	1.6574
274	256	34.858129	2	36.494373	35.000000	2	0.853737	5	7	2	2	2	1.3956
275	257	34.858129	2	38.437136	35.000000	1	0.706173	2	3	1	2	2	0.8305
276	258	34.858129	1	28.407898	35.000000	1	0.972178	2	4	1	1	1	1.4773
277	259	34.858129	1	31.518941	35.000000	2	0.937077	8	3	1	2	2	2.0357
278	260	34.858129	1	28.427875	35.000000	1	2.032385	2	6	1	1	1	1.1820
279	261	34.858129	1	33.358824	35.000000	1	1.605444	4	2	1	2	2	0.8609
280	262	34.858129	2	39.997043	35.000000	2	1.521430	2	3	1	1	1	1.4279
281	263	34.858129	1	28.663641	35.000000	1	2.097149	2	6	1	1	1	0.9802
282	264	34.858129	2	39.882015	35.000000	2	1.363855	2	5	1	1	1	0.9564
283	265	34.858129	1	30.795341	35.000000	2	1.981442	5	4	1	1	1	0.7091
284	266	34.858129	2	41.774193	35.000000	1	1.616288	2	6	2	2	2	0.7710
285	267	34.858129	1	30.910276	35.000000	2	1.023534	5	6	1	1	1	0.9907
286	268	34.858129	2	38.822390	35.000000	1	2.038317	3	2	1	2	2	0.8998
287	269	34.858129	1	30.316449	35.000000	1	0.670888	8	5	1	1	1	0.9882
288	270	34.858129	2	40.960166	35.000000	1	1.220018	5	7	2	2	2	1.1069
289	271	34.858129	1	33.368394	35.000000	1	0.925550	2	3	1	1	1	1.1610
290	272	34.858129	2	40.373525	35.000000	2	1.032929	2	4	1	1	1	1.4476
291	273	34.858129	2	40.842342	35.000000	1	2.612034	5	2	1	1	1	1.2346
292	274	34.858129	1	28.767729	35.000000	2	3.008020	2	3	1	1	1	1.1821
293	275	34.858129	1	30.763702	35.000000	2	0.733825	2	4	1	2	2	0.9368
294	276	34.858129	2	39.501257	35.000000	2	1.233886	3	8	1	2	2	1.1442
295	277	34.858129	1	32.668922	35.000000	1	0.721073	4	3	1	2	2	1.9244
296	278	34.858129	1	32.058874	35.000000	2	0.798097	5	7	1	1	1	1.1419
297	279	34.858129	2	37.225889	35.000000	2	0.807583	3	4	1	1	1	1.4155
298	280	34.858129	2	38.600608	35.000000	1	0.789426	2	6	2	2	2	1.6619
299	281	34.858129	1	30.439449	35.000000	1	1.097878	3	2	1	2	2	1.4055
300	282	34.858129	2	40.439550	35.000000	2	0.915977	2	3	1	2	2	0.9831
301	283	34.858129	2	37.090603	35.000000	1	0.774831	3	4	2	2	2	0.8562
302	284	34.858129	2	41.182076	35.000000	2	1.429278	2	8	1	2	2	0.8193
303	285	34.858129	2	38.234702	35.000000	2	0.874507	2	3	1	1	1	1.4230
304	286	34.858129	1	30.226773	35.000000	2	0.612997	4	3	2	1	2	0.8685
305	287	34.858129	1	32.966450	35.000000	2	1.376799	3	2	1	2	2	1.8496
306	288	34.858129	2	38.004262	35.000000	1	1.349987	3	2	1	1	1	1.6794
307	289	34.858129	2	40.856252	35.000000	2	0.586547	2	6	1	2	1	1.1873
308	290	34.858129	1	33.109748	35.000000	2	0.186819	5	2	1	1	1	1.2039
309	291	34.858129	1	31.320573	35.000000	1	2.762738	2	3	1	1	1	1.0503
310	292	34.858129	1	31.964796	35.000000	2	1.663252	2	3	2	2	2	0.8438
311	293	34.858129	1	30.177383	35.000000	1	0.768971	5	3	1	2	2	1.5703
312	294	34.858129	2	40.177057	35.000000	1	0.954020	2	7	1	1	2	0.7398
313	295	34.858129	1	28.220588	35.000000	2	0.901627	2	6	1	1	1	1.2736
314	296	34.858129	2	37.168793	35.000000	1	1.413686	8	2	2	1	2	1.1004
315	297	34.858129	1	28.332838	35.000000	1	0.383334	7	3	1	1	1	1.0482
316	298	34.858129	2	36.678452	35.000000	1	2.373047	5	4	1	1	1	1.0691
317	299	34.858129	1	29.338395	35.000000	2	1.401371	2	4	1	2	1	0.9929
318	300	34.858129	1	33.245001	35.000000	2	0.720717	2	3	1	1	1	1.0839
319	301	34.858129	1	32.142269	35.000000	1	0.527265	3	5	1	1	1	2.1943
320	302	34.858129	2	37.482320	35.000000	1	2.097065	4	2	1	2	2	1.7557
321	303	34.858129	2	40.484417	35.000000	1	1.068110	4	5	1	2	2	1.1051
322	304	34.858129	1	30.510501	35.000000	1	1.908014	3	6	2	2	2	1.0950
323	305	34.858129	1	28.821786	35.000000	1	3.089933	6	7	1	1	1	1.9007
324	306	34.858129	1	30.570080	35.000000	1	2.454875	2	6	1	2	2	0.7415
325	307	34.858129	1	29.629982	35.000000	1	1.405565	6	8	1	2	2	0.8128
326	308	34.858129	1	33.151282	35.000000	2	1.451569	7	6	1	1	1	1.2247
327	309	34.858129	2	37.169683	35.000000	1	2.742954	7	6	1	2	2	1.8559
328	310	34.858129	1	28.123762	35.000000	2	0.676253	5	7	2	2	2	1.0735
329	311	34.858129	2	41.001952	35.000000	1	0.461904	3	8	1	1	1	1.1552
330	312	34.858129	1	30.759444	35.000000	2	0.508245	7	5	2	1	1	1.3043
331	313	34.858129	2	41.197162	35.000000	1	0.651041	4	2	2	1	1	0.7772
332	314	34.858129	2	41.803561	35.000000	2	0.736948	6	5	1	2	2	3.6140
333	315	34.858129	2	39.193092	35.000000	1	0.679854	7	8	1	2	2	0.8127
334	316	34.858129	2	40.377256	35.000000	1	0.818869	7	6	1	2	2	0.6778
335	317	34.858129	1	30.191832	35.000000	1	0.734129	5	7	2	2	2	1.5207
336	318	34.858129	2	38.369292	35.000000	1	3.346541	8	5	1	2	2	1.0586
337	319	34.858129	2	38.128807	35.000000	1	0.839430	6	3	1	2	2	0.5501
338	320	34.858129	2	38.493615	35.000000	1	0.351410	8	6	1	2	2	1.0095
339	321	34.858129	1	31.155168	35.000000	2	1.760593	3	2	2	1	1	0.7538
340	322	34.858129	1	31.004047	35.000000	2	0.243057	2	3	1	2	1	0.7940
341	323	34.858129	1	31.471211	35.000000	2	1.073053	2	5	1	1	1	1.8863
342	324	34.858129	1	29.778489	35.000000	1	2.593160	4	6	1	2	2	1.7923
343	325	34.858129	1	31.084713	35.000000	1	0.919202	4	5	1	2	2	1.2504
344	326	34.858129	2	41.349451	35.000000	1	2.815118	3	4	2	2	2	1.6528
345	327	34.858129	2	36.481784	35.000000	1	0.337330	2	3	2	2	2	1.2843
346	328	34.858129	2	37.988454	35.000000	1	1.399709	2	4	1	1	2	0.7351
347	329	34.858129	1	28.321207	35.000000	1	0.824874	5	8	1	2	2	0.8163
348	330	34.858129	2	36.661523	35.000000	2	0.510631	2	3	1	1	1	1.5621
349	331	34.858129	1	30.914296	35.000000	2	0.761988	4	3	1	2	1	0.7791
350	332	34.858129	2	39.422108	35.000000	1	2.659152	8	5	1	2	2	1.1238
351	333	34.858129	2	38.612368	35.000000	1	0.881676	2	6	1	2	2	1.4221
352	334	34.858129	2	37.306362	35.000000	2	0.844279	8	3	2	1	1	1.1701
353	335	34.858129	2	36.698086	35.000000	2	2.874261	3	5	1	1	1	1.2619
354	336	34.858129	1	30.078271	35.000000	1	1.674053	2	3	2	2	2	0.8225
355	337	34.858129	2	38.216202	35.000000	2	2.397011	4	5	1	1	1	0.8356
356	338	34.858129	1	28.036256	35.000000	2	1.985462	4	2	1	1	1	1.0811
357	339	34.858129	2	38.010201	35.000000	1	2.356615	2	5	1	1	2	1.1333
358	340	34.858129	2	41.602473	35.000000	1	0.430961	5	3	1	1	2	0.8537
359	341	34.858129	1	30.835970	35.000000	1	1.466850	7	4	1	2	1	3.0314
360	342	34.858129	1	28.363081	35.000000	1	0.579523	4	2	1	2	2	1.2516
361	343	34.858129	1	31.428447	35.000000	1	0.641060	2	3	1	1	2	1.6798
362	344	34.858129	1	31.072397	35.000000	1	0.394991	6	3	1	2	2	0.9604
363	345	34.858129	1	28.555224	35.000000	1	1.427434	4	6	1	2	2	1.5502
364	346	34.858129	1	33.029407	35.000000	1	0.863456	2	3	1	1	1	1.3841
365	347	34.858129	1	32.550142	35.000000	2	1.855249	5	2	1	1	1	1.2285
366	348	34.858129	2	37.980250	35.000000	2	2.209946	5	2	1	2	2	2.4406
367	349	34.858129	2	36.863042	35.000000	1	2.037204	7	5	1	2	2	1.4748
368	350	34.858129	2	41.364891	35.000000	1	1.582760	4	6	1	2	1	1.0145
369	351	34.858129	2	40.441238	35.000000	2	0.268891	5	4	2	1	1	0.8905
370	352	34.858129	1	32.792616	35.000000	2	0.782433	6	2	1	2	2	2.0549
371	353	34.858129	2	36.779195	35.000000	2	1.771109	6	7	1	1	1	0.8596
372	354	34.858129	1	30.418511	35.000000	2	1.544660	3	4	1	1	1	1.5059
373	355	34.858129	2	39.217860	35.000000	1	1.404523	6	5	1	1	2	0.6359
374	356	34.858129	1	30.677058	35.000000	2	1.737916	3	2	1	1	1	0.4837
375	357	34.858129	2	36.706243	35.000000	2	0.615785	3	7	1	2	2	1.0472
376	358	34.858129	2	37.664592	35.000000	1	1.892089	2	7	1	2	2	0.7759
377	359	34.858129	1	32.761876	35.000000	1	2.376248	2	3	1	1	1	1.1283
378	360	34.858129	2	36.819574	35.000000	1	3.905896	5	3	1	1	1	1.7552
379	361	34.858129	2	36.477335	35.000000	2	2.275684	5	2	1	2	2	1.3598
380	362	34.858129	2	38.525850	35.000000	1	0.640498	4	6	1	2	2	1.0391
381	363	34.858129	1	30.393200	35.000000	1	0.964942	3	8	1	2	2	0.9418
382	364	34.858129	2	38.367947	35.000000	1	0.631666	4	5	1	1	2	1.2625
383	365	34.858129	1	28.008232	35.000000	2	1.962453	5	2	1	2	2	0.9388
384	366	34.858129	2	40.722721	35.000000	1	1.772283	3	7	2	2	2	0.6049
385	367	34.858129	1	29.110427	35.000000	2	2.068270	6	5	1	1	1	2.0963
386	368	34.858129	2	41.729872	35.000000	2	2.602472	5	4	2	1	1	1.3930
387	369	34.858129	2	39.403932	35.000000	2	2.544247	8	6	1	2	2	1.1134
388	370	34.858129	1	29.940388	35.000000	2	1.739732	2	5	1	1	1	1.1334
389	371	34.858129	1	30.921645	35.000000	2	3.623119	5	2	1	1	1	1.1401
390	372	34.858129	2	38.712200	35.000000	2	0.893611	4	3	1	2	2	1.3221
391	373	34.858129	1	30.667002	35.000000	1	0.564098	8	6	1	2	2	0.9817
392	374	34.858129	2	38.096053	35.000000	1	0.165231	6	2	1	1	1	1.4151
393	375	34.858129	2	41.747911	35.000000	1	0.852913	6	2	1	1	1	1.4670
394	376	34.858129	1	32.107041	35.000000	2	0.710916	5	8	1	1	1	0.4822
395	377	34.858129	2	39.524845	35.000000	2	0.190198	5	7	1	1	1	0.7436
396	378	34.858129	2	40.892302	35.000000	1	0.592541	6	3	1	2	2	1.4572
397	379	34.858129	2	38.519305	35.000000	1	0.557684	2	5	1	1	2	0.4322
398	380	34.858129	1	31.474904	35.000000	1	0.366081	4	3	1	2	2	0.6398
399	381	34.858129	1	31.838290	35.000000	1	0.357632	4	6	1	1	1	0.8320
400	382	34.858129	2	36.988383	35.000000	2	0.813578	5	4	2	1	1	1.1011
401	383	34.858129	2	37.719673	35.000000	1	2.271949	3	2	1	2	2	1.5721
402	384	34.858129	2	38.348653	35.000000	2	0.763786	4	2	1	2	2	1.1091
403	385	34.858129	1	29.559894	35.000000	2	0.632255	5	2	1	2	1	0.9588
404	386	34.858129	2	36.763134	35.000000	2	0.159971	7	6	1	1	1	1.1381
405	387	34.858129	2	41.247818	35.000000	2	0.435717	4	3	1	1	1	1.3785
406	388	34.858129	2	37.121479	35.000000	2	0.367362	8	5	2	1	2	0.8466
407	389	34.858129	2	40.444163	35.000000	1	0.160627	4	6	1	1	2	0.4985
408	390	34.858129	1	31.496373	35.000000	1	2.469777	7	3	1	1	1	1.3058
409	391	34.858129	1	30.251649	35.000000	1	1.012796	3	8	1	2	2	0.8676
410	392	34.858129	2	38.027965	35.000000	1	0.431976	8	4	1	1	2	0.6228
411	393	34.858129	1	31.897432	35.000000	1	0.557724	4	2	1	2	2	1.2636
412	394	34.858129	2	37.077101	35.000000	1	1.715648	4	2	1	1	1	1.2301
413	395	34.858129	2	40.405703	35.000000	2	0.995617	5	4	2	1	1	0.9557
414	396	34.858129	2	36.353453	35.000000	1	0.468336	5	4	1	2	2	1.4818
415	397	34.858129	1	31.560757	35.000000	1	1.165004	4	3	1	2	2	0.9342
416	398	34.858129	2	37.576821	35.000000	1	0.287870	4	3	1	2	2	3.0451
417	399	34.858129	1	30.339980	35.000000	1	0.448923	5	6	1	2	2	0.6471
418	400	34.858129	2	38.906740	35.000000	2	0.156292	2	6	1	2	2	0.8149
419	401	34.858129	2	36.602049	35.000000	2	0.109123	3	5	1	2	2	1.6097
420	402	34.858129	1	32.078301	35.000000	2	0.600187	3	2	1	1	1	1.5842
421	403	34.858129	1	28.573893	35.000000	1	0.719350	2	4	2	2	2	0.8267
422	404	34.858129	2	37.507443	35.000000	2	0.625320	6	8	1	2	2	0.9927
423	405	34.858129	2	39.374611	35.000000	1	0.432471	3	7	2	2	2	1.1912
424	406	34.858129	1	33.113148	35.000000	1	0.614684	7	4	1	1	2	0.9421
425	407	34.858129	1	28.169703	35.000000	1	0.359836	4	7	1	1	2	0.5221
426	408	34.858129	1	31.712173	35.000000	1	0.180850	3	6	1	1	1	0.5658
427	409	34.858129	1	32.588969	35.000000	1	0.606555	4	2	1	1	2	1.2706
428	410	34.858129	2	38.938993	35.000000	1	0.386789	6	4	2	1	2	0.2558
429	411	34.858129	1	28.665989	35.000000	1	0.417249	2	4	1	2	2	0.9448
430	412	34.858129	1	31.357221	35.000000	2	0.025969	3	2	1	1	1	0.4978
431	413	34.858129	2	40.796920	35.000000	2	0.421117	7	5	1	1	1	0.7566
432	414	34.858129	1	29.672901	35.000000	1	1.997891	2	7	1	2	1	1.2128
433	415	34.858129	2	40.716999	35.000000	1	0.058966	5	4	1	1	2	0.8655
434	416	34.858129	1	28.116330	35.000000	2	1.077889	4	2	2	1	1	2.5303
435	417	34.858129	1	28.881546	35.000000	2	0.322663	4	5	1	2	1	0.5423
436	418	34.858129	2	41.527021	35.000000	2	0.056352	7	2	1	2	1	0.6869
437	419	34.858129	1	32.210769	35.000000	2	0.378604	5	4	1	1	1	0.5799
438	420	34.858129	1	28.928626	35.000000	1	0.171582	5	6	1	1	1	0.9894
439	421	34.858129	1	31.790342	35.000000	2	0.765143	8	5	1	2	2	1.5743
440	422	34.858129	2	41.253592	35.000000	1	0.374404	4	3	1	1	1	1.1837
441	423	34.858129	2	41.336510	35.000000	2	0.623412	3	2	1	2	1	0.7427
442	424	34.858129	2	38.890992	35.000000	2	0.408650	5	3	1	2	2	1.3368
443	425	34.858129	1	30.077562	35.000000	1	0.578097	2	8	2	2	2	1.4590
444	426	34.858129	2	38.855347	35.000000	1	0.783718	5	6	1	2	2	0.8241
445	427	34.858129	2	41.886784	35.000000	1	0.118480	4	3	1	2	1	0.9385
446	428	34.858129	1	32.543017	35.000000	2	1.036115	7	2	2	1	1	1.7224
447	429	34.858129	2	37.683478	35.000000	2	0.828077	3	2	1	2	1	2.4989
448	430	34.858129	1	30.099257	35.000000	2	0.964755	6	5	1	1	1	0.8618
449	431	34.858129	2	41.843859	35.000000	1	1.594139	8	2	1	1	2	0.5701
