1	1	48.284882	1	45.439707	49.000000	2	3.315930	3	4	1	1	0	0.0000
2	2	48.284882	2	52.098966	49.000000	1	0.949642	8	6	1	1	0	0.0000
3	3	48.284882	1	43.861106	49.000000	2	0.733891	2	3	1	1	0	0.0000
4	4	48.284882	2	53.438828	49.000000	3	2.132441	4	5	1	2	0	0.0000
5	5	48.284882	2	53.800730	49.000000	2	0.333660	8	7	2	1	0	0.0000
6	6	48.284882	1	46.177285	49.000000	2	0.676657	8	2	1	1	0	0.0000
7	7	48.284882	2	50.533222	49.000000	2	0.487033	7	5	2	1	0	0.0000
8	8	48.284882	2	51.730892	49.000000	1	0.990027	2	3	2	2	0	0.0000
9	9	48.284882	2	55.951106	49.000000	2	0.610418	6	5	1	1	0	0.0000
10	10	48.284882	1	45.626194	49.000000	1	0.589675	3	6	1	2	0	0.0000
11	11	48.284882	1	46.217042	49.000000	2	0.580298	2	8	2	2	0	0.0000
12	12	48.284882	2	52.723103	49.000000	2	1.233124	4	2	2	1	0	0.0000
13	13	48.284882	2	50.684165	49.000000	2	0.691303	7	5	2	1	0	0.0000
14	14	48.284882	2	54.524864	49.000000	2	0.786151	5	4	1	2	0	0.0000
15	15	48.284882	1	42.877793	49.000000	1	0.622744	8	4	1	2	0	0.0000
16	16	48.284882	2	52.070974	49.000000	2	0.666166	7	8	1	1	0	0.0000
17	17	48.284882	2	53.964223	49.000000	2	0.539393	7	4	1	2	0	0.0000
18	18	48.284882	2	54.435757	49.000000	1	1.218272	3	4	1	1	0	0.0000
19	19	48.284882	1	45.127341	49.000000	1	0.478710	5	8	1	1	0	0.0000
20	20	48.284882	2	54.297969	49.000000	2	0.685891	5	6	1	2	0	0.0000
21	21	48.284882	1	43.374367	49.000000	1	0.494574	2	3	1	2	0	0.0000
22	22	48.284882	2	52.315511	49.000000	2	1.134640	7	4	1	1	0	0.0000
23	23	48.284882	1	43.163436	49.000000	1	0.702701	3	2	1	1	0	0.0000
24	24	48.284882	2	55.863016	49.000000	2	0.508871	2	5	1	1	0	0.0000
25	25	48.284882	2	50.762364	49.000000	2	0.428271	3	8	1	1	0	0.0000
26	1	91.878325	1	86.052469	91.000000	2	3.656315	5	7	1	1	1	4.2681
27	2	91.878325	1	87.485429	91.000000	4	5.203492	7	2	1	2	1	1.4123
28	3	91.878325	2	95.672130	91.000000	2	0.810685	7	8	1	2	2	1.2497
29	4	91.878325	2	95.593544	91.000000	2	1.118819	2	6	1	2	2	1.1618
30	5	91.878325	2	95.798311	91.000000	2	0.906625	3	7	1	1	2	0.1662
31	6	91.878325	2	94.734769	91.000000	2	1.615417	7	6	1	2	2	1.1739
32	7	91.878325	1	84.361514	91.000000	2	1.855769	8	3	2	1	1	0.8374
33	8	91.878325	2	93.709970	91.000000	2	1.105769	2	8	2	2	2	0.6214
34	9	91.878325	1	87.006809	91.000000	1	1.268432	2	3	2	2	2	0.9851
35	10	91.878325	1	86.262824	91.000000	1	1.185219	7	3	1	2	2	0.4334
36	11	91.878325	2	95.838789	91.000000	2	1.199960	2	4	1	1	1	0.5123
37	12	91.878325	2	94.141419	91.000000	2	1.458430	5	3	1	2	2	0.9997
38	13	91.878325	1	86.372813	91.000000	1	1.536994	5	8	1	1	2	0.8571
39	14	91.878325	1	84.304597	91.000000	1	2.278574	3	2	1	2	2	1.1078
40	15	91.878325	1	86.397159	91.000000	1	1.405269	5	4	1	2	2	0.6865
41	16	91.878325	1	89.829055	91.000000	2	1.240746	6	2	1	2	2	0.6629
42	17	91.878325	1	89.842797	91.000000	2	1.388037	3	7	2	2	2	1.3400
43	18	91.878325	1	87.794919	91.000000	1	1.151680	3	2	1	1	1	0.5834
44	19	91.878325	1	86.312342	91.000000	1	1.423648	2	3	1	1	1	0.4785
45	20	91.878325	2	95.897237	91.000000	2	1.090847	2	3	2	2	2	0.5031
46	21	91.878325	1	88.355578	91.000000	1	1.146829	8	7	1	2	2	0.9245
47	22	91.878325	2	96.250859	91.000000	2	1.335212	6	3	1	1	1	0.4572
48	23	91.878325	1	88.888469	91.000000	1	1.374931	4	8	1	1	1	0.7117
49	24	91.878325	1	87.394914	91.000000	1	1.106662	8	4	2	1	1	0.6941
50	25	91.878325	2	93.748535	91.000000	2	1.081921	4	8	1	2	2	0.8061
51	26	91.878325	2	97.773319	91.000000	2	0.917585	6	4	1	2	2	0.6087
52	27	91.878325	1	85.978844	91.000000	1	0.944259	2	5	1	2	2	0.5860
53	28	91.878325	1	87.057723	91.000000	1	1.306437	7	8	1	1	1	0.7498
54	29	91.878325	2	97.403041	91.000000	2	1.239401	7	4	1	1	1	0.6454
55	30	91.878325	2	96.427471	91.000000	2	1.051111	3	2	1	1	1	0.7449
56	1	3.589208	1	0.822081	7.000000	1	1.940432	8	5	1	1	0	0.0000
57	2	3.589208	1	0.255795	7.000000	1	1.498033	6	3	1	1	0	0.0000
58	3	3.589208	2	11.305957	7.000000	2	1.569378	4	3	1	1	0	0.0000
59	4	3.589208	2	9.926575	7.000000	1	1.445857	3	7	1	2	0	0.0000
60	5	3.589208	2	11.428286	7.000000	2	1.591313	2	3	1	2	0	0.0000
61	6	3.589208	1	1.898543	7.000000	1	1.171218	2	4	1	1	0	0.0000
62	7	3.589208	1	1.266994	7.000000	2	1.416334	4	8	1	1	0	0.0000
63	8	3.589208	2	8.551519	7.000000	2	1.818970	3	6	1	2	0	0.0000
64	9	3.589208	2	12.894605	7.000000	2	0.797317	3	5	1	1	0	0.0000
65	10	3.589208	2	13.828434	7.000000	2	0.777312	8	7	1	1	0	0.0000
66	11	3.589208	1	2.087747	7.000000	1	0.943751	2	3	1	1	0	0.0000
67	12	3.589208	2	11.337301	7.000000	2	0.972225	4	5	1	2	0	0.0000
68	13	3.589208	1	0.539896	7.000000	1	0.809409	3	8	1	1	0	0.0000
69	14	3.589208	2	5.285634	7.000000	2	0.804656	7	5	1	2	0	0.0000
70	15	3.589208	1	1.106834	7.000000	2	1.240627	3	2	1	2	0	0.0000
71	16	3.589208	1	0.630802	7.000000	1	0.874718	4	5	1	1	0	0.0000
72	17	3.589208	2	8.873205	7.000000	2	0.931892	3	5	1	1	0	0.0000
73	18	3.589208	2	10.804653	7.000000	2	0.706257	6	4	2	1	0	0.0000
74	19	3.589208	1	0.382954	7.000000	1	0.818393	2	4	1	1	0	0.0000
75	20	3.589208	1	2.028735	7.000000	1	0.781648	7	5	1	1	0	0.0000
76	21	3.589208	1	0.089123	7.000000	1	1.002228	5	4	1	2	0	0.0000
77	1	37.433741	2	39.039032	35.000000	2	1.733112	5	3	1	2	2	0.8389
78	2	37.433741	2	41.167701	35.000000	2	1.477034	3	4	1	2	2	0.7209
79	3	37.433741	2	40.779351	35.000000	2	1.099871	4	7	1	1	1	0.4314
80	4	37.433741	1	32.650541	35.000000	2	1.557817	5	2	2	1	1	0.6010
81	5	37.433741	1	34.723937	35.000000	2	1.718776	3	2	2	1	1	0.7293
82	6	37.433741	1	35.027009	35.000000	1	1.515476	5	7	1	2	2	0.7900
83	7	37.433741	1	31.625858	35.000000	1	1.342283	4	3	1	2	2	0.4085
84	8	37.433741	2	39.723857	35.000000	1	2.000297	4	5	1	1	1	0.4153
85	9	37.433741	2	39.541460	35.000000	1	1.246344	3	7	1	1	1	0.6037
86	10	37.433741	2	38.898084	35.000000	2	1.315519	2	6	1	2	2	0.6221
87	11	37.433741	1	31.914847	35.000000	1	1.133150	4	2	1	1	1	0.4893
88	12	37.433741	2	39.165434	35.000000	2	1.211802	4	2	2	1	1	1.1386
89	13	37.433741	2	41.923021	35.000000	2	1.188728	4	3	1	2	2	0.9247
90	14	37.433741	2	39.181469	35.000000	2	1.455718	5	8	1	2	2	1.0690
91	15	37.433741	1	29.623416	35.000000	1	0.785371	3	4	1	2	2	0.9380
92	16	37.433741	2	40.483491	35.000000	2	1.349956	7	3	1	2	2	0.4794
93	17	37.433741	1	30.695965	35.000000	1	0.857963	8	5	1	1	1	0.5838
94	18	37.433741	1	30.952425	35.000000	1	0.864171	3	5	1	2	2	0.6211
95	19	37.433741	1	29.910131	35.000000	1	0.732293	7	5	1	1	1	0.3988
96	20	37.433741	1	29.622359	35.000000	1	0.654476	4	6	1	2	2	0.6686
97	21	37.433741	1	30.180062	35.000000	1	0.865486	4	7	2	2	2	0.5346
98	22	37.433741	2	40.097309	35.000000	2	0.929120	3	4	1	1	1	0.8111
99	1	75.910840	1	72.014966	77.000000	2	1.646460	5	6	1	1	0	0.0000
100	2	75.910840	2	81.733652	77.000000	2	1.223658	7	6	1	2	0	0.0000
101	3	75.910840	2	79.440259	77.000000	2	0.842455	3	6	1	2	0	0.0000
102	4	75.910840	2	83.239476	77.000000	2	0.708314	7	3	1	1	0	0.0000
103	5	75.910840	2	79.026536	77.000000	1	0.932420	3	2	2	1	0	0.0000
104	6	75.910840	2	79.006924	77.000000	2	1.082774	3	6	1	2	0	0.0000
105	7	75.910840	2	79.117643	77.000000	2	1.203225	2	3	2	2	0	0.0000
106	8	75.910840	2	78.778987	77.000000	2	0.686867	5	3	1	1	0	0.0000
107	9	75.910840	1	70.693511	77.000000	1	0.783370	3	2	1	1	0	0.0000
108	10	75.910840	2	79.345579	77.000000	2	0.507988	4	5	1	2	0	0.0000
109	11	75.910840	2	78.001426	77.000000	2	0.580023	5	4	1	1	0	0.0000
110	12	75.910840	1	72.664202	77.000000	1	0.640678	6	2	1	2	0	0.0000
111	13	75.910840	1	72.640251	77.000000	2	0.579449	7	6	1	1	0	0.0000
112	14	75.910840	1	73.329740	77.000000	1	0.608246	5	4	1	1	0	0.0000
113	15	75.910840	1	70.935500	77.000000	1	0.644069	8	5	1	2	0	0.0000
114	16	75.910840	2	78.608620	77.000000	2	0.702276	4	8	1	2	0	0.0000
115	17	75.910840	2	80.690752	77.000000	2	0.726076	8	7	2	1	0	0.0000
116	18	75.910840	1	73.781261	77.000000	1	0.596887	2	5	1	1	0	0.0000
117	19	75.910840	2	80.452233	77.000000	2	0.640906	4	5	1	2	0	0.0000
118	1	63.985493	1	56.812581	63.000000	1	1.043967	6	8	1	2	2	0.6574
119	2	63.985493	1	60.280245	63.000000	1	0.679154	2	6	1	1	1	0.6678
120	3	63.985493	2	69.917205	63.000000	2	1.200631	6	3	1	1	1	0.3840
121	4	63.985493	1	56.750615	63.000000	1	1.384627	7	6	1	2	2	0.5127
122	5	63.985493	2	65.479460	63.000000	2	0.939759	3	5	1	1	1	0.5180
123	6	63.985493	1	61.917435	63.000000	2	1.473113	3	4	1	1	1	0.7019
124	7	63.985493	2	67.796285	63.000000	2	0.865468	4	2	2	1	1	0.7185
125	8	63.985493	2	68.518790	63.000000	2	0.866755	3	4	2	2	2	0.4224
126	9	63.985493	1	57.205419	63.000000	1	1.573592	6	7	1	1	1	0.3741
127	10	63.985493	2	68.760889	63.000000	2	0.895425	4	3	1	2	2	0.6930
128	11	63.985493	1	62.485576	63.000000	1	1.231390	4	6	1	2	2	0.5336
129	12	63.985493	2	65.527846	63.000000	2	1.176022	4	3	1	2	2	0.6482
130	13	63.985493	2	67.179752	63.000000	2	1.053917	4	3	1	2	2	0.5393
131	14	63.985493	2	65.679654	63.000000	2	1.421891	3	8	1	1	1	0.5565
132	1	23.832495	1	20.433736	21.000000	2	1.623529	3	4	1	2	0	0.0000
133	2	23.832495	1	20.053890	21.000000	1	0.890063	5	8	2	2	0	0.0000
134	3	23.832495	2	26.252472	21.000000	2	0.994668	3	5	1	1	0	0.0000
135	4	23.832495	2	25.467572	21.000000	2	0.726240	3	2	2	1	0	0.0000
136	5	23.832495	1	16.634495	21.000000	1	0.861039	7	4	1	2	0	0.0000
137	6	23.832495	2	27.987413	21.000000	2	0.486182	7	6	1	2	0	0.0000
138	7	23.832495	1	14.635393	21.000000	1	0.703042	8	3	1	2	0	0.0000
139	8	23.832495	1	22.112126	21.000000	2	0.664153	3	4	2	2	0	0.0000
140	9	23.832495	1	20.379533	21.000000	2	0.600251	7	5	2	1	0	0.0000
141	10	23.832495	1	21.147781	21.000000	1	0.492108	7	3	2	1	0	0.0000
142	11	23.832495	1	20.159471	21.000000	1	0.892336	4	2	1	1	0	0.0000
143	12	23.832495	1	21.859516	21.000000	1	0.636850	3	5	1	1	0	0.0000
144	13	23.832495	1	17.088942	21.000000	1	0.664788	5	2	1	2	0	0.0000
145	14	23.832495	2	26.680855	21.000000	2	0.562796	7	4	1	1	0	0.0000
146	15	23.832495	2	27.181770	21.000000	2	0.456221	6	4	1	1	0	0.0000
147	16	23.832495	2	26.869168	21.000000	2	0.552428	2	6	2	2	0	0.0000
148	17	23.832495	1	16.242202	21.000000	1	0.670544	2	3	1	2	0	0.0000
149	18	23.832495	2	27.293289	21.000000	2	0.537650	7	5	1	2	0	0.0000
150	19	23.832495	1	15.045819	21.000000	1	0.662574	6	5	1	2	0	0.0000
151	20	23.832495	2	26.861326	21.000000	2	0.656007	6	8	1	1	0	0.0000
152	21	23.832495	1	15.310982	21.000000	1	0.626055	8	5	1	2	0	0.0000
153	22	23.832495	1	15.782356	21.000000	1	0.924609	5	8	1	1	0	0.0000
154	1	48.488459	1	49.000000	46.719075	2	1.925779	7	4	1	1	1	0.7919
155	2	48.488459	1	49.000000	46.375547	2	1.184223	3	2	1	1	1	0.8403
156	3	48.488459	1	49.000000	46.431927	1	0.822316	4	6	1	2	2	0.5975
157	4	48.488459	1	49.000000	45.147228	2	1.189328	3	7	1	2	2	1.0136
158	5	48.488459	1	49.000000	42.251876	1	1.292204	8	4	1	2	1	0.9284
159	6	48.488459	1	49.000000	42.527240	2	1.163595	7	3	1	1	1	0.7232
160	7	48.488459	1	49.000000	44.755039	1	0.926046	8	7	1	2	2	0.5766
161	8	48.488459	2	49.000000	53.190077	2	0.969024	5	6	2	2	2	0.3939
162	9	48.488459	2	49.000000	52.254172	1	1.249918	2	5	1	1	1	0.4233
163	10	48.488459	1	49.000000	45.874186	1	1.142495	2	3	1	1	1	1.1605
164	11	48.488459	2	49.000000	50.663780	1	1.153204	6	5	1	1	2	1.0107
165	12	48.488459	2	49.000000	52.260544	2	1.233430	6	3	1	2	2	0.9358
166	13	48.488459	1	49.000000	43.491920	2	1.129751	7	6	1	2	2	0.5879
167	14	48.488459	2	49.000000	50.088182	1	1.396032	3	2	2	1	1	1.0838
168	15	48.488459	1	49.000000	46.345375	2	1.599681	5	7	1	1	1	0.7907
169	16	48.488459	1	49.000000	43.438130	2	1.151110	7	3	1	2	1	1.0965
170	17	48.488459	2	49.000000	55.560465	1	1.211868	5	6	2	2	2	0.5147
171	18	48.488459	1	49.000000	46.467942	2	1.207554	2	3	1	1	1	1.6212
172	19	48.488459	1	49.000000	44.079420	2	1.227550	2	5	2	2	2	0.7217
173	20	48.488459	2	49.000000	51.237946	1	1.028668	3	5	2	2	2	0.7394
174	21	48.488459	1	49.000000	42.010285	2	1.405172	2	7	1	2	1	0.7325
175	22	48.488459	1	49.000000	42.734708	2	0.846641	6	3	1	1	2	0.6844
176	23	48.488459	2	49.000000	54.859468	1	1.056753	2	3	2	2	2	1.2644
177	24	48.488459	2	49.000000	54.514725	2	1.954970	6	8	1	1	1	1.5638
178	25	48.488459	1	49.000000	43.673063	2	1.124196	2	3	1	2	2	0.7430
179	26	48.488459	2	49.000000	49.925563	1	2.633327	4	3	1	1	1	0.4543
180	27	48.488459	1	49.000000	42.712650	2	1.388125	7	8	1	2	2	0.8440
181	28	48.488459	1	49.000000	46.873874	2	1.769864	5	4	1	2	2	0.7220
182	29	48.488459	2	49.000000	54.514027	1	1.533009	2	3	1	2	2	1.3029
183	30	48.488459	2	49.000000	55.568567	1	2.210156	8	6	1	1	1	0.5921
184	31	48.488459	2	49.000000	54.835657	2	1.096393	4	8	1	1	2	1.0043
185	32	48.488459	1	49.000000	43.569214	2	0.851377	2	3	1	2	2	0.6271
186	33	48.488459	2	49.000000	55.933567	2	0.936241	3	4	1	2	2	0.5868
187	34	48.488459	1	49.000000	42.623118	2	1.114895	2	3	1	1	1	0.3678
188	35	48.488459	1	49.000000	45.810085	1	0.991119	3	4	1	2	2	0.4955
189	36	48.488459	1	49.000000	46.958435	1	1.443199	5	2	1	2	2	0.7365
190	37	48.488459	2	49.000000	54.319210	1	0.866768	2	3	1	1	1	0.8320
191	38	48.488459	2	49.000000	53.669981	2	0.982039	6	2	1	1	1	0.7983
192	39	48.488459	2	49.000000	51.449528	2	0.869804	2	6	1	2	2	0.8430
193	40	48.488459	1	49.000000	43.632251	2	0.904970	2	3	1	1	1	0.6528
194	41	48.488459	2	49.000000	51.350286	1	1.298510	3	2	1	2	2	0.5739
195	42	48.488459	2	49.000000	55.952930	2	0.927073	6	7	1	1	1	0.4273
196	43	48.488459	2	49.000000	50.000854	2	1.048518	4	3	1	1	1	0.7422
197	44	48.488459	2	49.000000	51.429089	1	1.210519	4	6	1	2	2	0.5272
198	45	48.488459	2	49.000000	52.678408	2	0.945523	2	3	1	2	1	0.7952
199	46	48.488459	2	49.000000	53.171386	2	0.858771	8	4	1	2	2	0.6486
200	47	48.488459	1	49.000000	44.393643	2	0.886329	6	5	1	2	2	0.6826
201	48	48.488459	1	49.000000	42.268867	1	1.184806	4	5	1	1	1	0.7751
202	49	48.488459	2	49.000000	52.241647	1	1.177016	2	7	1	2	2	0.5521
203	50	48.488459	1	49.000000	44.189311	2	0.881835	3	2	1	1	1	0.5503
204	51	48.488459	1	49.000000	46.157729	2	1.375889	3	4	1	1	2	0.7128
205	52	48.488459	2	49.000000	55.042991	1	0.851757	5	2	1	2	1	0.9374
206	53	48.488459	2	49.000000	51.744453	2	0.883592	4	3	1	1	1	0.5440
207	54	48.488459	2	49.000000	50.926987	2	0.953712	5	3	1	2	1	0.7813
208	55	48.488459	1	49.000000	43.712431	2	0.763638	6	2	1	2	2	0.5170
209	56	48.488459	2	49.000000	51.079143	1	0.735837	5	7	1	2	2	1.1544
210	57	48.488459	1	49.000000	44.104961	2	1.011606	6	8	2	2	2	1.4507
211	58	48.488459	1	49.000000	45.213513	2	1.023735	4	3	2	1	1	0.6947
212	59	48.488459	2	49.000000	53.771001	1	0.978283	4	2	1	2	2	0.5786
213	60	48.488459	1	49.000000	46.385078	1	1.883018	7	5	1	1	1	0.6546
214	61	48.488459	2	49.000000	51.095850	2	1.108303	2	3	1	2	2	0.6576
215	62	48.488459	1	49.000000	42.088310	2	1.693516	6	5	1	2	2	0.7785
216	63	48.488459	2	49.000000	53.618551	1	1.392831	4	7	1	1	1	0.9681
217	64	48.488459	1	49.000000	46.406428	1	1.208729	5	4	1	2	1	1.2723
218	65	48.488459	1	49.000000	42.344420	1	1.100944	3	2	1	1	1	0.8405
219	66	48.488459	2	49.000000	53.751936	1	1.118799	2	3	1	2	2	0.6656
220	67	48.488459	2	49.000000	53.367999	2	0.966529	2	4	1	1	1	0.3835
221	68	48.488459	1	49.000000	43.498369	1	1.336152	3	2	1	2	2	0.7060
222	69	48.488459	1	49.000000	44.220109	1	1.173770	3	4	2	2	2	0.4065
223	70	48.488459	1	49.000000	44.918403	1	0.942521	2	4	1	2	2	0.6019
224	71	48.488459	2	49.000000	51.462696	1	1.583751	4	3	1	2	2	0.9291
225	72	48.488459	2	49.000000	55.150188	2	1.593887	4	6	1	2	2	0.6329
226	73	48.488459	2	49.000000	52.000470	2	2.047235	5	4	1	2	2	0.7882
227	74	48.488459	1	49.000000	45.640827	2	1.108431	8	5	1	2	2	0.7599
228	75	48.488459	1	49.000000	44.937947	1	1.320840	7	4	1	2	2	1.0596
229	76	48.488459	1	49.000000	45.682155	1	1.280855	8	4	2	1	1	0.6850
230	77	48.488459	1	49.000000	46.050960	1	2.289427	4	6	1	2	2	0.8847
231	78	48.488459	1	49.000000	46.996202	1	1.688852	6	8	1	2	2	0.9166
232	79	48.488459	2	49.000000	51.077637	1	1.151429	2	8	1	2	2	0.4249
233	80	48.488459	2	49.000000	53.261839	2	0.968069	2	3	1	2	2	0.6509
234	81	48.488459	2	49.000000	51.440083	2	2.086625	2	5	1	2	2	0.7481
235	82	48.488459	2	49.000000	53.798167	2	1.139793	2	3	1	2	2	0.6380
236	83	48.488459	2	49.000000	55.685198	1	1.204363	4	2	1	1	1	0.6247
237	84	48.488459	2	49.000000	53.275379	2	1.562799	2	4	1	2	2	0.7954
238	85	48.488459	2	49.000000	51.661489	2	1.530760	6	8	1	2	2	0.5249
239	86	48.488459	2	49.000000	52.772529	2	0.927997	2	4	1	1	1	0.9144
240	87	48.488459	1	49.000000	44.900833	2	0.780988	3	5	1	1	1	0.3576
241	88	48.488459	2	49.000000	55.781451	1	0.743562	2	3	1	2	2	0.5132
242	89	48.488459	1	49.000000	46.231975	1	1.332483	3	4	1	1	1	0.3904
243	90	48.488459	1	49.000000	45.854456	1	1.894984	5	3	1	1	1	0.6500
244	91	48.488459	1	49.000000	45.180624	1	1.335524	3	4	1	2	2	0.7455
245	92	48.488459	1	49.000000	44.273126	1	1.051247	5	2	1	2	2	0.4828
246	93	48.488459	2	49.000000	52.615918	1	0.901214	5	2	1	1	1	0.6091
247	94	48.488459	1	49.000000	46.662937	2	0.840778	6	4	2	1	1	0.6551
248	95	48.488459	2	49.000000	54.767286	1	0.676788	6	7	1	2	2	0.8354
249	96	48.488459	2	49.000000	55.254530	2	0.607607	7	3	1	2	2	0.6314
250	97	48.488459	2	49.000000	54.370534	2	0.767835	2	8	1	1	1	0.3750
251	98	48.488459	2	49.000000	51.661843	1	0.952136	5	6	2	2	2	0.7219
252	99	48.488459	2	49.000000	55.882085	2	0.852843	2	3	1	2	2	0.5226
253	100	48.488459	1	49.000000	45.514209	2	0.685686	4	3	1	2	2	0.6922
254	101	48.488459	1	49.000000	42.409508	2	0.766598	3	8	1	2	2	0.5517
255	102	48.488459	1	49.000000	43.040121	1	0.481432	4	7	1	2	2	0.6781
256	103	48.488459	2	49.000000	54.179917	1	0.706453	2	3	1	1	1	1.1984
257	104	48.488459	1	49.000000	42.416616	2	0.965695	2	3	1	2	2	0.5986
258	105	48.488459	1	49.000000	42.318224	2	1.342151	6	4	1	2	2	0.9764
259	106	48.488459	2	49.000000	53.405840	2	0.992947	3	2	2	1	1	0.7704
260	107	48.488459	2	49.000000	53.091364	2	0.873615	3	6	2	2	2	0.5987
261	108	48.488459	1	49.000000	43.929616	2	1.038504	5	2	1	1	1	0.8446
262	109	48.488459	1	49.000000	42.587419	2	1.106093	2	3	1	1	1	0.7978
263	110	48.488459	1	49.000000	46.987083	1	1.365412	5	7	1	2	2	0.5340
264	111	48.488459	2	49.000000	55.250592	2	0.736113	6	4	1	2	1	0.6908
265	112	48.488459	1	49.000000	47.054929	2	0.991185	6	4	1	2	2	0.6875
266	113	48.488459	2	49.000000	51.669208	1	1.051838	6	4	1	2	2	1.0336
267	114	48.488459	2	49.000000	52.474181	2	1.535401	7	6	1	1	1	0.6032
268	115	48.488459	2	49.000000	52.770127	1	1.288979	6	2	1	1	1	0.8630
269	116	48.488459	1	49.000000	44.259330	2	1.714028	4	7	1	2	2	0.7484
270	117	48.488459	2	49.000000	55.682255	1	0.958029	5	6	2	2	2	0.9997
271	118	48.488459	1	49.000000	43.955508	2	0.879123	6	7	1	1	1	0.7715
272	119	48.488459	2	49.000000	50.617005	1	1.068358	5	6	1	2	2	0.9473
273	120	48.488459	1	49.000000	43.015757	1	1.338714	5	4	1	1	1	0.8448
274	121	48.488459	2	49.000000	53.356345	1	1.082380	3	2	1	2	2	0.6706
275	122	48.488459	2	49.000000	55.219660	2	1.667596	6	3	1	1	1	0.3600
276	123	48.488459	2	49.000000	51.537767	2	0.969062	6	4	1	2	2	0.4502
277	124	48.488459	2	49.000000	51.903924	2	0.920025	6	5	1	2	2	1.0031
278	125	48.488459	1	49.000000	43.603901	2	0.762524	6	2	1	1	1	0.6917
279	126	48.488459	2	49.000000	53.614984	2	0.767871	6	2	1	1	1	0.4830
280	127	48.488459	2	49.000000	55.621725	2	1.037509	2	4	1	1	1	0.5079
281	128	48.488459	2	49.000000	50.194684	1	1.351631	4	6	1	2	2	0.4169
282	129	48.488459	1	49.000000	43.228259	2	0.880134	6	5	1	1	1	0.7165
283	130	48.488459	2	49.000000	53.493659	1	1.463272	4	6	1	1	1	0.4201
284	131	48.488459	1	49.000000	46.563135	2	0.699279	3	4	1	1	2	1.0151
285	132	48.488459	2	49.000000	50.269745	2	0.717716	3	2	1	2	2	0.8491
286	133	48.488459	2	49.000000	50.450289	2	0.830511	5	4	1	1	1	0.3329
287	134	48.488459	1	49.000000	46.706905	1	1.103566	8	3	2	1	1	0.6191
288	135	48.488459	1	49.000000	42.170900	2	0.970130	2	6	1	1	1	0.4451
289	136	48.488459	2	49.000000	51.785715	1	1.288955	7	8	1	2	1	0.4129
290	137	48.488459	1	49.000000	46.647192	1	1.036209	7	5	1	1	1	0.4664
291	138	48.488459	1	49.000000	45.484134	2	0.879673	2	3	1	2	2	0.6279
292	139	48.488459	2	49.000000	54.503579	2	0.762377	8	7	1	2	2	0.8367
293	140	48.488459	2	49.000000	50.080269	1	0.769836	2	3	2	2	2	0.7868
294	141	48.488459	2	49.000000	51.481482	2	0.746960	2	3	1	1	1	0.6948
295	142	48.488459	1	49.000000	44.863781	2	1.009332	5	4	1	1	1	0.6561
296	143	48.488459	1	49.000000	45.090581	2	0.725819	8	5	1	2	2	0.5525
297	144	48.488459	2	49.000000	52.203734	1	1.170005	8	3	1	1	1	0.4349
298	145	48.488459	1	49.000000	46.945799	1	1.233422	7	3	1	2	2	0.9915
299	146	48.488459	1	49.000000	46.786934	2	1.055624	4	2	1	1	1	0.7672
300	147	48.488459	2	49.000000	51.171102	2	1.318160	3	6	1	1	1	1.0809
301	148	48.488459	2	49.000000	54.048871	2	0.788832	3	6	1	1	1	0.7593
302	149	48.488459	1	49.000000	45.275040	2	1.665167	7	4	1	2	2	1.5074
303	150	48.488459	1	49.000000	42.855955	1	1.422446	2	6	1	1	1	0.3971
304	151	48.488459	1	49.000000	43.207486	2	0.884165	3	8	1	1	1	0.6566
305	152	48.488459	2	49.000000	50.101012	1	1.046401	8	7	1	1	1	0.3410
306	153	48.488459	2	49.000000	49.988736	2	0.750494	5	2	1	1	1	0.4261
307	154	48.488459	2	49.000000	50.889486	2	0.847493	5	3	1	2	2	0.9892
308	155	48.488459	2	49.000000	55.887449	2	0.885325	6	2	1	2	2	0.7936
309	156	48.488459	1	49.000000	42.265258	2	2.025232	3	7	1	2	1	1.0234
310	157	48.488459	2	49.000000	51.170329	2	0.886156	2	4	1	1	1	0.3705
311	158	48.488459	1	49.000000	44.128168	2	1.515795	2	4	1	2	2	0.4142
312	159	48.488459	1	49.000000	43.151134	2	1.413469	3	2	1	1	1	0.4441
313	160	48.488459	2	49.000000	54.312749	1	1.073948	4	2	1	1	1	0.9270
314	161	48.488459	2	49.000000	49.999463	2	1.824985	7	2	1	1	1	0.3515
315	162	48.488459	2	49.000000	50.279350	2	0.835029	3	2	1	2	2	0.5037
316	163	48.488459	2	49.000000	52.789999	2	1.443563	6	7	2	2	2	0.6968
317	164	48.488459	2	49.000000	55.866922	2	0.964371	3	6	1	1	1	0.4054
318	165	48.488459	2	49.000000	51.781384	2	1.381127	3	6	1	1	1	0.4451
319	166	48.488459	1	49.000000	43.460623	2	0.899232	2	7	1	1	1	0.3267
320	167	48.488459	1	49.000000	45.951459	2	0.713391	2	3	2	2	2	0.8206
321	168	48.488459	1	49.000000	45.943881	1	0.635518	2	4	1	2	2	0.4179
322	169	48.488459	1	49.000000	46.335418	1	0.832945	6	2	1	1	1	0.5356
323	170	48.488459	1	49.000000	43.135800	1	1.098093	6	5	1	1	1	1.0215
324	171	48.488459	2	49.000000	50.231572	1	1.069418	4	2	1	2	2	0.4652
325	172	48.488459	1	49.000000	43.534450	2	0.918348	2	3	1	2	2	1.2494
326	173	48.488459	1	49.000000	46.547893	1	1.542601	6	5	1	2	2	0.7844
327	174	48.488459	2	49.000000	52.004530	1	1.233925	4	3	1	2	2	0.7668
328	175	48.488459	2	49.000000	54.327102	1	1.103805	2	4	1	2	2	0.3873
329	176	48.488459	2	49.000000	55.161814	2	0.947804	6	7	2	2	2	0.8057
330	177	48.488459	1	49.000000	44.491809	1	1.637130	2	7	1	2	2	0.5389
331	178	48.488459	1	49.000000	42.779048	2	0.813382	8	2	2	1	1	0.7884
332	179	48.488459	1	49.000000	42.697597	2	1.580524	4	3	1	2	2	0.8526
333	180	48.488459	2	49.000000	52.900980	2	0.842156	3	5	1	2	2	0.6165
334	181	48.488459	2	49.000000	49.962600	2	1.791510	6	3	1	2	2	1.3512
335	182	48.488459	1	49.000000	42.840743	2	1.000422	7	2	1	1	1	0.7200
336	183	48.488459	1	49.000000	43.943895	1	0.819033	4	3	1	1	1	0.3140
337	184	48.488459	2	49.000000	54.697592	2	1.349374	3	7	1	1	1	0.3526
338	185	48.488459	1	49.000000	46.511411	1	1.248468	4	2	1	1	1	0.4300
339	186	48.488459	2	49.000000	51.504300	1	1.244510	3	2	1	1	1	0.4100
340	187	48.488459	1	49.000000	42.010042	2	0.953151	3	4	1	1	1	0.8427
341	188	48.488459	1	49.000000	44.531960	1	0.961011	5	4	1	1	1	0.8501
342	189	48.488459	2	49.000000	51.256986	1	1.423412	3	4	1	2	2	0.5261
343	190	48.488459	2	49.000000	51.322988	2	0.865394	7	8	1	1	1	0.9344
344	191	48.488459	1	49.000000	45.083672	2	0.920451	2	6	1	1	1	0.3794
345	192	48.488459	2	49.000000	55.708269	1	2.020059	2	3	1	2	2	0.2581
346	193	48.488459	2	49.000000	51.377530	2	0.503958	8	6	1	2	2	0.5882
347	194	48.488459	2	49.000000	49.901832	2	0.596525	4	6	1	1	1	0.3404
348	195	48.488459	1	49.000000	44.519929	2	1.343043	7	5	1	1	1	0.5204
349	196	48.488459	1	49.000000	43.175324	1	0.827594	4	2	1	2	2	0.4979
350	197	48.488459	2	49.000000	55.807500	2	1.213814	5	4	1	2	2	0.7246
351	198	48.488459	2	49.000000	54.401450	2	1.407624	8	5	1	1	1	0.3828
352	199	48.488459	2	49.000000	53.024003	1	1.071462	8	4	1	1	1	0.4122
353	200	48.488459	2	49.000000	54.987919	1	1.523521	5	8	1	1	2	0.8780
354	201	48.488459	2	49.000000	54.369085	1	0.834228	4	5	2	2	2	2.3306
355	202	48.488459	1	49.000000	42.554152	2	1.017683	7	8	2	2	2	0.8247
356	203	48.488459	1	49.000000	42.180362	2	0.975621	8	2	1	2	1	0.8425
357	204	48.488459	1	49.000000	43.449260	1	0.750648	7	2	1	2	2	1.2985
358	205	48.488459	1	49.000000	42.521165	1	1.043763	7	4	1	1	1	0.6594
359	206	48.488459	1	49.000000	44.638209	2	0.751093	7	2	1	1	1	0.7850
360	207	48.488459	1	49.000000	43.269035	1	0.761005	6	3	1	2	2	0.8662
361	208	48.488459	2	49.000000	54.061189	2	1.343104	5	2	1	1	1	0.5126
362	209	48.488459	1	49.000000	42.685438	2	1.971436	7	3	1	1	1	0.7877
363	210	48.488459	1	49.000000	45.223149	2	1.483985	2	8	1	2	2	0.3519
364	211	48.488459	2	49.000000	55.834788	1	1.377783	6	4	1	1	2	0.4178
365	212	48.488459	2	49.000000	52.627630	1	1.065053	7	3	2	1	2	0.6379
366	213	48.488459	2	49.000000	52.824270	2	0.782089	5	4	1	1	2	0.5486
367	214	48.488459	1	49.000000	46.813289	1	0.910356	5	4	1	2	2	0.4654
368	215	48.488459	1	49.000000	45.420255	2	1.230578	4	3	1	1	1	0.3328
369	216	48.488459	2	49.000000	53.894200	2	0.743196	3	4	1	2	2	0.4657
370	217	48.488459	1	49.000000	42.759454	2	0.838321	2	3	1	2	2	0.7265
371	218	48.488459	1	49.000000	45.754535	2	1.799740	5	3	1	1	2	1.3687
372	219	48.488459	1	49.000000	44.107906	1	1.295178	6	4	1	1	2	0.9787
373	220	48.488459	2	49.000000	54.051597	1	1.186675	7	8	1	2	2	2.6268
374	221	48.488459	1	49.000000	42.798243	1	2.344414	5	6	1	2	2	0.8730
375	222	48.488459	1	49.000000	46.482485	1	1.261812	2	3	1	1	1	0.6506
376	223	48.488459	1	49.000000	44.848026	1	1.400181	6	2	1	2	2	1.0874
377	224	48.488459	1	49.000000	43.855256	1	1.315628	7	6	1	1	1	0.7263
378	225	48.488459	1	49.000000	44.209264	2	1.633175	7	5	1	2	2	0.3670
379	226	48.488459	2	49.000000	54.902755	1	2.000315	3	2	1	1	1	0.4872
380	227	48.488459	2	49.000000	50.809568	2	0.429387	6	4	1	2	2	0.4182
381	228	48.488459	1	49.000000	42.344466	1	1.393442	7	2	1	2	2	0.4968
382	229	48.488459	1	49.000000	45.911727	2	0.652454	2	3	1	2	2	1.6904
383	230	48.488459	2	49.000000	54.309628	2	1.894013	3	8	1	1	1	1.3850
384	231	48.488459	2	49.000000	51.974280	2	0.904716	3	2	1	1	1	0.8284
385	232	48.488459	1	49.000000	46.238325	2	1.050709	2	4	1	2	2	0.3602
386	233	48.488459	2	49.000000	55.278624	1	2.058825	4	5	1	1	1	1.1663
387	234	48.488459	1	49.000000	46.747583	2	0.630809	8	6	2	1	2	0.3914
388	235	48.488459	2	49.000000	53.944007	1	0.933876	4	3	2	1	2	0.8082
389	236	48.488459	1	49.000000	44.573504	2	0.783914	4	5	1	2	2	0.4244
390	237	48.488459	2	49.000000	55.202023	1	0.511577	4	5	1	1	1	0.8349
391	238	48.488459	2	49.000000	52.442028	3	1.865052	5	6	1	2	2	2.9870
392	239	48.488459	1	49.000000	43.344949	2	0.847641	4	5	1	2	2	0.5654
393	240	48.488459	2	49.000000	51.574339	2	0.750448	5	4	2	1	2	0.4323
394	241	48.488459	2	49.000000	54.856138	1	1.134730	7	6	1	1	1	0.6491
395	242	48.488459	1	49.000000	44.384557	1	1.254709	2	3	2	2	2	0.8442
396	243	48.488459	1	49.000000	43.952687	1	0.785500	2	3	1	2	2	0.5381
397	244	48.488459	2	49.000000	53.215888	2	1.772593	6	4	1	1	1	0.3968
398	245	48.488459	2	49.000000	53.452607	2	1.028676	7	4	1	2	2	0.6750
399	246	48.488459	2	49.000000	50.863275	2	0.560114	3	5	1	1	1	0.3392
400	247	48.488459	2	49.000000	52.973687	2	0.963908	7	3	1	2	2	0.7168
401	248	48.488459	2	49.000000	50.598527	2	1.175812	5	8	1	2	2	0.6006
402	249	48.488459	1	49.000000	42.538575	2	1.266057	2	3	1	2	2	0.6373
403	250	48.488459	2	49.000000	51.287102	1	0.875460	6	4	1	1	1	0.4086
404	251	48.488459	2	49.000000	54.805776	2	0.472493	2	8	1	1	1	0.3418
405	252	48.488459	2	49.000000	51.658871	2	1.096408	4	6	1	1	1	0.6199
406	253	48.488459	2	49.000000	50.810709	2	1.330898	3	5	1	1	1	0.7651
407	254	48.488459	2	49.000000	52.045911	2	1.285942	5	7	1	2	2	0.6342
408	255	48.488459	2	49.000000	50.780210	2	1.072386	3	2	1	1	1	0.8934
409	256	48.488459	1	49.000000	46.603647	1	1.577469	2	7	1	1	1	1.3374
410	257	48.488459	1	49.000000	45.422911	2	1.163104	2	7	1	1	1	1.0119
411	258	48.488459	1	49.000000	44.516814	2	0.666362	2	4	2	2	1	1.0159
412	259	48.488459	1	49.000000	42.868890	1	0.782603	3	7	2	2	2	0.4071
413	260	48.488459	1	49.000000	46.251475	1	1.582992	6	5	1	1	1	0.4147
414	261	48.488459	1	49.000000	46.044030	2	1.190015	3	2	1	1	1	0.9901
415	262	48.488459	2	49.000000	52.595614	1	1.062143	4	5	1	1	1	0.5090
416	263	48.488459	2	49.000000	51.880087	2	1.310937	3	2	2	1	2	0.8016
417	264	48.488459	1	49.000000	46.531817	1	1.162895	3	2	1	1	1	0.7160
418	265	48.488459	1	49.000000	43.605148	1	1.028893	7	4	1	1	1	0.3251
419	266	48.488459	2	49.000000	55.309732	2	0.638574	8	6	1	2	2	0.6371
420	267	48.488459	2	49.000000	53.074113	1	1.187298	2	4	1	2	2	0.8997
421	268	48.488459	1	49.000000	45.415699	1	1.183082	5	4	1	1	2	1.0472
422	269	48.488459	2	49.000000	50.566419	2	0.860478	6	4	1	2	2	0.6257
423	270	48.488459	1	49.000000	43.193685	2	0.848618	4	2	1	2	1	0.9425
424	271	48.488459	1	49.000000	45.369724	1	1.138784	3	5	1	1	1	0.9640
425	272	48.488459	2	49.000000	53.693949	1	0.779602	2	3	1	1	1	0.4040
426	273	48.488459	1	49.000000	46.778940	1	0.995924	6	5	2	1	1	0.5315
427	274	48.488459	1	49.000000	43.850805	1	1.357916	3	4	1	2	2	0.4473
428	275	48.488459	1	49.000000	44.692342	1	1.605139	3	6	1	1	1	0.3963
429	276	48.488459	1	49.000000	42.973529	1	1.308210	5	6	1	2	2	0.5117
430	277	48.488459	1	49.000000	46.255219	1	1.466736	3	7	1	2	2	0.5912
431	278	48.488459	2	49.000000	52.414533	2	0.975515	8	5	1	2	2	0.7766
432	279	48.488459	2	49.000000	55.883016	2	2.144849	4	2	1	1	1	0.7536
433	280	48.488459	2	49.000000	52.330441	2	0.987149	2	3	2	2	2	0.9237
434	281	48.488459	1	49.000000	46.074341	2	1.126238	6	5	1	1	1	0.3684
435	282	48.488459	1	49.000000	45.117986	1	1.017852	6	3	1	1	1	0.7289
436	283	48.488459	1	49.000000	43.360573	2	1.659045	2	5	2	2	2	0.6961
437	284	48.488459	1	49.000000	46.345127	1	2.307738	6	7	1	1	1	0.8465
438	285	48.488459	1	49.000000	45.581622	1	0.939804	7	4	2	1	1	0.8784
439	286	48.488459	1	49.000000	43.580187	1	1.626472	6	3	1	1	1	0.4162
440	287	48.488459	1	49.000000	43.543185	1	2.215389	5	6	2	2	2	0.9193
441	288	48.488459	1	49.000000	45.216919	2	1.168287	5	7	1	1	1	1.7220
442	289	48.488459	1	49.000000	43.275800	1	1.267118	4	3	1	2	2	1.7601
443	290	48.488459	2	49.000000	52.996947	1	1.184891	8	6	1	1	4	5.2809
444	291	48.488459	1	49.000000	46.083298	2	4.697681	2	6	1	2	1	2.2666
445	292	48.488459	1	49.000000	43.068034	1	1.110444	3	2	2	1	1	0.3292
446	293	48.488459	1	49.000000	44.421913	1	1.171906	5	3	1	2	2	0.7491
447	294	48.488459	2	49.000000	55.333866	1	1.526169	2	7	1	1	1	1.4802
448	295	48.488459	2	49.000000	54.517697	1	0.963804	7	5	1	2	2	1.5888
449	296	48.488459	1	49.000000	43.765815	2	2.164734	2	3	2	2	2	0.5807
450	297	48.488459	2	49.000000	50.975201	1	1.228967	2	3	1	2	2	0.5071
451	298	48.488459	1	49.000000	43.903989	2	1.406891	7	3	1	1	2	0.6543
452	299	48.488459	1	49.000000	42.855060	2	1.011647	6	3	1	2	2	1.0126
453	300	48.488459	1	49.000000	47.013027	1	0.849476	3	6	1	1	1	1.1673
454	301	48.488459	2	49.000000	51.091662	1	0.775755	3	2	1	2	2	0.5142
455	302	48.488459	2	49.000000	53.664191	2	1.923472	4	3	1	1	1	0.3597
456	303	48.488459	2	49.000000	52.153719	2	2.111514	5	2	2	1	2	1.1635
457	304	48.488459	2	49.000000	50.387594	2	2.522334	4	3	1	1	1	0.3961
458	305	48.488459	1	49.000000	44.215761	2	2.827966	2	3	2	2	1	0.7929
459	306	48.488459	1	49.000000	45.015275	2	1.913210	8	2	2	1	2	0.6594
460	307	48.488459	2	49.000000	53.442692	2	0.665110	3	2	1	1	1	1.6302
461	308	48.488459	2	49.000000	51.945587	2	0.075816	5	4	1	1	1	0.3468
462	309	48.488459	2	49.000000	52.816676	2	0.506892	4	3	2	1	2	0.7109
463	310	48.488459	1	49.000000	44.245200	2	0.769821	3	6	1	2	1	0.2669
464	311	48.488459	2	49.000000	50.664738	1	0.448185	2	7	1	1	2	0.3741
465	312	48.488459	2	49.000000	51.278054	2	0.759508	3	5	1	2	2	0.5206
466	313	48.488459	2	49.000000	52.659007	2	0.259655	7	4	2	1	2	0.4654
467	314	48.488459	2	49.000000	55.243790	2	0.550357	5	2	2	1	2	0.7764
468	315	48.488459	2	49.000000	55.153628	2	0.025003	8	4	1	1	2	0.6162
469	316	48.488459	2	49.000000	51.955112	2	0.431311	8	7	1	2	1	0.7981
470	317	48.488459	2	49.000000	52.041464	2	0.029600	6	4	1	2	2	0.7487
471	318	48.488459	2	49.000000	50.268859	2	0.446106	3	6	1	2	1	0.9004
472	319	48.488459	1	49.000000	43.704260	1	0.358674	3	2	1	1	1	0.6093
473	320	48.488459	2	49.000000	51.846061	2	0.328969	3	2	1	2	2	0.4937
474	321	48.488459	2	49.000000	53.009557	2	0.400169	3	2	1	1	1	0.5604
475	322	48.488459	2	49.000000	53.532194	2	0.313306	6	5	1	1	1	0.3088
476	323	48.488459	1	49.000000	42.498203	2	0.200738	5	3	1	1	1	0.3131
477	324	48.488459	2	49.000000	53.352422	2	0.308265	7	5	1	2	2	0.4336
478	1	88.465955	1	91.000000	86.135216	2	4.406864	3	4	1	2	0	0.0000
479	2	88.465955	1	91.000000	86.059737	1	2.103954	3	5	1	1	0	0.0000
480	3	88.465955	2	91.000000	95.825669	1	1.272680	2	5	1	2	0	0.0000
481	4	88.465955	1	91.000000	84.296128	2	1.713666	4	7	1	2	0	0.0000
482	5	88.465955	1	91.000000	85.564702	1	1.342146	3	4	1	1	0	0.0000
483	6	88.465955	1	91.000000	87.020350	2	1.180415	2	6	1	1	0	0.0000
484	7	88.465955	1	91.000000	85.658190	1	0.656435	8	7	1	2	0	0.0000
485	8	88.465955	1	91.000000	85.925675	1	1.082834	8	5	2	1	0	0.0000
486	9	88.465955	2	91.000000	96.352675	1	1.483185	3	4	2	2	0	0.0000
487	10	88.465955	1	91.000000	86.039983	2	0.636849	3	4	2	2	0	0.0000
488	11	88.465955	1	91.000000	84.925170	1	0.733716	7	3	1	2	0	0.0000
489	12	88.465955	2	91.000000	92.443134	2	0.916355	5	6	1	2	0	0.0000
490	13	88.465955	2	91.000000	92.642898	2	0.779573	3	2	1	2	0	0.0000
491	14	88.465955	1	91.000000	86.429222	2	1.600159	5	4	1	2	0	0.0000
492	15	88.465955	1	91.000000	86.102817	1	4.027354	2	3	1	1	0	0.0000
493	16	88.465955	2	91.000000	93.063546	2	2.852420	3	4	1	1	0	0.0000
494	17	88.465955	2	91.000000	97.584075	2	0.652528	2	4	1	2	0	0.0000
495	18	88.465955	1	91.000000	86.663363	2	1.910529	8	4	1	2	0	0.0000
496	19	88.465955	2	91.000000	90.099528	1	0.804816	7	2	2	1	0	0.0000
497	20	88.465955	2	91.000000	97.257331	2	2.608562	8	6	1	1	0	0.0000
498	21	88.465955	1	91.000000	85.292939	2	0.723061	3	5	1	1	0	0.0000
499	22	88.465955	1	91.000000	84.207925	2	0.938472	2	7	1	1	0	0.0000
500	23	88.465955	2	91.000000	95.580014	1	0.370782	2	5	1	1	0	0.0000
501	24	88.465955	2	91.000000	93.824869	2	0.606541	4	8	1	2	0	0.0000
502	25	88.465955	1	91.000000	84.937761	2	1.786713	6	2	1	1	0	0.0000
503	26	88.465955	1	91.000000	85.983085	1	0.526556	2	4	1	2	0	0.0000
