1	1	93.367443	2	96.088084	91.000000	2	1.581162	2	4	1	1	0	0.0000
2	2	93.367443	1	84.980071	91.000000	2	0.997578	2	5	1	1	0	0.0000
3	3	93.367443	2	96.679615	91.000000	2	0.708227	2	5	1	2	0	0.0000
4	4	93.367443	1	91.208694	91.000000	2	0.684302	3	2	2	1	0	0.0000
5	5	93.367443	2	97.775753	91.000000	2	0.956888	2	3	1	2	0	0.0000
6	6	93.367443	1	89.228339	91.000000	1	0.570655	3	4	1	2	0	0.0000
7	7	93.367443	1	90.441232	91.000000	1	0.679880	2	6	1	2	0	0.0000
8	8	93.367443	1	84.574782	91.000000	1	0.672380	6	2	1	1	0	0.0000
9	9	93.367443	1	85.703407	91.000000	1	0.585705	6	2	1	2	0	0.0000
10	10	93.367443	1	87.666317	91.000000	1	0.662411	4	5	1	1	0	0.0000
11	11	93.367443	2	97.357379	91.000000	1	1.143930	2	4	1	1	0	0.0000
12	12	93.367443	1	84.125884	91.000000	1	0.686146	8	6	1	1	0	0.0000
13	13	93.367443	1	91.702128	91.000000	2	1.030950	7	6	1	1	0	0.0000
14	14	93.367443	1	89.210822	91.000000	1	0.626763	4	3	1	2	0	0.0000
15	15	93.367443	2	95.030250	91.000000	2	0.676309	3	2	2	1	0	0.0000
16	16	93.367443	2	95.307203	91.000000	2	0.709725	4	2	1	2	0	0.0000
17	17	93.367443	2	96.286558	91.000000	2	0.717767	5	2	1	1	0	0.0000
18	18	93.367443	2	96.554111	91.000000	2	0.628696	2	4	1	1	0	0.0000
19	19	93.367443	1	87.862170	91.000000	1	0.455535	4	3	1	1	0	0.0000
20	20	93.367443	2	95.779241	91.000000	2	0.873738	4	5	1	1	0	0.0000
21	21	93.367443	2	94.818174	91.000000	2	0.643697	4	6	1	1	0	0.0000
22	22	93.367443	2	97.446180	91.000000	2	0.581555	3	2	1	2	0	0.0000
23	23	93.367443	1	87.803880	91.000000	1	0.562078	6	5	1	2	0	0.0000
24	24	93.367443	2	95.282849	91.000000	2	0.591390	3	2	1	2	0	0.0000
25	25	93.367443	2	96.893586	91.000000	2	0.644117	2	3	1	1	0	0.0000
26	1	51.250524	1	42.166525	49.000000	1	3.724861	2	5	1	2	2	1.2241
27	2	51.250524	2	55.625911	49.000000	1	1.315308	4	3	2	1	1	1.5665
28	3	51.250524	2	53.231861	49.000000	1	1.494444	5	4	2	1	2	2.2747
29	4	51.250524	2	53.934385	49.000000	2	1.158162	3	8	2	2	2	0.7518
30	5	51.250524	1	48.328710	49.000000	2	1.513018	5	7	1	2	2	1.0039
31	6	51.250524	1	44.005047	49.000000	2	2.603158	5	3	1	2	2	1.2737
32	7	51.250524	1	47.268755	49.000000	1	1.605941	4	2	1	2	2	0.5572
33	8	51.250524	1	48.350230	49.000000	1	2.390692	4	3	1	2	2	0.5984
34	9	51.250524	1	45.678102	49.000000	1	1.733456	5	2	1	1	1	1.2154
35	10	51.250524	1	46.730313	49.000000	1	1.781783	2	3	1	1	1	0.7740
36	11	51.250524	1	48.583833	49.000000	1	2.822655	6	3	1	2	2	0.7722
37	12	51.250524	1	42.040723	49.000000	1	1.572927	2	4	1	1	1	0.5895
38	13	51.250524	1	48.025710	49.000000	1	2.061608	3	2	1	1	1	0.9060
39	14	51.250524	2	55.949909	49.000000	2	2.349277	3	2	1	2	2	1.1103
40	15	51.250524	2	55.099083	49.000000	2	1.793102	3	2	1	1	1	1.0490
41	16	51.250524	1	49.488685	49.000000	2	2.103706	4	2	1	2	2	1.6175
42	17	51.250524	2	54.025420	49.000000	2	0.966935	5	2	1	2	2	0.9601
43	18	51.250524	2	53.144898	49.000000	2	2.112996	3	5	1	2	2	2.4592
44	19	51.250524	2	53.878108	49.000000	2	1.007056	5	4	1	2	2	1.2794
45	1	36.455145	1	30.637754	35.000000	1	2.310597	2	3	1	2	0	0.0000
46	2	36.455145	1	31.782712	35.000000	1	2.085242	5	8	2	2	0	0.0000
47	3	36.455145	1	28.700838	35.000000	1	1.316695	4	5	2	2	0	0.0000
48	4	36.455145	1	28.340742	35.000000	1	2.163621	7	6	1	2	0	0.0000
49	5	36.455145	2	38.555653	35.000000	1	0.831718	2	3	1	2	0	0.0000
50	6	36.455145	1	31.884696	35.000000	1	1.650369	8	5	1	2	0	0.0000
51	7	36.455145	2	40.562561	35.000000	2	0.723585	6	2	2	1	0	0.0000
52	8	36.455145	1	29.653358	35.000000	1	1.074733	4	6	1	2	0	0.0000
53	9	36.455145	1	31.198801	35.000000	2	0.771618	2	3	1	1	0	0.0000
54	10	36.455145	1	29.499010	35.000000	1	1.257034	4	3	1	2	0	0.0000
55	11	36.455145	1	29.307077	35.000000	1	1.250188	5	2	1	2	0	0.0000
56	12	36.455145	2	38.046766	35.000000	2	0.699742	6	8	1	2	0	0.0000
57	13	36.455145	2	39.039337	35.000000	2	0.676268	5	8	2	2	0	0.0000
58	14	36.455145	2	40.846291	35.000000	2	0.693159	6	2	1	2	0	0.0000
59	15	36.455145	2	41.812347	35.000000	2	0.629836	5	3	1	2	0	0.0000
60	16	36.455145	2	40.748721	35.000000	2	0.528546	3	8	1	1	0	0.0000
61	17	36.455145	2	40.526273	35.000000	2	0.591201	2	3	1	1	0	0.0000
62	18	36.455145	2	41.669214	35.000000	2	0.899770	5	4	1	1	0	0.0000
63	19	36.455145	1	28.837706	35.000000	1	0.563761	6	4	1	1	0	0.0000
64	1	3.733030	1	0.847001	7.000000	1	1.419744	6	2	1	1	1	1.0425
65	2	3.733030	1	1.163290	7.000000	1	0.952301	2	4	2	2	2	0.8184
66	3	3.733030	1	1.712588	7.000000	1	0.961004	2	3	1	1	1	1.1860
67	4	3.733030	1	0.986112	7.000000	1	1.089621	2	5	1	2	2	1.1096
68	5	3.733030	1	1.333858	7.000000	1	0.921066	2	4	1	1	1	0.7484
69	6	3.733030	2	5.805976	7.000000	2	2.037837	3	7	2	2	2	0.9075
70	7	3.733030	2	9.643095	7.000000	1	1.254646	2	3	1	1	1	1.2764
71	8	3.733030	1	0.933156	7.000000	1	1.272663	7	6	1	1	1	1.4456
72	9	3.733030	2	13.681664	7.000000	2	0.978475	7	3	1	2	2	0.5710
73	10	3.733030	1	2.321149	7.000000	1	0.979737	4	2	1	1	1	0.7721
74	11	3.733030	2	6.677115	7.000000	2	1.637011	2	6	1	1	1	0.8270
75	12	3.733030	2	5.317200	7.000000	1	2.088828	2	3	1	1	1	1.3965
76	13	3.733030	1	2.128527	7.000000	2	1.763335	2	3	1	2	2	0.7239
77	14	3.733030	2	9.941417	7.000000	2	2.550721	3	8	1	2	2	0.7593
78	15	3.733030	2	8.142607	7.000000	2	1.496719	6	5	2	1	1	0.8760
79	16	3.733030	1	0.668245	7.000000	1	1.928827	2	8	1	1	1	0.9384
80	17	3.733030	2	6.318090	7.000000	2	1.060333	4	3	1	2	2	1.0501
81	18	3.733030	1	0.236301	7.000000	1	0.791064	4	5	1	2	2	0.7598
82	19	3.733030	2	13.482196	7.000000	2	1.129021	6	5	1	2	2	1.0436
83	20	3.733030	1	1.786901	7.000000	1	1.416727	6	7	2	2	2	0.7435
84	21	3.733030	1	1.845441	7.000000	1	0.992859	5	6	1	1	1	1.0653
85	22	3.733030	2	6.495012	7.000000	2	1.429677	2	7	1	2	2	0.7320
86	23	3.733030	2	6.870273	7.000000	2	1.173856	4	3	1	1	1	0.7912
87	24	3.733030	2	10.070142	7.000000	2	1.102804	7	4	1	2	2	0.7947
88	25	3.733030	1	2.126251	7.000000	1	1.057995	3	4	1	1	1	0.7999
89	26	3.733030	2	7.037801	7.000000	2	0.951138	3	8	1	1	1	0.5770
90	1	17.590728	1	15.875551	21.000000	2	1.515161	4	5	1	2	0	0.0000
91	2	17.590728	1	15.510532	21.000000	1	0.804422	2	3	1	2	0	0.0000
92	3	17.590728	2	19.790869	21.000000	1	0.837731	7	6	1	1	0	0.0000
93	4	17.590728	1	14.326720	21.000000	1	1.040095	5	7	1	1	0	0.0000
94	5	17.590728	1	14.866982	21.000000	1	1.178459	3	2	1	1	0	0.0000
95	6	17.590728	1	15.021555	21.000000	1	0.718727	3	2	2	1	0	0.0000
96	7	17.590728	1	14.684206	21.000000	1	0.558021	6	5	1	1	0	0.0000
97	8	17.590728	2	21.439058	21.000000	2	0.643898	6	4	1	1	0	0.0000
98	9	17.590728	2	25.822360	21.000000	2	0.565906	3	7	1	2	0	0.0000
99	10	17.590728	1	14.375108	21.000000	2	0.379187	2	5	1	1	0	0.0000
100	11	17.590728	1	14.820040	21.000000	1	0.896238	5	6	1	2	0	0.0000
101	12	17.590728	1	15.229078	21.000000	1	0.768119	3	2	1	2	0	0.0000
102	13	17.590728	2	20.821836	21.000000	2	0.437285	4	5	1	1	0	0.0000
103	14	17.590728	2	19.847232	21.000000	2	0.567990	8	6	1	1	0	0.0000
104	15	17.590728	1	15.725707	21.000000	1	0.389591	6	7	1	2	0	0.0000
105	16	17.590728	2	22.595070	21.000000	2	0.634241	2	4	2	2	0	0.0000
106	17	17.590728	2	22.001272	21.000000	2	0.748851	8	6	1	2	0	0.0000
107	1	60.365672	2	67.503693	63.000000	2	1.249671	7	8	1	2	2	1.1913
108	2	60.365672	2	65.848564	63.000000	2	1.111007	5	3	1	1	1	0.7222
109	3	60.365672	1	58.082288	63.000000	1	1.181035	2	5	1	1	1	0.6532
110	4	60.365672	2	68.949516	63.000000	2	1.154531	2	3	1	2	2	1.2684
111	5	60.365672	2	63.746885	63.000000	1	1.248382	3	2	1	1	1	0.9742
112	6	60.365672	2	62.959688	63.000000	2	1.366755	3	2	1	1	1	0.9756
113	7	60.365672	1	56.093501	63.000000	1	0.951978	4	8	1	2	2	0.7220
114	8	60.365672	2	68.948734	63.000000	2	1.428574	2	7	1	2	2	0.7790
115	9	60.365672	1	56.234857	63.000000	1	0.914844	2	3	1	2	2	0.7180
116	10	60.365672	2	69.112907	63.000000	2	1.144858	4	3	1	1	1	1.0266
117	11	60.365672	1	58.947598	63.000000	1	0.944387	6	3	1	2	2	1.1461
118	12	60.365672	1	57.136664	63.000000	1	0.979175	2	4	1	2	2	0.8357
119	13	60.365672	1	57.422816	63.000000	1	0.825799	6	2	1	2	2	0.7209
120	14	60.365672	2	64.970844	63.000000	2	1.099678	5	4	1	2	2	0.7592
121	1	74.571227	2	82.777528	77.000000	2	0.869626	5	4	1	2	0	0.0000
122	2	74.571227	1	71.432757	77.000000	1	0.902912	2	7	1	1	0	0.0000
123	3	74.571227	2	83.783193	77.000000	2	0.422626	3	4	1	1	0	0.0000
124	4	74.571227	2	81.349310	77.000000	2	0.554295	3	8	2	2	0	0.0000
125	5	74.571227	1	71.642801	77.000000	1	0.832176	3	7	1	2	0	0.0000
126	6	74.571227	2	83.769926	77.000000	2	0.482595	3	5	1	1	0	0.0000
127	7	74.571227	1	72.585408	77.000000	1	0.691309	2	3	1	2	0	0.0000
128	8	74.571227	2	79.536755	77.000000	2	0.483994	8	2	1	1	0	0.0000
129	9	74.571227	2	83.127830	77.000000	2	0.460738	6	5	1	1	0	0.0000
130	10	74.571227	2	77.686592	77.000000	2	0.494120	6	4	1	1	0	0.0000
131	11	74.571227	1	71.317595	77.000000	1	0.662494	2	3	1	1	0	0.0000
132	12	74.571227	1	71.237594	77.000000	1	0.591658	3	2	1	1	0	0.0000
133	13	74.571227	1	70.912374	77.000000	1	0.564286	4	8	1	1	0	0.0000
134	14	74.571227	1	70.807025	77.000000	1	0.601745	4	7	1	1	0	0.0000
135	1	91.412794	1	91.000000	87.543933	2	1.978289	3	2	1	2	2	0.6168
136	2	91.412794	1	91.000000	84.410128	2	2.143523	7	4	1	1	2	1.1052
137	3	91.412794	1	91.000000	86.642797	1	1.444114	4	3	2	1	1	1.1217
138	4	91.412794	1	91.000000	84.910051	2	3.116030	2	6	1	2	2	0.7736
139	5	91.412794	1	91.000000	86.625550	1	2.846132	5	4	1	2	2	1.2987
140	6	91.412794	1	91.000000	84.316515	2	1.495084	2	3	2	2	2	0.8089
141	7	91.412794	2	91.000000	93.096740	2	1.304313	4	5	1	1	1	1.2840
142	8	91.412794	2	91.000000	93.261317	2	1.471509	6	2	2	1	1	0.6043
143	9	91.412794	2	91.000000	94.122863	2	1.227669	4	2	1	1	1	1.2188
144	10	91.412794	1	91.000000	84.897348	1	0.968933	4	7	1	1	1	0.7143
145	11	91.412794	2	91.000000	97.627454	2	0.860870	2	3	1	2	2	1.4502
146	12	91.412794	2	91.000000	94.454960	2	1.359150	4	7	1	1	1	1.3046
147	13	91.412794	2	91.000000	93.741003	2	1.547552	3	2	2	1	1	1.5888
148	14	91.412794	2	91.000000	95.526973	2	0.740353	2	4	1	2	2	1.6630
149	15	91.412794	2	91.000000	94.650365	2	0.763054	5	3	1	2	2	0.8124
150	16	91.412794	1	91.000000	89.332677	1	1.090805	2	6	1	1	2	2.5513
151	17	91.412794	2	91.000000	95.794152	2	0.736316	3	6	1	1	1	1.2179
152	18	91.412794	1	91.000000	85.508962	1	0.976370	6	5	1	2	2	1.4014
153	1	47.458700	1	49.000000	44.067119	1	2.542831	2	4	1	1	0	0.0000
154	2	47.458700	1	49.000000	42.934147	1	1.411836	7	2	1	1	0	0.0000
155	3	47.458700	1	49.000000	42.125478	1	0.742723	6	5	1	2	0	0.0000
156	4	47.458700	2	49.000000	53.122984	2	0.581208	3	4	1	2	0	0.0000
157	5	47.458700	1	49.000000	45.662746	2	0.673835	4	2	1	2	0	0.0000
158	6	47.458700	2	49.000000	50.125632	2	0.899425	6	3	1	2	0	0.0000
159	7	47.458700	1	49.000000	43.825820	2	0.714763	2	3	1	1	0	0.0000
160	8	47.458700	1	49.000000	43.182902	2	1.018547	7	4	1	2	0	0.0000
161	9	47.458700	2	49.000000	52.411446	1	0.997331	5	4	1	2	0	0.0000
162	10	47.458700	2	49.000000	48.868046	1	3.176903	6	2	1	1	0	0.0000
163	11	47.458700	2	49.000000	50.435873	2	0.772316	2	7	1	2	0	0.0000
164	12	47.458700	1	49.000000	44.283219	1	1.065514	3	4	1	1	0	0.0000
165	13	47.458700	2	49.000000	50.236186	2	0.618278	5	6	1	1	0	0.0000
166	14	47.458700	1	49.000000	45.851775	1	2.989761	4	8	1	2	0	0.0000
167	15	47.458700	2	49.000000	50.888578	2	0.640596	3	7	1	1	0	0.0000
168	16	47.458700	1	49.000000	42.918460	1	0.723209	4	3	1	1	0	0.0000
169	17	47.458700	2	49.000000	49.713561	2	0.562523	5	8	2	2	0	0.0000
170	18	47.458700	2	49.000000	50.721140	2	1.287895	2	4	1	2	0	0.0000
171	19	47.458700	1	49.000000	45.905196	1	0.799901	6	2	1	2	0	0.0000
172	20	47.458700	1	49.000000	44.911232	2	0.795976	4	7	2	2	0	0.0000
173	21	47.458700	1	49.000000	43.583982	2	1.215827	4	3	1	1	0	0.0000
174	22	47.458700	2	49.000000	52.639914	2	0.562683	4	8	1	2	0	0.0000
175	23	47.458700	2	49.000000	53.582330	1	1.824046	3	8	1	1	0	0.0000
176	24	47.458700	2	49.000000	53.226674	2	0.530250	3	6	1	1	0	0.0000
177	25	47.458700	2	49.000000	50.108892	1	0.649228	2	8	1	1	0	0.0000
178	26	47.458700	2	49.000000	52.782995	2	0.579136	2	4	2	2	0	0.0000
179	27	47.458700	1	49.000000	44.358022	1	1.119715	5	3	1	2	0	0.0000
180	28	47.458700	2	49.000000	49.794696	1	0.990605	7	5	1	1	0	0.0000
181	29	47.458700	2	49.000000	54.524868	2	0.563036	8	4	1	2	0	0.0000
182	30	47.458700	1	49.000000	42.964789	1	0.824482	3	8	1	1	0	0.0000
183	31	47.458700	1	49.000000	44.780020	2	2.707721	5	7	1	2	0	0.0000
184	32	47.458700	2	49.000000	51.821265	2	0.553905	3	5	1	2	0	0.0000
185	33	47.458700	1	49.000000	42.998815	1	0.672171	3	4	1	1	0	0.0000
186	34	47.458700	1	49.000000	43.739070	1	0.969388	2	4	1	2	0	0.0000
187	35	47.458700	2	49.000000	55.797456	2	0.510417	6	3	1	2	0	0.0000
188	36	47.458700	2	49.000000	51.083151	1	0.574497	2	3	1	1	0	0.0000
189	37	47.458700	2	49.000000	50.919565	2	0.939768	3	4	1	1	0	0.0000
190	38	47.458700	1	49.000000	43.362529	1	0.586453	4	3	1	1	0	0.0000
191	39	47.458700	2	49.000000	51.097776	1	2.895002	4	2	1	1	0	0.0000
192	40	47.458700	2	49.000000	50.277916	2	0.573812	6	7	2	2	0	0.0000
193	41	47.458700	1	49.000000	45.242485	2	0.755401	8	4	1	1	0	0.0000
194	42	47.458700	1	49.000000	42.378387	1	0.705198	8	3	1	1	0	0.0000
195	43	47.458700	2	49.000000	49.202914	2	0.529149	4	2	2	1	0	0.0000
196	44	47.458700	1	49.000000	42.427374	1	0.823800	2	3	1	2	0	0.0000
197	45	47.458700	1	49.000000	45.661984	2	0.931023	4	3	1	2	0	0.0000
198	46	47.458700	2	49.000000	50.630701	2	0.713549	7	6	1	2	0	0.0000
199	47	47.458700	2	49.000000	54.845362	2	0.744815	7	4	1	1	0	0.0000
200	48	47.458700	1	49.000000	43.571722	1	0.782589	6	2	1	1	0	0.0000
201	49	47.458700	2	49.000000	52.200259	1	1.955254	2	6	1	2	0	0.0000
202	50	47.458700	1	49.000000	45.150882	1	0.832119	3	2	1	1	0	0.0000
203	51	47.458700	1	49.000000	44.110898	1	0.754700	7	2	2	1	0	0.0000
204	52	47.458700	2	49.000000	53.735386	2	0.472503	2	5	1	2	0	0.0000
205	53	47.458700	1	49.000000	43.830346	1	0.914131	2	8	1	1	0	0.0000
206	54	47.458700	1	49.000000	43.063466	1	0.913277	3	6	2	2	0	0.0000
207	55	47.458700	1	49.000000	45.222352	2	0.400113	5	2	1	2	0	0.0000
208	56	47.458700	2	49.000000	50.790883	2	0.836476	5	4	1	2	0	0.0000
209	57	47.458700	2	49.000000	49.899357	2	0.934910	5	7	1	1	0	0.0000
210	58	47.458700	1	49.000000	44.836410	2	2.021555	6	4	1	1	0	0.0000
211	59	47.458700	1	49.000000	43.360420	1	0.815533	8	4	2	1	0	0.0000
212	60	47.458700	1	49.000000	45.808985	1	0.618642	5	4	1	1	0	0.0000
213	61	47.458700	1	49.000000	44.180420	1	0.846273	5	4	1	2	0	0.0000
214	62	47.458700	2	49.000000	52.618382	2	1.247860	5	4	1	2	0	0.0000
215	63	47.458700	1	49.000000	42.176691	1	1.074331	3	8	1	1	0	0.0000
216	64	47.458700	2	49.000000	51.136828	2	0.682009	6	8	1	1	0	0.0000
217	65	47.458700	2	49.000000	49.005527	2	1.067106	8	6	1	1	0	0.0000
218	66	47.458700	2	49.000000	55.823992	2	0.668006	2	3	1	1	0	0.0000
219	67	47.458700	2	49.000000	54.097188	2	1.181349	8	2	1	2	0	0.0000
220	68	47.458700	2	49.000000	50.485861	2	0.937554	2	5	2	2	0	0.0000
221	69	47.458700	2	49.000000	52.354715	2	1.031967	8	5	1	2	0	0.0000
222	1	37.477942	2	35.000000	39.303928	2	1.293251	2	3	1	1	1	1.0976
223	2	37.477942	2	35.000000	41.749283	2	1.236764	6	5	1	2	2	0.7710
224	3	37.477942	1	35.000000	28.891130	1	1.299561	3	2	1	2	2	0.5835
225	4	37.477942	1	35.000000	29.609679	1	1.007315	7	8	1	1	1	0.5513
226	5	37.477942	2	35.000000	40.955949	2	1.448603	3	2	1	2	2	0.3901
227	6	37.477942	2	35.000000	41.493354	2	1.110516	3	5	1	1	1	0.6502
228	7	37.477942	2	35.000000	40.423756	2	1.033121	8	5	2	1	1	0.8620
229	8	37.477942	1	35.000000	29.677331	1	1.162769	2	4	1	1	1	0.8357
230	9	37.477942	2	35.000000	41.720783	2	0.945596	2	6	1	2	2	1.0035
231	10	37.477942	1	35.000000	30.093899	1	1.666693	8	3	1	1	1	0.6952
232	11	37.477942	1	35.000000	34.817234	2	2.650532	4	6	1	2	2	1.0312
233	12	37.477942	2	35.000000	41.773349	2	0.972973	6	2	1	2	2	0.8382
234	13	37.477942	1	35.000000	28.676825	1	0.996131	5	8	2	2	2	0.6920
235	14	37.477942	2	35.000000	40.669980	2	1.071962	6	7	1	1	1	1.0290
236	1	5.406811	1	7.000000	2.695273	1	2.275201	7	6	1	2	0	0.0000
237	2	5.406811	2	7.000000	10.518558	2	1.211337	4	2	1	1	0	0.0000
238	3	5.406811	2	7.000000	7.090260	2	0.886488	2	4	1	2	0	0.0000
239	4	5.406811	1	7.000000	2.628491	2	0.854524	6	4	1	2	0	0.0000
240	5	5.406811	2	7.000000	11.434393	2	0.648255	5	6	1	1	0	0.0000
241	6	5.406811	1	7.000000	0.569140	1	0.642341	5	4	2	1	0	0.0000
242	7	5.406811	1	7.000000	2.054447	2	0.821085	2	7	1	1	0	0.0000
243	8	5.406811	2	7.000000	11.347409	2	1.632200	7	4	1	1	0	0.0000
244	9	5.406811	2	7.000000	10.380459	2	0.754179	6	5	2	1	0	0.0000
245	10	5.406811	1	7.000000	2.130941	1	2.167904	6	7	1	1	0	0.0000
246	11	5.406811	2	7.000000	12.667347	2	0.532175	3	2	1	1	0	0.0000
247	12	5.406811	1	7.000000	0.233399	1	0.810822	3	2	1	2	0	0.0000
248	13	5.406811	1	7.000000	1.906183	2	1.070089	8	3	1	2	0	0.0000
249	14	5.406811	1	7.000000	1.337753	1	0.742937	8	2	1	1	0	0.0000
250	15	5.406811	1	7.000000	1.357655	2	1.925482	5	3	1	1	0	0.0000
251	16	5.406811	2	7.000000	10.420392	2	1.003741	2	3	1	1	0	0.0000
252	17	5.406811	1	7.000000	1.933559	1	1.159577	6	7	1	2	0	0.0000
253	18	5.406811	2	7.000000	13.541463	2	0.525059	2	8	1	2	0	0.0000
254	19	5.406811	1	7.000000	0.454276	1	0.764463	5	6	1	2	0	0.0000
255	20	5.406811	2	7.000000	13.886235	2	0.497945	7	5	1	1	0	0.0000
256	21	5.406811	2	7.000000	8.849862	2	0.761902	2	6	1	2	0	0.0000
257	22	5.406811	1	7.000000	0.803556	1	0.870985	5	3	2	1	0	0.0000
258	23	5.406811	2	7.000000	9.841153	2	0.616521	6	3	2	1	0	0.0000
259	24	5.406811	1	7.000000	3.801600	2	0.723530	6	2	1	1	0	0.0000
260	25	5.406811	2	7.000000	6.918333	2	1.042793	2	3	1	2	0	0.0000
261	26	5.406811	1	7.000000	2.461646	1	0.677225	4	5	1	1	0	0.0000
262	27	5.406811	1	7.000000	3.131914	1	1.270524	2	7	1	2	0	0.0000
263	28	5.406811	1	7.000000	3.886810	1	0.799290	3	2	1	1	0	0.0000
264	29	5.406811	2	7.000000	8.472065	2	0.739177	6	8	1	1	0	0.0000
265	1	20.482510	1	21.000000	16.152572	2	1.475015	5	8	1	1	1	0.6558
266	2	20.482510	2	21.000000	27.598292	2	1.101171	4	3	2	1	1	0.8170
267	3	20.482510	1	21.000000	19.038826	2	0.775399	3	4	2	2	2	1.2248
268	4	20.482510	1	21.000000	18.888144	1	2.472284	4	3	1	2	2	0.7313
269	5	20.482510	1	21.000000	15.647056	2	2.701354	6	5	1	1	1	0.4157
270	6	20.482510	1	21.000000	18.754474	2	0.878536	4	6	1	2	2	0.8273
271	7	20.482510	1	21.000000	18.489061	2	1.297070	3	2	1	1	1	1.0767
272	8	20.482510	2	21.000000	26.454033	2	0.833282	6	2	2	1	1	0.9358
273	9	20.482510	1	21.000000	18.843208	1	1.745481	8	3	1	1	1	0.8670
274	10	20.482510	2	21.000000	27.642312	2	0.863556	7	4	1	1	1	1.1169
275	11	20.482510	2	21.000000	24.196573	2	1.175133	2	4	2	2	2	1.3681
276	12	20.482510	2	21.000000	24.331210	1	2.160498	5	2	1	1	1	0.9614
277	13	20.482510	1	21.000000	18.982100	1	0.921961	4	3	1	1	1	1.2290
278	14	20.482510	1	21.000000	16.804119	1	1.162716	5	2	2	1	1	0.7958
279	15	20.482510	2	21.000000	27.700060	2	1.163118	4	5	1	2	2	1.4041
280	16	20.482510	2	21.000000	23.552792	1	2.562920	7	6	1	1	1	0.7468
281	17	20.482510	2	21.000000	24.418258	2	2.468183	3	2	1	1	1	0.9123
282	18	20.482510	1	21.000000	17.944636	1	1.026780	6	3	1	1	1	0.9859
283	19	20.482510	1	21.000000	14.259647	2	1.561827	7	4	1	1	1	1.2025
284	20	20.482510	1	21.000000	15.056727	2	1.521636	5	2	1	2	2	1.4281
285	21	20.482510	1	21.000000	15.337279	1	1.177599	3	2	1	2	2	0.7541
286	22	20.482510	2	21.000000	25.350814	2	0.891510	7	2	1	2	2	0.9039
287	23	20.482510	2	21.000000	27.326113	2	0.779232	3	6	2	2	2	0.8598
288	24	20.482510	1	21.000000	14.599089	1	1.032162	2	5	1	2	2	0.7829
289	25	20.482510	2	21.000000	23.241362	2	1.222986	4	2	1	1	1	0.6058
290	26	20.482510	1	21.000000	16.756376	1	0.861376	5	6	1	1	1	0.7307
291	27	20.482510	2	21.000000	27.225617	2	0.740547	2	7	1	1	1	0.6793
292	28	20.482510	1	21.000000	18.344586	1	1.539550	5	7	2	2	2	1.7335
293	29	20.482510	2	21.000000	24.161388	2	1.102854	8	6	1	1	1	0.5945
294	30	20.482510	2	21.000000	27.393890	2	0.681787	4	8	1	2	2	1.1426
295	31	20.482510	2	21.000000	26.384645	2	1.072316	4	2	2	1	1	0.7014
296	32	20.482510	1	21.000000	17.190596	1	0.768920	3	5	1	2	2	0.9866
297	33	20.482510	1	21.000000	18.945054	1	2.929915	3	5	1	1	1	0.7149
298	1	60.610227	1	63.000000	57.321108	2	1.321438	3	6	1	2	0	0.0000
299	2	60.610227	2	63.000000	63.496737	2	1.000072	8	4	1	1	0	0.0000
300	3	60.610227	2	63.000000	62.833777	1	0.595643	2	3	2	2	0	0.0000
301	4	60.610227	1	63.000000	56.263176	1	1.839525	5	7	1	2	0	0.0000
302	5	60.610227	2	63.000000	64.805408	1	0.881534	3	5	1	2	0	0.0000
303	6	60.610227	2	63.000000	64.765290	2	0.697914	5	7	1	1	0	0.0000
304	7	60.610227	1	63.000000	57.394741	1	0.833756	8	2	1	1	0	0.0000
305	8	60.610227	2	63.000000	62.470111	1	0.716442	4	6	1	2	0	0.0000
306	9	60.610227	1	63.000000	56.536317	1	3.539519	6	7	1	2	0	0.0000
307	10	60.610227	1	63.000000	57.517737	1	2.584091	4	5	1	1	0	0.0000
308	11	60.610227	2	63.000000	66.579408	2	1.003390	4	6	1	2	0	0.0000
309	12	60.610227	1	63.000000	56.656872	1	0.646756	3	2	1	1	0	0.0000
310	13	60.610227	1	63.000000	57.147845	1	0.840911	2	3	1	2	0	0.0000
311	14	60.610227	2	63.000000	66.187538	2	1.403251	5	2	1	2	0	0.0000
312	15	60.610227	2	63.000000	64.540636	2	1.070854	2	5	1	2	0	0.0000
313	16	60.610227	1	63.000000	57.224956	1	0.695821	5	3	1	2	0	0.0000
314	17	60.610227	1	63.000000	57.613493	1	0.775809	2	3	1	2	0	0.0000
315	18	60.610227	1	63.000000	57.573705	1	0.748841	7	6	1	1	0	0.0000
316	19	60.610227	1	63.000000	56.554819	1	0.706575	8	2	1	1	0	0.0000
317	1	74.452254	1	77.000000	71.817047	2	1.537862	4	3	1	2	2	2.1638
318	2	74.452254	2	77.000000	83.449565	2	1.395467	4	2	1	2	2	0.5712
319	3	74.452254	2	77.000000	82.651569	2	0.723761	3	8	2	2	2	0.7832
320	4	74.452254	1	77.000000	70.215043	1	0.903161	2	7	1	1	1	0.7552
321	5	74.452254	2	77.000000	83.299800	2	0.788379	2	7	1	2	2	0.8211
322	6	74.452254	2	77.000000	77.533110	1	1.403882	5	2	1	1	2	1.1952
323	7	74.452254	1	77.000000	72.521124	1	1.130145	6	7	1	1	1	0.6287
324	8	74.452254	1	77.000000	70.760156	1	0.858837	3	2	1	2	2	0.5446
325	9	74.452254	1	77.000000	72.493526	1	1.002211	6	3	1	2	2	0.7381
326	10	74.452254	2	77.000000	75.949786	1	0.923826	6	5	1	2	2	0.9030
327	11	74.452254	2	77.000000	77.148873	2	1.258571	2	8	2	2	2	0.5362
328	12	74.452254	1	77.000000	70.704148	1	1.098327	2	3	1	1	1	1.0380
329	13	74.452254	2	77.000000	81.940180	2	1.603799	5	2	1	1	1	1.2512
330	14	74.452254	1	77.000000	71.140805	1	1.008054	7	3	1	2	2	0.6959
331	15	74.452254	2	77.000000	81.529639	2	0.987338	5	7	1	2	2	0.8839
332	16	74.452254	1	77.000000	71.309371	1	1.063688	4	3	1	1	1	1.2050
333	17	74.452254	1	77.000000	72.432722	1	1.331839	2	4	1	2	2	1.2140
334	18	74.452254	1	77.000000	71.438807	2	1.524375	2	4	1	2	2	0.8873
335	19	74.452254	2	77.000000	82.511744	2	0.747146	6	8	1	2	2	0.7250
336	20	74.452254	1	77.000000	71.238480	1	0.799684	5	2	1	2	2	1.8077
337	21	74.452254	2	77.000000	80.113424	2	1.294327	3	5	2	2	2	0.5379
338	22	74.452254	2	77.000000	78.010192	2	1.372101	2	4	1	2	2	0.8133
339	23	74.452254	2	77.000000	78.569975	2	0.923471	3	4	1	1	1	0.8787
340	24	74.452254	1	77.000000	71.211202	1	0.754677	2	6	1	2	2	0.9328
