1	1	36.143538	2	35.000000	40.684801	2	2.709369	2	3	1	1	0	0.0000
2	2	36.143538	2	35.000000	40.505470	2	1.139802	2	3	1	2	0	0.0000
3	3	36.143538	1	35.000000	28.831468	2	1.300912	4	6	1	1	0	0.0000
4	4	36.143538	2	35.000000	38.207319	2	2.828468	4	3	1	2	0	0.0000
5	5	36.143538	2	35.000000	38.922492	2	2.269455	5	4	1	2	0	0.0000
6	6	36.143538	1	35.000000	33.557506	2	1.733617	2	7	1	2	0	0.0000
7	7	36.143538	2	35.000000	39.072625	2	2.251365	5	4	1	1	0	0.0000
8	8	36.143538	1	35.000000	31.884140	1	4.004250	5	7	1	2	0	0.0000
9	9	36.143538	2	35.000000	37.610846	2	1.173469	3	6	2	2	0	0.0000
10	10	36.143538	1	35.000000	31.203408	2	3.018620	3	8	1	2	0	0.0000
11	11	36.143538	2	35.000000	39.060065	1	4.180163	4	3	1	1	0	0.0000
12	12	36.143538	1	35.000000	34.265387	2	2.878256	3	2	1	2	0	0.0000
13	13	36.143538	1	35.000000	34.006024	2	3.357905	8	3	1	2	0	0.0000
14	14	36.143538	1	35.000000	30.550519	2	2.457541	8	3	1	2	0	0.0000
15	15	36.143538	1	35.000000	30.509827	1	3.754314	6	4	1	2	0	0.0000
16	16	36.143538	1	35.000000	32.958089	2	1.726189	2	4	1	2	0	0.0000
17	17	36.143538	2	35.000000	38.182455	2	1.596646	3	8	1	1	0	0.0000
18	18	36.143538	2	35.000000	40.971104	2	0.775952	7	5	1	2	0	0.0000
19	19	36.143538	2	35.000000	41.530986	2	0.837027	2	3	1	1	0	0.0000
20	20	36.143538	2	35.000000	41.036151	2	1.455650	2	3	1	2	0	0.0000
21	21	36.143538	2	35.000000	40.587960	2	1.616991	5	2	1	1	0	0.0000
22	22	36.143538	2	35.000000	39.164573	2	1.811676	4	6	1	1	0	0.0000
23	23	36.143538	1	35.000000	30.826301	1	0.670129	6	3	1	2	0	0.0000
24	24	36.143538	1	35.000000	34.166738	1	1.095568	3	4	2	2	0	0.0000
25	25	36.143538	1	35.000000	30.745684	2	1.967195	2	3	1	2	0	0.0000
26	26	36.143538	1	35.000000	31.027275	1	0.691422	5	2	1	1	0	0.0000
27	27	36.143538	1	35.000000	29.286340	1	0.908211	6	5	1	2	0	0.0000
28	28	36.143538	2	35.000000	39.988653	2	0.819977	6	5	2	1	0	0.0000
29	29	36.143538	2	35.000000	41.504609	2	0.687044	3	2	1	1	0	0.0000
30	30	36.143538	2	35.000000	38.047793	2	1.599716	8	2	1	1	0	0.0000
31	1	48.407665	1	49.000000	45.144123	2	1.734888	6	2	2	1	1	1.5151
32	2	48.407665	2	49.000000	50.852804	2	2.138982	7	2	1	2	2	0.7725
33	3	48.407665	1	49.000000	46.025253	2	2.221181	5	3	2	1	1	1.9555
34	4	48.407665	2	49.000000	55.322298	1	1.028003	5	2	1	1	1	1.6505
35	5	48.407665	1	49.000000	45.630727	2	1.687163	3	5	1	1	1	2.3073
36	6	48.407665	2	49.000000	52.559334	2	1.775984	4	6	1	2	2	1.0862
37	7	48.407665	2	49.000000	55.785961	1	1.681625	8	3	2	1	1	2.5258
38	8	48.407665	2	49.000000	55.882479	2	0.967175	4	8	1	1	1	0.7284
39	9	48.407665	2	49.000000	54.364534	2	4.626475	3	5	1	1	1	1.3428
40	10	48.407665	1	49.000000	43.753672	1	1.904570	2	5	2	2	2	1.0437
41	11	48.407665	2	49.000000	52.297387	1	1.000757	4	2	1	1	1	0.5071
42	12	48.407665	2	49.000000	51.867449	2	1.100174	4	2	1	2	2	0.7440
43	13	48.407665	2	49.000000	55.989286	2	1.089326	8	3	1	2	2	2.5659
44	14	48.407665	1	49.000000	44.846864	1	1.677120	6	7	2	2	2	1.6660
45	15	48.407665	1	49.000000	46.019653	2	1.135473	5	2	1	1	1	0.4803
46	16	48.407665	1	49.000000	43.709747	2	2.092661	8	2	1	1	1	0.7444
47	17	48.407665	2	49.000000	54.275893	1	0.985648	6	2	1	1	1	0.9702
48	18	48.407665	1	49.000000	42.471381	2	1.074846	2	8	1	1	2	2.3599
49	19	48.407665	1	49.000000	46.205844	1	0.944090	2	5	2	2	2	1.3146
50	20	48.407665	1	49.000000	46.430362	1	1.204815	6	8	1	1	1	0.5166
51	21	48.407665	1	49.000000	42.061207	1	1.680819	3	2	1	1	1	2.1635
52	22	48.407665	2	49.000000	51.608282	1	1.059248	3	4	1	1	1	1.5130
53	23	48.407665	1	49.000000	46.461784	1	1.058954	3	2	2	1	1	0.8570
54	24	48.407665	2	49.000000	51.600481	2	2.014212	4	7	1	1	1	1.6688
55	25	48.407665	1	49.000000	44.793069	1	1.904696	3	2	1	2	1	0.8598
56	26	48.407665	2	49.000000	50.690856	2	1.449114	2	4	1	2	2	1.7347
57	27	48.407665	2	49.000000	50.957298	1	1.727897	8	6	1	2	2	1.1539
58	28	48.407665	2	49.000000	51.640349	1	1.786931	5	7	2	2	2	2.1390
59	29	48.407665	1	49.000000	43.320069	2	2.155843	2	3	1	2	2	2.9102
60	30	48.407665	1	49.000000	46.073824	1	2.230596	3	4	1	2	2	0.7563
61	31	48.407665	1	49.000000	45.205903	1	4.005557	4	5	1	1	1	1.4432
62	32	48.407665	2	49.000000	51.093497	2	2.136494	6	7	1	1	1	1.5624
63	33	48.407665	1	49.000000	43.755683	2	4.162458	6	3	1	1	1	1.1539
64	34	48.407665	2	49.000000	51.498918	2	1.467016	2	3	1	2	2	1.7199
65	35	48.407665	2	49.000000	54.113986	1	2.561833	6	5	1	2	2	0.5619
66	36	48.407665	2	49.000000	50.138326	1	1.298685	2	3	1	2	2	1.5903
67	37	48.407665	2	49.000000	52.312787	2	1.421733	2	7	2	2	2	3.4525
68	38	48.407665	1	49.000000	45.787191	2	2.463950	3	2	1	1	1	1.5719
69	39	48.407665	1	49.000000	43.819871	1	1.219818	7	6	1	1	1	1.5710
70	40	48.407665	2	49.000000	50.325478	1	1.146984	4	6	2	2	2	1.8705
71	41	48.407665	2	49.000000	52.305768	2	2.184809	3	8	1	1	1	1.6164
72	42	48.407665	1	49.000000	42.787113	2	1.734549	2	8	1	2	2	2.4003
73	43	48.407665	2	49.000000	51.785701	1	1.646576	4	5	2	2	2	3.2919
74	44	48.407665	2	49.000000	55.772765	2	1.485910	8	3	1	1	1	0.9142
75	45	48.407665	1	49.000000	43.063833	2	1.164639	4	6	1	2	1	2.0217
76	46	48.407665	2	49.000000	54.695232	2	1.347694	2	6	1	2	2	0.4611
77	47	48.407665	2	49.000000	50.131296	2	1.754064	6	2	1	2	2	2.7553
78	48	48.407665	2	49.000000	52.681235	2	1.171124	3	8	1	1	1	1.3724
79	49	48.407665	1	49.000000	43.318660	2	3.292460	3	4	1	1	1	1.4314
80	50	48.407665	1	49.000000	43.390942	1	2.052866	7	4	1	1	1	0.9060
81	51	48.407665	2	49.000000	53.465892	2	1.877232	4	8	1	1	1	1.6178
82	52	48.407665	1	49.000000	46.691836	1	1.967830	2	3	2	2	2	1.9444
83	53	48.407665	2	49.000000	52.811583	2	4.264581	4	2	1	1	1	2.1634
84	54	48.407665	1	49.000000	45.235511	2	1.802900	5	2	1	2	2	1.8823
85	55	48.407665	2	49.000000	50.318211	1	1.325364	4	2	1	2	1	3.2484
86	56	48.407665	2	49.000000	55.958502	2	1.635888	6	4	1	2	2	1.2499
87	57	48.407665	1	49.000000	45.900489	1	2.590717	2	7	1	2	2	2.4543
88	58	48.407665	1	49.000000	43.952653	2	4.202440	7	2	1	2	2	1.8957
89	59	48.407665	1	49.000000	45.129819	1	3.306038	4	7	1	2	1	1.2523
90	60	48.407665	2	49.000000	53.412599	1	1.481266	3	6	1	2	2	3.3757
91	61	48.407665	2	49.000000	49.896064	2	3.396157	7	5	1	2	2	1.6423
92	62	48.407665	1	49.000000	44.885144	4	5.839610	7	8	2	2	2	1.3347
93	63	48.407665	1	49.000000	42.948871	1	1.336397	3	2	1	2	2	1.1547
94	64	48.407665	1	49.000000	42.488281	1	2.275717	2	5	1	1	1	3.3361
95	65	48.407665	2	49.000000	55.256800	1	1.975923	7	3	1	1	2	3.5444
96	66	48.407665	2	49.000000	49.899906	2	2.040627	8	7	1	1	1	0.6941
97	67	48.407665	2	49.000000	49.959801	2	3.761453	6	7	1	2	2	0.7547
98	68	48.407665	1	49.000000	45.253961	2	1.690762	2	6	1	1	1	1.3908
99	69	48.407665	1	49.000000	44.859450	2	3.198300	4	3	2	1	1	0.4286
100	70	48.407665	2	49.000000	55.899291	2	1.762788	6	3	1	1	1	1.4434
101	71	48.407665	2	49.000000	55.174862	2	0.848159	5	3	1	2	2	2.6621
102	72	48.407665	1	49.000000	42.804692	1	1.137480	2	3	1	1	1	1.3638
103	73	48.407665	1	49.000000	43.762967	1	1.260341	4	2	1	2	2	2.3299
104	74	48.407665	2	49.000000	52.591938	2	1.674830	2	4	1	2	2	0.8632
105	75	48.407665	1	49.000000	46.186628	2	1.035930	8	7	1	1	1	3.0824
106	76	48.407665	2	49.000000	49.958298	2	1.180695	6	2	1	2	2	0.8131
107	77	48.407665	1	49.000000	46.232268	2	2.523520	2	3	2	2	2	3.3898
108	78	48.407665	2	49.000000	51.910861	1	1.539829	2	3	1	2	2	0.5019
109	79	48.407665	1	49.000000	44.786339	2	1.817520	5	2	1	2	2	3.5840
110	80	48.407665	1	49.000000	43.517722	1	1.237982	6	7	1	1	1	1.2764
111	81	48.407665	2	49.000000	52.772735	2	2.912686	7	2	2	1	1	1.3382
112	82	48.407665	1	49.000000	44.100981	2	2.971802	2	3	2	2	2	2.5398
113	83	48.407665	1	49.000000	44.735277	1	1.452273	2	5	1	2	2	1.5939
114	84	48.407665	2	49.000000	49.837703	2	1.528734	5	6	1	2	2	1.5946
115	85	48.407665	2	49.000000	52.217627	2	1.825196	6	5	2	1	1	0.6560
116	86	48.407665	1	49.000000	42.895832	1	1.573574	4	7	1	1	1	0.7743
117	87	48.407665	1	49.000000	43.833487	2	1.262719	3	2	1	1	1	1.5478
118	88	48.407665	2	49.000000	49.819485	2	1.428829	5	7	1	1	1	1.4591
119	89	48.407665	1	49.000000	42.823142	1	1.271568	4	5	1	1	1	0.7569
120	90	48.407665	2	49.000000	52.945623	2	2.710324	3	2	1	1	1	1.6646
121	91	48.407665	1	49.000000	42.327106	2	2.140832	4	8	1	1	1	1.2624
122	92	48.407665	2	49.000000	50.437152	2	4.818716	2	3	1	1	1	0.5749
123	93	48.407665	1	49.000000	43.648542	2	2.527734	3	4	1	1	1	2.1139
124	94	48.407665	1	49.000000	42.935246	2	1.035697	6	4	1	1	2	1.5220
125	95	48.407665	1	49.000000	45.230374	1	1.612067	8	2	2	1	1	2.1628
126	96	48.407665	1	49.000000	42.298348	1	2.898471	3	2	1	2	2	3.9729
127	97	48.407665	2	49.000000	55.501201	2	1.563055	2	3	1	1	1	3.3643
128	98	48.407665	2	49.000000	51.598564	2	2.130740	6	7	2	2	2	2.3963
129	99	48.407665	2	49.000000	50.853103	1	1.818566	7	3	1	2	2	1.9850
130	100	48.407665	1	49.000000	42.431041	1	1.584041	7	8	1	2	2	0.9763
131	101	48.407665	1	49.000000	43.399533	2	1.144633	5	3	1	1	1	0.5544
132	102	48.407665	1	49.000000	43.851520	1	0.876089	3	4	1	2	2	0.6654
133	103	48.407665	1	49.000000	44.281988	2	2.918044	7	5	1	2	1	1.8317
134	104	48.407665	2	49.000000	55.182287	2	1.101024	3	2	2	1	1	1.7767
135	105	48.407665	1	49.000000	45.760831	1	2.216759	8	4	2	1	1	0.2230
136	106	48.407665	2	49.000000	51.040889	2	1.454162	4	2	1	2	2	0.8517
137	107	48.407665	1	49.000000	43.999652	1	1.216910	3	6	1	1	1	1.6320
138	108	48.407665	2	49.000000	50.539588	2	1.445187	2	3	2	2	2	0.7629
139	109	48.407665	2	49.000000	52.580501	2	1.203606	5	8	2	2	2	2.1553
140	110	48.407665	1	49.000000	43.451455	1	1.123524	5	4	1	1	1	2.7427
141	111	48.407665	2	49.000000	50.710548	2	0.926960	7	6	1	2	2	0.8585
142	112	48.407665	2	49.000000	53.301767	1	1.383812	5	8	1	1	1	1.8640
143	113	48.407665	1	49.000000	46.235738	2	1.235881	7	8	1	1	1	2.0262
144	114	48.407665	2	49.000000	55.074729	2	1.375815	4	3	1	1	1	0.7131
145	115	48.407665	1	49.000000	46.752017	1	2.915528	7	6	1	1	2	0.8678
146	116	48.407665	1	49.000000	45.593561	1	1.571619	2	4	1	1	1	1.4908
147	117	48.407665	2	49.000000	52.308844	2	1.126324	2	3	1	1	1	0.6815
148	118	48.407665	1	49.000000	45.550324	1	2.469512	7	2	1	2	1	1.0257
149	119	48.407665	1	49.000000	45.486135	1	2.975780	4	3	2	1	1	0.4317
150	120	48.407665	1	49.000000	44.186609	1	2.862083	3	2	1	2	2	0.8425
151	121	48.407665	1	49.000000	46.178791	2	1.648287	4	3	1	1	1	1.0458
152	122	48.407665	1	49.000000	42.931528	1	1.227004	8	7	1	1	1	2.8340
153	123	48.407665	1	49.000000	45.451678	1	0.966367	2	7	1	1	1	3.5115
154	124	48.407665	1	49.000000	42.392069	2	0.952907	3	7	1	2	1	3.6126
155	125	48.407665	1	49.000000	42.385136	2	3.743383	2	4	1	1	1	3.1758
156	126	48.407665	2	49.000000	52.076930	2	1.174648	4	5	1	2	2	1.0476
157	127	48.407665	1	49.000000	45.575543	1	1.380788	6	8	2	2	2	1.1491
158	128	48.407665	1	49.000000	42.016763	1	1.158072	5	8	1	2	2	1.1118
159	129	48.407665	1	49.000000	46.259057	1	1.170226	6	7	1	2	2	0.4996
160	130	48.407665	1	49.000000	42.450755	1	1.390981	8	4	1	1	1	1.5512
161	131	48.407665	1	49.000000	44.414799	1	1.071940	5	4	1	1	1	2.1411
162	132	48.407665	2	49.000000	52.829208	2	1.158252	3	5	1	1	1	2.0638
163	133	48.407665	1	49.000000	43.196583	2	1.171522	6	7	1	2	2	0.6927
164	134	48.407665	2	49.000000	54.496893	2	0.968789	2	7	1	1	1	2.1380
165	135	48.407665	1	49.000000	46.473252	2	4.546996	3	2	2	1	1	2.5780
166	136	48.407665	2	49.000000	53.997945	2	1.432687	4	7	1	1	1	1.2149
167	137	48.407665	2	49.000000	51.515136	2	3.341478	6	2	1	1	1	0.4459
168	138	48.407665	1	49.000000	45.381308	1	1.371375	2	6	1	1	1	3.7327
169	139	48.407665	1	49.000000	43.282749	2	2.436217	7	3	1	2	2	0.9618
170	140	48.407665	1	49.000000	45.200880	1	0.930286	6	5	1	2	2	3.8210
171	141	48.407665	1	49.000000	45.588900	1	0.913040	5	3	1	2	2	1.9887
172	142	48.407665	2	49.000000	49.907257	2	2.171601	3	2	1	1	1	3.2600
173	143	48.407665	2	49.000000	52.069365	1	1.495466	6	5	1	2	2	1.8909
174	144	48.407665	1	49.000000	44.061116	2	0.942095	4	8	2	2	2	1.8899
175	145	48.407665	1	49.000000	42.648135	1	1.315681	8	2	1	1	1	0.9269
176	146	48.407665	2	49.000000	50.319867	2	1.425367	2	4	2	2	2	0.3523
177	147	48.407665	2	49.000000	54.053020	2	1.457739	3	4	1	2	2	0.5034
178	148	48.407665	2	49.000000	53.828287	1	1.890961	3	5	1	2	2	1.4949
179	149	48.407665	1	49.000000	43.304014	2	0.881633	3	2	1	1	1	0.3823
180	150	48.407665	1	49.000000	44.186521	1	0.990655	8	4	2	1	1	1.3271
181	151	48.407665	1	49.000000	42.769507	1	1.208704	3	2	1	2	2	1.2006
182	152	48.407665	2	49.000000	54.265670	2	0.919474	2	5	1	1	1	3.4746
183	153	48.407665	1	49.000000	43.757698	1	1.173350	6	5	1	1	2	0.9426
184	154	48.407665	1	49.000000	44.476826	2	1.016281	5	4	1	1	2	1.5916
185	155	48.407665	2	49.000000	54.916781	1	3.022696	4	7	1	2	2	4.5487
186	156	48.407665	2	49.000000	55.469982	2	4.691009	2	3	1	1	1	1.2609
187	157	48.407665	1	49.000000	44.093338	1	1.761155	5	4	1	1	4	5.2744
188	158	48.407665	2	49.000000	55.728827	2	2.067735	2	4	1	2	2	3.2562
189	159	48.407665	1	49.000000	42.571689	1	4.163416	3	4	1	2	2	0.6106
190	160	48.407665	2	49.000000	52.197396	2	1.529134	2	8	1	2	2	0.8432
191	161	48.407665	1	49.000000	42.086125	1	2.049199	3	7	1	2	4	6.5824
192	162	48.407665	1	49.000000	46.745994	2	1.473850	2	4	1	1	1	1.3669
193	163	48.407665	2	49.000000	52.259133	2	1.102948	6	3	1	1	1	0.6427
194	164	48.407665	1	49.000000	44.268889	1	2.072850	8	4	1	2	2	0.7414
195	165	48.407665	1	49.000000	43.108175	1	3.103199	6	7	2	2	2	0.3135
196	166	48.407665	2	49.000000	51.500580	2	1.596741	7	2	1	2	2	2.4041
197	167	48.407665	2	49.000000	54.953333	2	3.785958	8	2	1	1	1	1.8726
198	168	48.407665	1	49.000000	45.684322	1	3.348491	2	6	1	1	1	0.6686
199	169	48.407665	2	49.000000	54.435339	2	4.017232	2	4	1	1	1	1.0782
200	1	17.641250	2	21.000000	26.398162	2	3.692804	3	2	1	2	0	0.0000
201	2	17.641250	1	21.000000	15.516573	1	1.051256	3	2	1	2	0	0.0000
202	3	17.641250	2	21.000000	22.316378	1	1.429017	5	8	1	2	0	0.0000
203	4	17.641250	2	21.000000	23.202570	1	3.022877	5	6	1	1	0	0.0000
204	5	17.641250	1	21.000000	14.917645	1	3.104550	5	4	1	1	0	0.0000
205	6	17.641250	2	21.000000	27.814613	1	2.238646	3	7	1	2	0	0.0000
206	7	17.641250	1	21.000000	15.549217	1	2.496277	2	4	1	1	0	0.0000
207	8	17.641250	1	21.000000	16.114899	1	1.166800	5	2	1	1	0	0.0000
208	9	17.641250	1	21.000000	15.803175	1	0.715813	4	5	1	1	0	0.0000
209	10	17.641250	1	21.000000	15.142267	1	0.834760	3	2	1	2	0	0.0000
210	11	17.641250	1	21.000000	14.262465	2	0.941564	3	4	1	1	0	0.0000
211	12	17.641250	2	21.000000	23.612819	1	0.596129	3	5	1	2	0	0.0000
212	13	17.641250	1	21.000000	14.240844	2	1.527912	3	6	1	1	0	0.0000
213	14	17.641250	2	21.000000	23.247491	1	0.749937	5	8	2	2	0	0.0000
214	15	17.641250	2	21.000000	23.387005	2	2.420007	5	2	1	2	0	0.0000
215	16	17.641250	2	21.000000	27.354560	1	1.998116	2	5	1	1	0	0.0000
216	17	17.641250	1	21.000000	15.587184	1	2.056927	4	3	1	2	0	0.0000
217	18	17.641250	2	21.000000	25.458731	2	1.385979	3	5	1	1	0	0.0000
218	19	17.641250	2	21.000000	23.888419	1	0.942074	6	2	2	1	0	0.0000
219	20	17.641250	2	21.000000	22.178670	4	13.172550	3	2	1	1	0	0.0000
220	21	17.641250	2	21.000000	25.942926	1	1.068704	6	3	1	2	0	0.0000
221	22	17.641250	2	21.000000	20.600305	2	1.205813	6	3	2	1	0	0.0000
222	23	17.641250	2	21.000000	23.732702	2	0.545338	3	6	1	2	0	0.0000
223	24	17.641250	1	21.000000	16.078321	2	1.071292	4	2	2	1	0	0.0000
224	25	17.641250	1	21.000000	14.770184	2	0.712453	3	2	1	1	0	0.0000
225	26	17.641250	2	21.000000	19.746646	1	2.719783	6	7	1	2	0	0.0000
226	27	17.641250	2	21.000000	20.162008	2	1.629467	2	3	1	1	0	0.0000
227	28	17.641250	2	21.000000	24.341128	2	4.431425	2	5	1	1	0	0.0000
228	29	17.641250	2	21.000000	20.765615	2	1.295269	2	5	1	1	0	0.0000
229	30	17.641250	1	21.000000	14.289577	1	1.622738	2	3	1	2	0	0.0000
230	31	17.641250	2	21.000000	22.024019	1	3.049364	5	8	1	1	0	0.0000
231	32	17.641250	2	21.000000	27.763885	2	0.585491	8	4	1	1	0	0.0000
232	33	17.641250	2	21.000000	24.700721	2	1.126283	4	2	1	2	0	0.0000
233	34	17.641250	1	21.000000	16.112022	2	0.996944	3	6	1	1	0	0.0000
234	35	17.641250	1	21.000000	16.010453	1	3.657009	2	5	1	1	0	0.0000
235	36	17.641250	2	21.000000	23.504456	2	0.896736	3	8	1	1	0	0.0000
236	37	17.641250	2	21.000000	20.906518	2	0.864697	5	6	1	1	0	0.0000
237	38	17.641250	1	21.000000	14.954566	1	0.929620	3	2	1	1	0	0.0000
238	39	17.641250	2	21.000000	21.194048	2	0.848223	2	5	1	2	0	0.0000
239	40	17.641250	1	21.000000	15.063181	1	0.953907	6	7	1	2	0	0.0000
240	41	17.641250	1	21.000000	15.108393	2	0.807807	7	8	1	1	0	0.0000
241	42	17.641250	2	21.000000	19.616875	2	0.739618	3	4	1	1	0	0.0000
242	43	17.641250	2	21.000000	24.921076	1	1.162334	3	7	1	1	0	0.0000
243	44	17.641250	1	21.000000	14.118631	2	1.119285	7	5	1	1	0	0.0000
244	45	17.641250	2	21.000000	23.872026	1	1.422299	7	3	1	2	0	0.0000
245	46	17.641250	1	21.000000	14.383870	2	0.841190	5	7	1	1	0	0.0000
246	47	17.641250	1	21.000000	14.929118	1	0.915574	3	2	1	1	0	0.0000
247	48	17.641250	1	21.000000	15.937845	2	1.674892	6	5	1	2	0	0.0000
248	49	17.641250	2	21.000000	26.551241	1	0.587416	3	6	1	2	0	0.0000
249	50	17.641250	1	21.000000	15.158602	2	0.751943	3	2	2	1	0	0.0000
250	51	17.641250	2	21.000000	20.574989	2	0.854007	3	2	1	2	0	0.0000
251	52	17.641250	2	21.000000	27.088351	2	0.903872	2	6	1	2	0	0.0000
252	53	17.641250	1	21.000000	14.451579	2	0.855743	7	5	1	2	0	0.0000
253	54	17.641250	1	21.000000	14.074717	1	0.865595	7	2	1	2	0	0.0000
254	55	17.641250	1	21.000000	14.287632	2	0.986864	5	3	1	1	0	0.0000
255	56	17.641250	1	21.000000	14.005602	1	1.079044	7	8	1	2	0	0.0000
256	57	17.641250	2	21.000000	23.124164	1	1.583518	2	5	1	2	0	0.0000
257	58	17.641250	1	21.000000	14.293905	2	0.843356	5	2	2	1	0	0.0000
258	59	17.641250	1	21.000000	14.583118	4	6.422048	8	4	1	2	0	0.0000
259	60	17.641250	1	21.000000	14.431395	2	0.771723	3	2	1	1	0	0.0000
260	61	17.641250	2	21.000000	25.606152	1	4.390631	8	5	1	2	0	0.0000
261	62	17.641250	1	21.000000	14.013735	4	6.728385	3	6	2	2	0	0.0000
262	63	17.641250	2	21.000000	24.128362	4	16.951651	6	2	1	2	0	0.0000
263	64	17.641250	2	21.000000	21.323440	1	0.870107	5	3	1	2	0	0.0000
264	65	17.641250	2	21.000000	24.072254	1	0.911119	7	2	1	2	0	0.0000
265	66	17.641250	2	21.000000	22.773059	1	1.014275	6	4	2	1	0	0.0000
266	67	17.641250	1	21.000000	14.499120	2	0.745424	2	8	1	1	0	0.0000
267	68	17.641250	2	21.000000	21.335859	1	0.735461	4	3	1	2	0	0.0000
268	69	17.641250	2	21.000000	23.865571	2	0.518116	3	5	1	1	0	0.0000
269	70	17.641250	1	21.000000	14.156154	2	1.117607	3	4	1	2	0	0.0000
270	71	17.641250	2	21.000000	27.976332	2	2.836380	3	2	1	1	0	0.0000
271	72	17.641250	2	21.000000	21.708228	2	0.805353	3	6	1	1	0	0.0000
272	73	17.641250	2	21.000000	26.352379	2	0.625520	2	3	1	2	0	0.0000
273	74	17.641250	1	21.000000	14.680361	2	0.628709	3	2	1	2	0	0.0000
274	75	17.641250	2	21.000000	23.766207	2	0.775572	8	7	1	1	0	0.0000
275	76	17.641250	1	21.000000	15.382179	2	0.764695	6	4	1	1	0	0.0000
276	77	17.641250	1	21.000000	15.284102	1	1.113978	4	7	1	1	0	0.0000
277	78	17.641250	1	21.000000	15.790649	1	1.160995	8	3	1	1	0	0.0000
278	79	17.641250	1	21.000000	15.272040	1	1.070711	8	4	1	2	0	0.0000
279	80	17.641250	1	21.000000	15.396840	1	1.031556	6	4	1	1	0	0.0000
280	81	17.641250	2	21.000000	24.995806	1	0.802120	6	7	2	2	0	0.0000
281	82	17.641250	2	21.000000	23.851112	1	1.550090	2	7	2	2	0	0.0000
282	83	17.641250	2	21.000000	21.840644	2	1.531242	4	5	1	2	0	0.0000
283	84	17.641250	1	21.000000	15.932627	2	1.201198	3	4	1	1	0	0.0000
284	85	17.641250	1	21.000000	15.588802	1	0.972909	2	3	1	2	0	0.0000
285	86	17.641250	1	21.000000	15.716798	2	1.714082	3	2	1	1	0	0.0000
286	87	17.641250	1	21.000000	15.592935	1	1.720654	3	6	2	2	0	0.0000
287	88	17.641250	2	21.000000	24.075866	2	1.399004	3	4	1	1	0	0.0000
288	89	17.641250	1	21.000000	16.224739	2	4.426549	2	3	1	1	0	0.0000
289	90	17.641250	1	21.000000	14.699597	2	1.210962	6	3	1	2	0	0.0000
290	91	17.641250	2	21.000000	22.034269	1	0.517941	4	3	1	2	0	0.0000
291	92	17.641250	1	21.000000	14.636168	1	1.981422	2	5	1	2	0	0.0000
292	93	17.641250	2	21.000000	19.887027	1	1.208930	8	6	1	1	0	0.0000
293	94	17.641250	2	21.000000	19.769718	2	1.212649	6	8	2	2	0	0.0000
294	95	17.641250	2	21.000000	24.625941	2	1.015402	2	3	1	2	0	0.0000
295	96	17.641250	1	21.000000	14.109368	2	0.682651	5	6	1	2	0	0.0000
296	97	17.641250	1	21.000000	16.079020	2	4.603314	5	2	1	1	0	0.0000
297	98	17.641250	2	21.000000	20.455228	1	1.620244	5	7	1	2	0	0.0000
298	99	17.641250	1	21.000000	14.122785	2	1.878869	3	2	1	2	0	0.0000
299	100	17.641250	2	21.000000	26.274528	1	1.694629	5	3	1	2	0	0.0000
300	101	17.641250	2	21.000000	23.871531	2	2.830440	4	8	1	1	0	0.0000
301	102	17.641250	1	21.000000	14.100978	2	1.759301	8	7	1	2	0	0.0000
302	103	17.641250	1	21.000000	14.023215	1	2.836509	5	2	1	2	0	0.0000
303	104	17.641250	1	21.000000	14.352972	2	3.301547	2	3	1	2	0	0.0000
304	105	17.641250	2	21.000000	23.696158	4	7.107650	6	4	1	1	0	0.0000
305	106	17.641250	2	21.000000	22.476853	2	2.891149	8	5	1	1	0	0.0000
306	107	17.641250	1	21.000000	14.818681	1	1.410276	6	5	1	1	0	0.0000
307	108	17.641250	1	21.000000	15.569041	1	0.925542	4	2	1	1	0	0.0000
308	109	17.641250	2	21.000000	20.481372	1	1.220667	5	3	1	1	0	0.0000
309	110	17.641250	1	21.000000	15.813091	1	1.527634	5	6	1	2	0	0.0000
310	111	17.641250	2	21.000000	20.281841	1	1.518426	8	3	1	2	0	0.0000
311	112	17.641250	1	21.000000	14.289486	1	1.052931	8	3	1	1	0	0.0000
312	113	17.641250	1	21.000000	14.636075	2	1.118816	8	4	1	1	0	0.0000
313	114	17.641250	2	21.000000	21.978146	1	0.949814	2	4	1	1	0	0.0000
314	115	17.641250	1	21.000000	16.004186	2	1.283460	6	4	2	1	0	0.0000
315	116	17.641250	1	21.000000	16.210791	1	0.683722	3	2	1	2	0	0.0000
316	117	17.641250	1	21.000000	16.138035	2	1.716450	3	2	1	2	0	0.0000
317	118	17.641250	2	21.000000	25.718756	1	2.323010	3	6	1	2	0	0.0000
318	119	17.641250	2	21.000000	19.507106	2	0.569055	6	4	1	1	0	0.0000
319	120	17.641250	1	21.000000	16.012466	1	1.686157	7	4	2	1	0	0.0000
320	121	17.641250	2	21.000000	22.997663	1	0.886426	4	5	1	1	0	0.0000
321	122	17.641250	1	21.000000	14.410029	2	0.566936	4	7	1	1	0	0.0000
322	123	17.641250	2	21.000000	21.499914	1	1.156192	5	6	1	2	0	0.0000
323	124	17.641250	2	21.000000	25.367118	2	1.977738	5	4	2	1	0	0.0000
324	125	17.641250	1	21.000000	14.322321	1	0.654188	7	6	1	1	0	0.0000
325	126	17.641250	2	21.000000	24.409050	1	1.648092	5	2	1	1	0	0.0000
326	127	17.641250	2	21.000000	25.719152	2	0.873638	3	8	1	2	0	0.0000
327	128	17.641250	2	21.000000	21.517169	2	0.930471	5	2	2	1	0	0.0000
328	129	17.641250	2	21.000000	20.874199	1	0.817124	8	4	1	1	0	0.0000
329	130	17.641250	2	21.000000	21.079327	2	0.772189	8	6	1	2	0	0.0000
330	131	17.641250	1	21.000000	15.231102	2	1.641562	3	2	1	2	0	0.0000
331	132	17.641250	2	21.000000	24.178078	1	0.723455	4	5	1	1	0	0.0000
332	133	17.641250	1	21.000000	14.941266	2	0.610708	4	6	1	1	0	0.0000
333	134	17.641250	1	21.000000	15.246789	1	0.854135	2	3	1	2	0	0.0000
334	135	17.641250	2	21.000000	19.589532	2	1.111951	3	8	1	2	0	0.0000
335	136	17.641250	1	21.000000	14.033289	1	0.478935	4	2	1	1	0	0.0000
336	137	17.641250	1	21.000000	14.511860	1	0.713092	3	2	2	1	0	0.0000
337	138	17.641250	2	21.000000	21.170643	2	0.735062	7	8	1	1	0	0.0000
338	139	17.641250	1	21.000000	14.131290	1	0.637726	4	3	1	1	0	0.0000
339	140	17.641250	2	21.000000	27.073589	1	1.056415	3	5	1	2	0	0.0000
340	141	17.641250	2	21.000000	20.043170	2	0.594210	2	5	1	1	0	0.0000
341	142	17.641250	2	21.000000	22.943513	2	0.597909	2	3	1	1	0	0.0000
342	143	17.641250	1	21.000000	15.550176	2	0.538356	2	3	2	2	0	0.0000
343	144	17.641250	2	21.000000	23.838934	2	0.912846	5	3	1	1	0	0.0000
344	145	17.641250	2	21.000000	26.309659	1	0.760261	3	4	1	1	0	0.0000
345	146	17.641250	1	21.000000	15.917410	1	0.630113	4	2	1	1	0	0.0000
346	147	17.641250	2	21.000000	19.952519	2	0.440615	2	3	1	1	0	0.0000
347	148	17.641250	1	21.000000	15.700161	1	0.635537	2	3	1	2	0	0.0000
348	149	17.641250	1	21.000000	15.989105	1	1.278298	5	6	1	1	0	0.0000
349	150	17.641250	1	21.000000	16.240506	2	0.702476	7	4	1	1	0	0.0000
350	151	17.641250	2	21.000000	22.727451	1	1.126488	2	5	1	2	0	0.0000
351	152	17.641250	2	21.000000	19.444876	1	0.693338	3	4	1	1	0	0.0000
352	153	17.641250	2	21.000000	26.125462	2	0.670198	6	5	1	2	0	0.0000
353	154	17.641250	1	21.000000	16.099248	2	0.943522	6	7	1	1	0	0.0000
354	155	17.641250	2	21.000000	25.481914	1	0.301719	2	3	1	2	0	0.0000
355	156	17.641250	1	21.000000	15.894107	2	0.517891	2	5	1	1	0	0.0000
356	157	17.641250	1	21.000000	16.101194	1	0.485582	2	6	1	2	0	0.0000
357	158	17.641250	1	21.000000	15.145312	1	1.302413	2	3	1	2	0	0.0000
358	159	17.641250	1	21.000000	15.624211	2	1.269902	4	7	1	2	0	0.0000
359	160	17.641250	2	21.000000	20.596941	2	1.982861	4	5	1	2	0	0.0000
360	161	17.641250	1	21.000000	14.986726	2	0.930504	5	3	1	1	0	0.0000
361	162	17.641250	1	21.000000	14.247559	2	1.008884	7	2	1	2	0	0.0000
362	163	17.641250	1	21.000000	14.089069	1	1.076579	2	6	1	1	0	0.0000
363	164	17.641250	1	21.000000	16.068013	1	1.197825	2	8	2	2	0	0.0000
364	165	17.641250	1	21.000000	14.368034	2	1.041273	8	7	1	2	0	0.0000
365	166	17.641250	1	21.000000	14.391226	1	0.843485	2	6	1	1	0	0.0000
366	167	17.641250	2	21.000000	20.113700	1	0.822277	4	2	1	2	0	0.0000
367	168	17.641250	1	21.000000	15.247751	2	0.577510	3	6	1	1	0	0.0000
368	169	17.641250	1	21.000000	14.462657	1	0.414205	7	6	1	2	0	0.0000
369	170	17.641250	2	21.000000	22.110210	1	0.505787	5	2	1	2	0	0.0000
370	171	17.641250	2	21.000000	24.868394	2	0.873639	6	5	1	2	0	0.0000
371	172	17.641250	2	21.000000	21.004445	2	1.563034	3	5	1	2	0	0.0000
372	173	17.641250	1	21.000000	15.939044	2	0.951823	3	4	1	2	0	0.0000
373	174	17.641250	2	21.000000	21.458586	2	1.773371	6	5	2	1	0	0.0000
374	175	17.641250	1	21.000000	15.137454	1	0.769797	5	8	2	2	0	0.0000
375	176	17.641250	2	21.000000	24.150545	1	0.967177	5	4	1	1	0	0.0000
376	177	17.641250	2	21.000000	20.662217	1	0.908246	8	5	2	1	0	0.0000
377	178	17.641250	1	21.000000	14.047097	1	1.532186	5	2	1	2	0	0.0000
378	179	17.641250	1	21.000000	14.207328	1	1.281998	6	3	1	2	0	0.0000
379	180	17.641250	2	21.000000	24.484350	1	0.962391	4	3	1	2	0	0.0000
380	181	17.641250	1	21.000000	15.200073	2	1.711526	2	3	1	2	0	0.0000
381	182	17.641250	1	21.000000	14.042114	1	0.799434	8	2	1	1	0	0.0000
382	183	17.641250	2	21.000000	23.063200	1	1.465777	6	8	2	2	0	0.0000
383	184	17.641250	2	21.000000	23.200180	2	1.442634	3	4	1	1	0	0.0000
384	185	17.641250	2	21.000000	23.288745	2	1.900761	7	2	1	1	0	0.0000
385	186	17.641250	2	21.000000	24.291583	2	1.045269	8	7	1	2	0	0.0000
386	187	17.641250	2	21.000000	23.181402	2	1.189316	2	6	2	2	0	0.0000
387	188	17.641250	2	21.000000	27.831665	2	1.345708	3	2	2	1	0	0.0000
388	189	17.641250	2	21.000000	19.382182	2	1.303302	5	6	1	1	0	0.0000
389	190	17.641250	2	21.000000	26.437013	1	1.414701	4	3	1	1	0	0.0000
390	191	17.641250	1	21.000000	15.180597	2	0.753554	3	2	1	1	0	0.0000
391	192	17.641250	1	21.000000	14.113798	1	0.831422	3	4	2	2	0	0.0000
392	193	17.641250	2	21.000000	26.357710	2	1.961962	3	2	1	2	0	0.0000
393	194	17.641250	1	21.000000	15.438765	1	0.957947	2	7	1	2	0	0.0000
394	195	17.641250	1	21.000000	15.607876	1	0.580063	2	6	1	2	0	0.0000
395	196	17.641250	2	21.000000	26.369106	2	3.528988	6	7	1	2	0	0.0000
396	197	17.641250	2	21.000000	19.668314	1	1.527565	5	6	1	1	0	0.0000
397	198	17.641250	1	21.000000	15.417260	2	0.956743	4	3	1	1	0	0.0000
398	199	17.641250	1	21.000000	14.894654	2	0.610431	3	8	1	1	0	0.0000
399	200	17.641250	2	21.000000	20.102789	2	0.710575	6	4	1	1	0	0.0000
400	201	17.641250	2	21.000000	22.440468	1	0.758438	7	8	1	1	0	0.0000
401	202	17.641250	2	21.000000	23.217055	2	0.724259	2	5	1	1	0	0.0000
402	203	17.641250	2	21.000000	19.321565	2	0.803790	2	8	1	1	0	0.0000
403	204	17.641250	2	21.000000	20.804322	2	0.895683	3	7	1	1	0	0.0000
404	205	17.641250	2	21.000000	22.123887	2	1.207412	5	4	1	1	0	0.0000
405	206	17.641250	1	21.000000	15.324277	1	1.771016	6	3	1	2	0	0.0000
406	207	17.641250	2	21.000000	26.216436	1	1.087509	2	8	1	2	0	0.0000
407	208	17.641250	2	21.000000	25.406983	2	0.951914	5	7	1	2	0	0.0000
408	209	17.641250	1	21.000000	14.935984	1	1.213725	6	7	1	1	0	0.0000
409	210	17.641250	1	21.000000	14.153560	1	0.600534	7	3	1	1	0	0.0000
410	211	17.641250	1	21.000000	15.837981	1	0.636591	8	4	1	2	0	0.0000
411	212	17.641250	2	21.000000	19.316295	2	1.079128	4	6	1	1	0	0.0000
412	213	17.641250	2	21.000000	20.100591	2	1.191769	2	4	1	2	0	0.0000
413	214	17.641250	2	21.000000	19.044384	2	0.899812	5	7	1	2	0	0.0000
414	215	17.641250	1	21.000000	15.739920	2	2.651676	3	6	1	2	0	0.0000
415	216	17.641250	1	21.000000	15.800940	1	0.860099	4	5	1	2	0	0.0000
416	217	17.641250	1	21.000000	14.546019	1	0.910004	5	3	1	1	0	0.0000
417	218	17.641250	2	21.000000	21.220511	1	0.925150	5	3	1	1	0	0.0000
418	219	17.641250	1	21.000000	14.060890	1	0.588256	5	2	1	1	0	0.0000
419	220	17.641250	2	21.000000	20.657372	2	0.617136	3	2	2	1	0	0.0000
420	221	17.641250	2	21.000000	27.643824	2	0.404617	2	5	1	2	0	0.0000
421	222	17.641250	1	21.000000	15.872645	2	0.568643	3	2	1	2	0	0.0000
422	223	17.641250	2	21.000000	19.296942	2	0.294179	7	8	1	1	0	0.0000
423	224	17.641250	2	21.000000	20.654735	1	0.574330	4	2	2	1	0	0.0000
424	225	17.641250	1	21.000000	16.068751	1	0.387750	4	3	1	2	0	0.0000
425	226	17.641250	1	21.000000	14.110223	2	0.568646	5	3	1	1	0	0.0000
426	227	17.641250	1	21.000000	15.279512	2	0.638208	5	7	1	2	0	0.0000
427	228	17.641250	1	21.000000	14.973858	2	0.400857	6	3	1	1	0	0.0000
428	229	17.641250	1	21.000000	14.758252	1	0.292967	4	6	2	2	0	0.0000
429	230	17.641250	2	21.000000	25.201639	2	0.989709	6	8	1	2	0	0.0000
430	231	17.641250	2	21.000000	22.344759	1	1.954376	3	4	1	2	0	0.0000
431	232	17.641250	2	21.000000	24.610900	2	0.831368	7	2	1	1	0	0.0000
432	233	17.641250	1	21.000000	15.505587	1	1.283332	6	8	1	1	0	0.0000
433	234	17.641250	2	21.000000	19.166522	1	2.114084	4	8	1	2	0	0.0000
434	235	17.641250	1	21.000000	15.769442	1	0.816463	3	8	2	2	0	0.0000
435	236	17.641250	2	21.000000	21.152423	1	0.739449	8	7	1	2	0	0.0000
436	237	17.641250	2	21.000000	22.617350	2	0.930290	3	2	1	1	0	0.0000
437	238	17.641250	2	21.000000	22.285596	2	0.872554	3	2	1	2	0	0.0000
438	239	17.641250	1	21.000000	14.750454	2	1.145749	7	2	1	2	0	0.0000
439	240	17.641250	1	21.000000	14.665008	1	0.559485	8	3	1	1	0	0.0000
440	241	17.641250	1	21.000000	16.118322	2	0.453608	4	8	1	2	0	0.0000
441	242	17.641250	2	21.000000	26.680478	1	0.319756	8	4	1	1	0	0.0000
442	243	17.641250	2	21.000000	19.491152	2	0.231288	5	2	1	1	0	0.0000
443	244	17.641250	1	21.000000	15.598254	2	0.450078	3	7	2	2	0	0.0000
444	245	17.641250	1	21.000000	14.570833	1	0.572525	7	5	1	2	0	0.0000
445	246	17.641250	2	21.000000	27.918488	2	0.449659	5	3	1	1	0	0.0000
446	247	17.641250	2	21.000000	19.872079	1	0.388150	3	4	1	2	0	0.0000
447	248	17.641250	2	21.000000	27.888627	2	0.272848	8	2	1	1	0	0.0000
448	249	17.641250	1	21.000000	14.618297	2	0.450438	4	2	1	1	0	0.0000
449	250	17.641250	2	21.000000	23.027560	2	0.548744	3	4	1	2	0	0.0000
450	251	17.641250	2	21.000000	25.799850	1	0.474717	5	7	1	2	0	0.0000
451	252	17.641250	2	21.000000	25.021130	2	0.692314	8	3	1	2	0	0.0000
452	253	17.641250	1	21.000000	14.215924	1	1.044954	3	8	1	2	0	0.0000
453	254	17.641250	1	21.000000	14.735898	2	0.814752	4	2	1	1	0	0.0000
454	255	17.641250	2	21.000000	20.271780	1	0.449877	6	3	1	2	0	0.0000
455	256	17.641250	2	21.000000	23.121624	2	0.571793	3	2	1	2	0	0.0000
456	257	17.641250	1	21.000000	14.270866	2	0.545405	3	2	1	2	0	0.0000
457	258	17.641250	2	21.000000	25.752507	1	0.439317	7	4	1	2	0	0.0000
458	259	17.641250	1	21.000000	15.512720	1	0.394411	2	3	1	2	0	0.0000
459	260	17.641250	2	21.000000	20.017809	2	0.462574	8	3	2	1	0	0.0000
460	261	17.641250	1	21.000000	14.339543	1	3.080063	3	5	1	2	0	0.0000
461	262	17.641250	1	21.000000	16.046456	1	0.798733	5	8	1	2	0	0.0000
462	263	17.641250	2	21.000000	23.094543	2	1.866276	6	4	1	1	0	0.0000
463	264	17.641250	2	21.000000	23.491286	2	1.051157	5	4	1	2	0	0.0000
464	265	17.641250	1	21.000000	15.886499	2	0.748947	2	6	1	2	0	0.0000
465	266	17.641250	2	21.000000	27.652788	1	0.826736	2	4	1	2	0	0.0000
466	267	17.641250	2	21.000000	24.582217	2	0.566019	4	6	1	2	0	0.0000
467	268	17.641250	1	21.000000	14.990536	2	0.955415	6	4	1	2	0	0.0000
468	269	17.641250	2	21.000000	25.304054	4	6.785211	3	2	2	1	0	0.0000
469	270	17.641250	2	21.000000	19.322633	1	2.245557	2	6	1	1	0	0.0000
470	271	17.641250	1	21.000000	14.205726	2	3.814307	6	2	1	1	0	0.0000
471	272	17.641250	1	21.000000	16.060361	2	0.815285	7	3	2	1	0	0.0000
472	273	17.641250	1	21.000000	14.235652	2	0.786564	7	3	2	1	0	0.0000
473	274	17.641250	2	21.000000	20.463386	2	1.103182	6	3	1	1	0	0.0000
474	275	17.641250	2	21.000000	19.064767	2	0.862701	5	2	1	2	0	0.0000
475	276	17.641250	2	21.000000	24.699739	2	0.503894	6	3	2	1	0	0.0000
476	277	17.641250	1	21.000000	14.197811	2	0.912011	3	5	1	1	0	0.0000
477	278	17.641250	1	21.000000	14.216889	2	0.903238	6	5	1	1	0	0.0000
478	279	17.641250	1	21.000000	14.122695	1	0.703054	5	8	1	2	0	0.0000
479	280	17.641250	2	21.000000	19.896173	1	0.399082	4	2	1	2	0	0.0000
480	281	17.641250	2	21.000000	20.186329	4	5.931182	8	6	2	1	0	0.0000
481	282	17.641250	2	21.000000	21.708458	4	5.458253	5	8	1	2	0	0.0000
482	283	17.641250	1	21.000000	14.500546	2	1.044961	2	7	2	2	0	0.0000
483	284	17.641250	2	21.000000	22.235683	1	0.990728	2	4	2	2	0	0.0000
484	285	17.641250	2	21.000000	20.888764	2	0.803149	4	2	1	2	0	0.0000
485	286	17.641250	1	21.000000	15.634800	2	1.359022	5	2	1	1	0	0.0000
486	287	17.641250	1	21.000000	14.105789	1	0.748307	2	5	1	1	0	0.0000
487	288	17.641250	1	21.000000	15.056843	1	0.890398	5	6	1	1	0	0.0000
488	289	17.641250	2	21.000000	23.331818	1	1.115067	3	2	1	2	0	0.0000
489	290	17.641250	2	21.000000	21.897425	1	0.673998	4	7	1	1	0	0.0000
490	291	17.641250	2	21.000000	25.225171	2	1.555360	2	3	2	2	0	0.0000
491	292	17.641250	2	21.000000	25.782294	2	0.744651	2	6	1	2	0	0.0000
492	293	17.641250	2	21.000000	21.738382	2	0.934650	3	2	1	2	0	0.0000
493	294	17.641250	1	21.000000	14.735619	2	0.916847	4	6	1	1	0	0.0000
494	295	17.641250	1	21.000000	15.296206	4	5.524258	8	5	1	1	0	0.0000
495	296	17.641250	2	21.000000	23.405137	1	0.772215	5	2	1	2	0	0.0000
496	297	17.641250	2	21.000000	27.115729	4	5.153575	7	3	1	1	0	0.0000
497	298	17.641250	2	21.000000	23.580257	2	0.920484	7	6	2	1	0	0.0000
498	299	17.641250	2	21.000000	21.237477	2	1.543518	4	2	2	1	0	0.0000
499	300	17.641250	1	21.000000	15.341927	2	1.037408	3	2	1	1	0	0.0000
500	301	17.641250	1	21.000000	14.982283	4	7.343832	2	3	1	1	0	0.0000
501	302	17.641250	1	21.000000	15.856677	2	2.662005	6	8	1	2	0	0.0000
502	303	17.641250	1	21.000000	15.013572	2	1.014123	8	5	1	2	0	0.0000
503	304	17.641250	1	21.000000	16.021783	1	0.721548	2	4	1	2	0	0.0000
504	305	17.641250	2	21.000000	25.965796	2	0.584616	3	2	1	2	0	0.0000
505	306	17.641250	1	21.000000	14.712611	2	1.053472	3	2	1	1	0	0.0000
506	307	17.641250	2	21.000000	21.463686	2	0.567250	3	5	1	2	0	0.0000
507	308	17.641250	1	21.000000	15.298565	1	0.748438	4	2	1	2	0	0.0000
508	309	17.641250	1	21.000000	14.467916	2	1.850413	5	6	1	2	0	0.0000
509	310	17.641250	1	21.000000	14.145311	2	1.099400	2	3	1	1	0	0.0000
510	311	17.641250	2	21.000000	19.440578	2	2.059386	5	4	1	2	0	0.0000
511	312	17.641250	2	21.000000	26.706705	2	0.852209	2	5	1	2	0	0.0000
512	313	17.641250	1	21.000000	15.436759	1	0.854114	3	2	1	2	0	0.0000
