1	1	65.551297	2	69.303968	63.000000	2	3.833328	3	2	1	2	0	0.0000
2	2	65.551297	1	57.983837	63.000000	2	0.966109	4	3	1	2	0	0.0000
3	3	65.551297	2	67.453368	63.000000	1	0.973348	4	5	1	1	0	0.0000
4	4	65.551297	1	63.630825	63.000000	1	1.834475	5	2	1	2	0	0.0000
5	5	65.551297	1	59.779487	63.000000	1	1.468262	2	5	1	2	0	0.0000
6	6	65.551297	2	67.131689	63.000000	2	0.893037	3	2	1	1	0	0.0000
7	7	65.551297	1	62.523065	63.000000	1	1.740747	8	2	1	1	0	0.0000
8	8	65.551297	2	69.542300	63.000000	1	1.202709	8	4	1	1	0	0.0000
9	9	65.551297	1	60.606601	63.000000	2	1.302235	3	4	2	2	0	0.0000
10	10	65.551297	1	60.872126	63.000000	2	1.101838	3	7	2	2	0	0.0000
11	11	65.551297	1	62.580427	63.000000	1	0.501441	2	8	1	2	0	0.0000
12	12	65.551297	1	63.613091	63.000000	1	0.797497	5	3	1	1	0	0.0000
13	13	65.551297	2	67.283850	63.000000	1	1.097512	2	3	1	2	0	0.0000
14	14	65.551297	2	69.400719	63.000000	2	0.313166	2	3	1	2	0	0.0000
15	15	65.551297	1	60.293004	63.000000	2	0.651458	5	4	2	1	0	0.0000
16	16	65.551297	2	69.287245	63.000000	2	0.690584	2	7	1	2	0	0.0000
17	17	65.551297	2	68.287968	63.000000	1	1.245246	5	8	1	1	0	0.0000
18	18	65.551297	2	67.808988	63.000000	2	0.436980	8	2	1	2	0	0.0000
19	19	65.551297	2	68.431568	63.000000	2	1.079745	2	3	2	2	0	0.0000
20	20	65.551297	2	68.469956	63.000000	2	1.336082	8	5	2	1	0	0.0000
21	21	65.551297	2	67.961763	63.000000	2	0.576040	8	6	1	1	0	0.0000
22	22	65.551297	1	58.223384	63.000000	2	0.572866	2	3	1	1	0	0.0000
23	23	65.551297	1	61.193590	63.000000	2	0.841048	2	3	1	2	0	0.0000
24	24	65.551297	2	67.827350	63.000000	1	0.435605	3	4	1	1	0	0.0000
25	25	65.551297	2	69.416557	63.000000	1	0.390279	3	2	1	1	0	0.0000
26	26	65.551297	2	68.656147	63.000000	2	0.371328	6	5	1	2	0	0.0000
27	27	65.551297	1	59.216514	63.000000	2	0.312828	3	8	1	2	0	0.0000
28	28	65.551297	1	62.713175	63.000000	2	0.352576	4	3	1	2	0	0.0000
29	29	65.551297	1	61.486340	63.000000	1	0.526721	4	2	1	1	0	0.0000
30	30	65.551297	1	60.378818	63.000000	1	0.509412	3	2	1	1	0	0.0000
31	31	65.551297	1	59.221605	63.000000	1	0.780969	4	6	1	1	0	0.0000
32	32	65.551297	1	59.656508	63.000000	2	0.721571	2	7	1	1	0	0.0000
33	33	65.551297	1	61.298875	63.000000	1	0.496759	7	4	1	1	0	0.0000
34	34	65.551297	2	67.614735	63.000000	1	0.680860	2	3	1	1	0	0.0000
35	35	65.551297	1	58.779081	63.000000	2	0.329477	6	3	1	1	0	0.0000
36	36	65.551297	1	59.622807	63.000000	2	0.600410	8	2	1	2	0	0.0000
37	37	65.551297	2	68.273495	63.000000	1	0.428524	8	6	1	2	0	0.0000
38	38	65.551297	2	69.970446	63.000000	1	1.279331	3	7	1	1	0	0.0000
39	39	65.551297	2	69.650531	63.000000	2	0.535321	7	4	1	1	0	0.0000
40	40	65.551297	2	68.790154	63.000000	2	0.510381	3	8	1	2	0	0.0000
41	41	65.551297	2	69.875638	63.000000	1	0.789727	8	6	1	1	0	0.0000
42	42	65.551297	2	67.238479	63.000000	2	3.322261	8	2	1	1	0	0.0000
43	43	65.551297	2	68.600071	63.000000	2	0.671656	2	3	2	2	0	0.0000
44	44	65.551297	1	57.952763	63.000000	2	0.441019	4	5	1	2	0	0.0000
45	45	65.551297	1	61.448910	63.000000	1	0.299758	7	4	1	1	0	0.0000
46	46	65.551297	1	62.046773	63.000000	1	0.748003	7	3	1	2	0	0.0000
47	47	65.551297	1	62.017198	63.000000	1	0.609893	4	3	2	1	0	0.0000
48	48	65.551297	1	63.371554	63.000000	2	0.941248	7	2	1	1	0	0.0000
49	49	65.551297	2	68.486531	63.000000	1	0.323675	5	3	1	1	0	0.0000
50	50	65.551297	2	67.264720	63.000000	1	0.403364	6	7	1	1	0	0.0000
51	51	65.551297	1	59.092236	63.000000	2	0.647632	3	8	2	2	0	0.0000
52	52	65.551297	2	67.472766	63.000000	2	0.289686	2	4	1	1	0	0.0000
53	53	65.551297	2	67.142130	63.000000	2	0.306569	4	6	2	2	0	0.0000
54	54	65.551297	1	62.554736	63.000000	2	0.498860	4	2	1	1	0	0.0000
55	55	65.551297	2	68.163861	63.000000	2	0.634961	2	6	1	1	0	0.0000
56	56	65.551297	1	58.358120	63.000000	2	0.101604	4	2	1	1	0	0.0000
57	57	65.551297	2	69.657326	63.000000	1	0.326026	3	2	1	2	0	0.0000
58	58	65.551297	2	67.605451	63.000000	2	0.349028	4	3	1	1	0	0.0000
59	59	65.551297	1	57.363873	63.000000	2	0.355214	6	2	1	2	0	0.0000
60	60	65.551297	2	68.117008	63.000000	1	0.329493	6	2	1	1	0	0.0000
61	61	65.551297	2	66.965837	63.000000	1	0.392431	7	5	2	1	0	0.0000
62	62	65.551297	1	58.054377	63.000000	2	0.300674	2	4	1	1	0	0.0000
63	63	65.551297	2	68.666032	63.000000	1	0.956865	6	3	1	2	0	0.0000
64	64	65.551297	1	62.749272	63.000000	2	0.386598	4	3	1	1	0	0.0000
65	65	65.551297	1	61.311294	63.000000	2	0.335488	3	6	1	2	0	0.0000
66	66	65.551297	2	67.850011	63.000000	2	0.310366	2	4	1	2	0	0.0000
67	67	65.551297	1	61.790318	63.000000	2	0.462021	3	4	1	2	0	0.0000
68	68	65.551297	2	67.148798	63.000000	1	0.375577	2	3	1	1	0	0.0000
69	69	65.551297	1	56.979804	63.000000	2	0.780418	3	7	2	2	0	0.0000
70	70	65.551297	2	67.817239	63.000000	1	3.526123	6	3	2	1	0	0.0000
71	71	65.551297	2	68.683000	63.000000	2	0.621995	6	5	2	1	0	0.0000
72	72	65.551297	2	69.591068	63.000000	2	0.513434	6	5	2	1	0	0.0000
73	73	65.551297	2	67.877876	63.000000	1	0.576658	3	6	1	2	0	0.0000
74	74	65.551297	2	69.249894	63.000000	2	0.405560	2	3	1	2	0	0.0000
75	75	65.551297	2	67.819563	63.000000	2	0.441839	3	5	2	2	0	0.0000
76	76	65.551297	2	67.597234	63.000000	2	0.428553	4	8	1	1	0	0.0000
77	77	65.551297	1	59.706609	63.000000	2	0.351334	3	4	1	1	0	0.0000
78	78	65.551297	1	61.378232	63.000000	1	0.621717	4	6	1	2	0	0.0000
79	79	65.551297	1	58.850974	63.000000	1	0.336904	3	2	1	2	0	0.0000
80	80	65.551297	1	60.056598	63.000000	2	0.344098	4	6	1	2	0	0.0000
81	81	65.551297	2	67.599677	63.000000	2	0.758292	3	4	1	2	0	0.0000
82	82	65.551297	2	67.401909	63.000000	2	0.332361	3	4	1	2	0	0.0000
83	83	65.551297	1	64.040498	63.000000	2	0.531254	7	4	1	1	0	0.0000
84	84	65.551297	1	60.784321	63.000000	1	0.281927	4	5	1	2	0	0.0000
85	85	65.551297	2	68.833009	63.000000	1	0.346776	3	6	1	2	0	0.0000
86	86	65.551297	2	69.424074	63.000000	1	0.273115	5	4	2	1	0	0.0000
87	87	65.551297	1	61.536433	63.000000	2	0.506664	5	8	1	1	0	0.0000
88	88	65.551297	1	63.823176	63.000000	1	0.746810	4	5	1	2	0	0.0000
89	89	65.551297	1	58.730606	63.000000	1	0.688692	2	3	2	2	0	0.0000
90	90	65.551297	1	63.780668	63.000000	2	0.465455	4	7	1	2	0	0.0000
91	91	65.551297	1	58.218888	63.000000	2	0.914764	4	8	2	2	0	0.0000
92	92	65.551297	1	63.594224	63.000000	1	0.314025	2	5	1	2	0	0.0000
93	93	65.551297	1	58.411176	63.000000	1	0.913577	6	4	2	1	0	0.0000
94	94	65.551297	1	57.070668	63.000000	1	0.472811	4	7	1	2	0	0.0000
95	95	65.551297	1	59.948225	63.000000	1	0.570226	3	6	1	2	0	0.0000
96	96	65.551297	1	62.370815	63.000000	1	0.431644	5	4	1	1	0	0.0000
97	97	65.551297	2	68.722334	63.000000	2	0.658399	8	7	1	1	0	0.0000
98	98	65.551297	1	58.376858	63.000000	2	0.748507	8	4	1	1	0	0.0000
99	99	65.551297	2	68.408942	63.000000	1	0.602225	6	7	1	2	0	0.0000
100	100	65.551297	2	68.200165	63.000000	2	0.430247	5	2	1	2	0	0.0000
101	101	65.551297	2	68.643448	63.000000	2	0.529304	6	8	1	1	0	0.0000
102	102	65.551297	1	59.002260	63.000000	2	0.367999	4	8	1	2	0	0.0000
103	103	65.551297	2	68.685649	63.000000	1	0.357537	8	5	1	2	0	0.0000
104	104	65.551297	1	57.078424	63.000000	2	0.515885	6	4	1	2	0	0.0000
105	105	65.551297	2	68.298796	63.000000	1	0.269000	6	2	1	2	0	0.0000
106	106	65.551297	1	62.183330	63.000000	2	1.060936	6	5	1	2	0	0.0000
107	107	65.551297	2	69.581923	63.000000	1	0.255754	8	3	1	2	0	0.0000
108	108	65.551297	2	69.321997	63.000000	2	0.344185	8	3	1	2	0	0.0000
109	109	65.551297	2	68.350161	63.000000	2	0.526259	4	2	1	1	0	0.0000
110	110	65.551297	1	63.355825	63.000000	2	0.461048	3	4	1	2	0	0.0000
111	111	65.551297	1	56.372347	63.000000	1	0.286664	6	4	1	1	0	0.0000
112	112	65.551297	2	68.851257	63.000000	1	0.279570	3	2	1	1	0	0.0000
113	113	65.551297	1	57.742862	63.000000	2	0.568563	5	3	1	1	0	0.0000
114	114	65.551297	2	68.249964	63.000000	1	0.590007	6	3	1	1	0	0.0000
115	115	65.551297	2	69.467566	63.000000	1	0.340581	6	7	1	1	0	0.0000
116	116	65.551297	1	63.073343	63.000000	2	0.467250	7	2	1	2	0	0.0000
117	117	65.551297	2	69.509943	63.000000	1	0.419119	4	6	1	2	0	0.0000
118	118	65.551297	1	61.388162	63.000000	1	0.334678	2	3	1	2	0	0.0000
119	119	65.551297	1	58.304527	63.000000	1	0.549459	2	3	2	2	0	0.0000
120	120	65.551297	1	63.151092	63.000000	1	0.355596	4	2	1	1	0	0.0000
121	121	65.551297	1	59.559302	63.000000	1	0.393705	6	7	1	2	0	0.0000
122	122	65.551297	1	58.883970	63.000000	1	0.302080	2	7	1	1	0	0.0000
123	123	65.551297	2	67.627477	63.000000	1	0.382343	3	2	1	1	0	0.0000
124	124	65.551297	2	67.127478	63.000000	2	0.555191	2	3	1	2	0	0.0000
125	125	65.551297	2	67.671236	63.000000	2	1.954539	4	5	1	2	0	0.0000
126	126	65.551297	1	59.544554	63.000000	2	0.734210	6	2	1	2	0	0.0000
127	127	65.551297	1	60.373129	63.000000	1	0.332870	3	4	1	1	0	0.0000
128	128	65.551297	1	63.313512	63.000000	1	0.291792	5	7	1	1	0	0.0000
129	129	65.551297	1	60.813118	63.000000	1	0.612736	5	3	1	1	0	0.0000
130	130	65.551297	2	67.334493	63.000000	1	0.552315	4	3	1	2	0	0.0000
131	131	65.551297	1	63.820753	63.000000	2	0.775409	7	8	2	2	0	0.0000
132	132	65.551297	2	68.962051	63.000000	2	0.315412	6	2	1	2	0	0.0000
133	133	65.551297	2	68.943432	63.000000	2	0.362931	4	5	1	1	0	0.0000
134	134	65.551297	2	69.303300	63.000000	2	0.584738	5	4	1	1	0	0.0000
135	135	65.551297	2	68.642609	63.000000	1	0.317350	4	3	1	1	0	0.0000
136	136	65.551297	1	57.635231	63.000000	1	0.268834	5	4	1	2	0	0.0000
137	137	65.551297	2	68.662514	63.000000	2	0.358600	4	3	1	1	0	0.0000
138	138	65.551297	2	67.925933	63.000000	1	0.308098	2	7	1	1	0	0.0000
139	139	65.551297	2	68.043298	63.000000	1	0.468308	4	5	1	1	0	0.0000
140	140	65.551297	2	67.052017	63.000000	2	0.493792	3	5	1	1	0	0.0000
141	141	65.551297	1	64.082563	63.000000	1	1.245991	8	7	1	2	0	0.0000
142	142	65.551297	2	69.780611	63.000000	2	0.335483	4	6	1	2	0	0.0000
143	143	65.551297	2	68.814027	63.000000	2	0.390551	7	8	1	1	0	0.0000
144	144	65.551297	1	63.606706	63.000000	2	0.581075	3	8	1	2	0	0.0000
145	145	65.551297	1	57.941781	63.000000	1	0.329756	6	8	1	1	0	0.0000
146	146	65.551297	1	62.887057	63.000000	1	0.462966	3	5	1	1	0	0.0000
147	147	65.551297	1	57.745429	63.000000	1	0.288392	8	5	1	2	0	0.0000
148	148	65.551297	2	68.011960	63.000000	2	0.513336	3	6	1	1	0	0.0000
149	149	65.551297	2	69.928302	63.000000	2	0.352244	5	2	1	2	0	0.0000
150	150	65.551297	2	69.222899	63.000000	2	0.359075	5	8	2	2	0	0.0000
151	151	65.551297	1	56.679298	63.000000	1	0.516757	3	2	1	1	0	0.0000
152	152	65.551297	2	68.004962	63.000000	1	0.420080	6	4	1	2	0	0.0000
153	153	65.551297	1	57.699720	63.000000	1	0.479593	3	2	2	1	0	0.0000
154	154	65.551297	2	68.382195	63.000000	1	0.640314	6	7	1	2	0	0.0000
155	155	65.551297	1	58.809161	63.000000	2	0.267109	5	2	1	2	0	0.0000
156	156	65.551297	2	69.238117	63.000000	2	0.276708	4	2	1	2	0	0.0000
157	157	65.551297	2	68.426996	63.000000	1	0.333675	8	3	1	2	0	0.0000
158	158	65.551297	2	69.479446	63.000000	2	0.412625	3	2	1	2	0	0.0000
159	159	65.551297	1	63.738143	63.000000	1	0.568042	2	3	1	1	0	0.0000
160	160	65.551297	2	67.559094	63.000000	2	0.317412	8	5	1	1	0	0.0000
161	161	65.551297	1	56.763238	63.000000	1	0.253053	5	6	1	1	0	0.0000
162	162	65.551297	2	68.110809	63.000000	2	0.239476	3	2	1	1	0	0.0000
163	163	65.551297	2	67.260755	63.000000	1	0.282448	2	4	1	2	0	0.0000
164	164	65.551297	2	68.293257	63.000000	2	0.507508	6	3	1	1	0	0.0000
165	165	65.551297	2	67.282850	63.000000	2	0.315400	4	3	1	2	0	0.0000
166	166	65.551297	2	69.399350	63.000000	2	0.483083	6	3	1	2	0	0.0000
167	167	65.551297	2	69.841235	63.000000	2	0.324721	3	4	1	1	0	0.0000
168	168	65.551297	2	67.859516	63.000000	2	0.243435	4	3	2	1	0	0.0000
169	169	65.551297	2	69.821005	63.000000	2	0.303243	2	3	1	2	0	0.0000
170	170	65.551297	2	67.315231	63.000000	2	0.381978	5	3	1	2	0	0.0000
171	171	65.551297	1	59.658856	63.000000	2	0.332598	3	8	1	1	0	0.0000
172	172	65.551297	2	69.079354	63.000000	2	0.529910	4	6	1	1	0	0.0000
173	173	65.551297	2	69.859572	63.000000	1	0.272572	2	8	2	2	0	0.0000
174	174	65.551297	2	69.205381	63.000000	1	0.290264	7	8	2	2	0	0.0000
175	175	65.551297	2	68.218241	63.000000	2	0.500412	3	8	1	1	0	0.0000
176	176	65.551297	1	63.545613	63.000000	2	0.315364	5	3	1	2	0	0.0000
177	177	65.551297	1	62.144145	63.000000	1	0.410874	6	2	2	1	0	0.0000
178	178	65.551297	2	67.054057	63.000000	1	0.246359	3	5	1	1	0	0.0000
179	179	65.551297	1	57.371623	63.000000	1	0.272733	8	5	1	2	0	0.0000
180	180	65.551297	1	60.718512	63.000000	2	0.306439	2	8	1	1	0	0.0000
181	181	65.551297	1	56.126747	63.000000	2	0.354568	2	4	2	2	0	0.0000
182	182	65.551297	2	68.283720	63.000000	1	0.354780	4	5	1	1	0	0.0000
183	183	65.551297	1	58.008066	63.000000	2	0.519046	4	7	1	1	0	0.0000
184	184	65.551297	1	58.927354	63.000000	1	0.766462	2	4	1	1	0	0.0000
185	185	65.551297	2	69.019233	63.000000	1	0.267768	7	6	1	2	0	0.0000
186	186	65.551297	2	68.668802	63.000000	1	0.341631	3	2	1	1	0	0.0000
187	187	65.551297	1	60.456296	63.000000	2	0.276269	2	8	1	2	0	0.0000
188	188	65.551297	1	56.857394	63.000000	2	0.293249	2	3	1	1	0	0.0000
189	189	65.551297	1	61.748767	63.000000	1	0.413657	8	7	1	2	0	0.0000
190	190	65.551297	2	68.420348	63.000000	1	0.257062	6	7	1	1	0	0.0000
191	191	65.551297	1	60.352844	63.000000	1	0.269027	5	8	1	1	0	0.0000
192	192	65.551297	1	57.221947	63.000000	2	0.294754	8	2	2	1	0	0.0000
193	193	65.551297	1	57.611678	63.000000	1	0.557239	5	2	1	1	0	0.0000
194	194	65.551297	2	68.027220	63.000000	1	0.443479	6	8	1	1	0	0.0000
195	195	65.551297	2	69.329231	63.000000	2	0.429614	7	8	1	2	0	0.0000
196	196	65.551297	1	57.952408	63.000000	2	0.336501	6	8	1	1	0	0.0000
197	197	65.551297	2	67.098732	63.000000	1	0.287457	4	8	1	1	0	0.0000
198	198	65.551297	1	64.123310	63.000000	2	0.312272	3	7	1	1	0	0.0000
199	199	65.551297	1	57.271108	63.000000	2	0.247842	5	8	2	2	0	0.0000
200	200	65.551297	1	62.959289	63.000000	2	0.458306	5	6	2	2	0	0.0000
201	201	65.551297	2	68.077865	63.000000	2	0.318093	6	3	1	2	0	0.0000
202	202	65.551297	2	68.097853	63.000000	2	0.341575	2	5	1	2	0	0.0000
203	203	65.551297	1	60.342926	63.000000	2	0.394855	5	8	1	2	0	0.0000
204	204	65.551297	1	62.394701	63.000000	1	0.254909	6	3	1	2	0	0.0000
205	205	65.551297	2	69.860039	63.000000	1	0.321281	8	3	2	1	0	0.0000
206	206	65.551297	2	67.663031	63.000000	2	0.248820	2	5	1	2	0	0.0000
207	207	65.551297	1	63.856714	63.000000	1	0.259317	3	2	2	1	0	0.0000
208	208	65.551297	2	67.909718	63.000000	1	0.396929	2	4	1	1	0	0.0000
209	209	65.551297	2	69.714293	63.000000	2	0.289172	2	7	2	2	0	0.0000
210	210	65.551297	1	62.406871	63.000000	1	0.329941	2	5	1	2	0	0.0000
211	211	65.551297	1	62.807550	63.000000	2	0.296931	4	6	1	2	0	0.0000
212	212	65.551297	2	69.923368	63.000000	1	0.305348	2	4	1	1	0	0.0000
213	213	65.551297	2	68.298726	63.000000	1	0.305447	2	3	1	1	0	0.0000
214	214	65.551297	1	57.634865	63.000000	1	0.249817	7	2	1	2	0	0.0000
215	215	65.551297	2	69.867392	63.000000	1	0.365934	8	7	1	2	0	0.0000
216	216	65.551297	2	69.334805	63.000000	2	0.315655	2	3	1	1	0	0.0000
217	217	65.551297	2	68.982461	63.000000	2	0.506446	2	3	2	2	0	0.0000
218	218	65.551297	1	61.466565	63.000000	1	0.297415	4	5	1	1	0	0.0000
219	219	65.551297	1	59.593116	63.000000	1	0.297646	8	6	1	1	0	0.0000
220	220	65.551297	2	69.634276	63.000000	2	0.457949	7	3	1	2	0	0.0000
221	221	65.551297	2	69.310374	63.000000	2	0.332062	5	2	1	1	0	0.0000
222	222	65.551297	2	69.507321	63.000000	1	0.298961	3	2	1	2	0	0.0000
223	223	65.551297	1	64.120163	63.000000	2	0.307240	3	5	1	1	0	0.0000
224	224	65.551297	2	67.211831	63.000000	2	0.339462	7	6	2	1	0	0.0000
225	225	65.551297	1	60.151804	63.000000	1	0.298268	2	4	1	1	0	0.0000
226	226	65.551297	1	57.739277	63.000000	2	0.330666	4	3	1	2	0	0.0000
227	227	65.551297	2	68.646038	63.000000	2	0.321656	6	7	1	2	0	0.0000
228	228	65.551297	2	68.611710	63.000000	1	0.473131	3	6	1	1	0	0.0000
229	229	65.551297	2	69.427650	63.000000	1	0.282620	4	2	2	1	0	0.0000
230	230	65.551297	2	66.994937	63.000000	2	0.555602	6	7	2	2	0	0.0000
231	231	65.551297	1	59.956840	63.000000	2	0.257696	3	2	2	1	0	0.0000
232	232	65.551297	2	67.839289	63.000000	2	0.011972	3	5	1	1	0	0.0000
233	233	65.551297	1	59.300752	63.000000	3	0.511801	3	2	1	1	0	0.0000
234	234	65.551297	2	68.436462	63.000000	1	0.427121	5	2	1	2	0	0.0000
235	235	65.551297	2	69.465147	63.000000	1	0.317810	2	3	1	2	0	0.0000
236	236	65.551297	2	68.675205	63.000000	2	0.301473	8	2	1	1	0	0.0000
237	237	65.551297	2	67.479051	63.000000	2	0.325599	5	2	1	2	0	0.0000
238	238	65.551297	2	69.878736	63.000000	2	0.380608	3	5	1	2	0	0.0000
239	239	65.551297	1	57.555244	63.000000	2	0.369615	8	3	1	1	0	0.0000
240	240	65.551297	2	67.558486	63.000000	1	0.215222	8	3	2	1	0	0.0000
241	241	65.551297	2	67.445760	63.000000	2	0.298809	3	8	1	2	0	0.0000
242	242	65.551297	2	69.709490	63.000000	2	0.252068	7	5	1	1	0	0.0000
243	243	65.551297	2	68.698417	63.000000	2	0.261348	3	2	2	1	0	0.0000
244	244	65.551297	1	56.605248	63.000000	2	0.303076	6	3	1	1	0	0.0000
245	245	65.551297	1	57.480920	63.000000	1	0.328879	4	2	1	1	0	0.0000
246	246	65.551297	2	68.344595	63.000000	1	0.195491	2	4	1	1	0	0.0000
247	247	65.551297	2	68.877882	63.000000	2	0.407902	2	3	1	1	0	0.0000
248	248	65.551297	2	68.631492	63.000000	1	0.291913	8	3	1	1	0	0.0000
249	249	65.551297	2	67.709738	63.000000	2	0.316211	4	3	1	1	0	0.0000
250	250	65.551297	2	69.436460	63.000000	2	0.387917	3	5	1	1	0	0.0000
251	251	65.551297	1	60.148038	63.000000	2	0.538344	2	7	1	2	0	0.0000
252	252	65.551297	1	60.869668	63.000000	1	0.263446	8	3	1	2	0	0.0000
253	253	65.551297	2	68.145844	63.000000	1	0.361016	4	3	1	2	0	0.0000
254	254	65.551297	1	63.407071	63.000000	2	0.430611	5	8	1	2	0	0.0000
255	255	65.551297	2	67.360875	63.000000	1	0.777632	2	3	1	2	0	0.0000
256	256	65.551297	1	61.112583	63.000000	2	1.222031	2	3	1	1	0	0.0000
257	257	65.551297	1	56.011559	63.000000	1	0.393004	3	2	1	2	0	0.0000
258	258	65.551297	2	68.964783	63.000000	1	0.941269	2	3	1	1	0	0.0000
259	259	65.551297	2	69.179366	63.000000	2	0.635602	7	2	2	1	0	0.0000
260	260	65.551297	1	61.453992	63.000000	2	0.118373	5	7	1	2	0	0.0000
261	261	65.551297	2	67.546126	63.000000	1	0.318033	8	3	1	1	0	0.0000
262	262	65.551297	1	56.748879	63.000000	2	0.309657	4	6	1	2	0	0.0000
263	263	65.551297	1	63.707136	63.000000	1	0.573267	3	7	1	1	0	0.0000
264	264	65.551297	1	60.739390	63.000000	1	4.378738	3	6	1	1	0	0.0000
265	265	65.551297	1	63.869347	63.000000	2	0.492281	4	5	1	1	0	0.0000
266	266	65.551297	2	67.746540	63.000000	1	0.356552	7	2	1	2	0	0.0000
267	267	65.551297	1	56.103717	63.000000	2	0.626969	2	5	1	2	0	0.0000
268	268	65.551297	1	58.083272	63.000000	1	0.373486	5	8	1	2	0	0.0000
269	269	65.551297	1	62.250621	63.000000	4	5.339062	6	2	1	1	0	0.0000
270	270	65.551297	1	56.280134	63.000000	2	0.322484	5	7	1	2	0	0.0000
271	271	65.551297	2	69.249378	63.000000	1	0.259781	4	2	1	1	0	0.0000
272	272	65.551297	1	57.876075	63.000000	2	1.028544	3	2	1	1	0	0.0000
273	273	65.551297	1	60.214364	63.000000	2	0.262850	5	8	2	2	0	0.0000
274	274	65.551297	1	62.669144	63.000000	1	0.480534	6	5	1	1	0	0.0000
275	275	65.551297	1	56.984984	63.000000	1	0.497163	4	5	1	2	0	0.0000
276	276	65.551297	2	67.528635	63.000000	1	0.313413	3	2	1	1	0	0.0000
277	277	65.551297	1	57.932850	63.000000	2	0.401015	3	2	1	2	0	0.0000
278	278	65.551297	1	63.450649	63.000000	2	0.269006	4	2	1	1	0	0.0000
279	279	65.551297	2	69.467892	63.000000	1	0.110745	7	3	1	1	0	0.0000
280	280	65.551297	1	57.661456	63.000000	1	0.294662	3	2	1	2	0	0.0000
281	281	65.551297	2	68.008197	63.000000	2	0.478810	3	4	1	1	0	0.0000
282	282	65.551297	2	68.577638	63.000000	1	0.215662	4	3	2	1	0	0.0000
283	283	65.551297	1	62.722900	63.000000	2	0.275254	5	4	1	2	0	0.0000
284	284	65.551297	2	68.522567	63.000000	2	0.316349	5	4	1	1	0	0.0000
285	285	65.551297	1	56.341011	63.000000	1	0.323681	5	2	1	1	0	0.0000
286	286	65.551297	2	69.999977	63.000000	2	0.251524	4	2	1	1	0	0.0000
287	287	65.551297	2	67.893482	63.000000	1	0.285725	6	3	2	1	0	0.0000
288	288	65.551297	1	57.792546	63.000000	2	0.510762	2	6	1	2	0	0.0000
289	289	65.551297	1	57.354092	63.000000	1	0.262072	4	7	2	2	0	0.0000
290	290	65.551297	1	56.938509	63.000000	2	0.255735	3	2	2	1	0	0.0000
291	291	65.551297	1	56.830595	63.000000	1	0.537993	2	4	1	1	0	0.0000
292	292	65.551297	2	68.649935	63.000000	1	0.274005	7	5	2	1	0	0.0000
293	293	65.551297	2	68.196400	63.000000	2	0.330429	6	3	1	1	0	0.0000
294	294	65.551297	1	57.920060	63.000000	1	0.681425	4	5	1	2	0	0.0000
295	295	65.551297	1	57.937172	63.000000	2	0.562213	8	4	1	2	0	0.0000
296	296	65.551297	1	59.505607	63.000000	1	0.311389	4	2	1	2	0	0.0000
297	297	65.551297	2	68.983494	63.000000	2	0.527020	4	8	1	1	0	0.0000
298	298	65.551297	2	67.390480	63.000000	1	1.205758	8	7	1	2	0	0.0000
299	299	65.551297	2	69.351440	63.000000	2	0.761416	7	6	1	2	0	0.0000
300	300	65.551297	1	62.119146	63.000000	2	2.190628	3	8	1	1	0	0.0000
301	301	65.551297	1	61.726047	63.000000	1	0.250036	3	5	1	1	0	0.0000
302	302	65.551297	1	58.941685	63.000000	1	0.292659	2	6	1	2	0	0.0000
303	303	65.551297	2	69.484443	63.000000	1	0.452725	2	3	1	1	0	0.0000
304	304	65.551297	1	63.454244	63.000000	2	0.254864	2	4	1	2	0	0.0000
305	305	65.551297	2	67.542191	63.000000	1	0.401227	4	3	1	1	0	0.0000
306	306	65.551297	1	61.950314	63.000000	2	0.317493	5	2	1	1	0	0.0000
307	307	65.551297	1	57.969550	63.000000	2	0.493002	3	5	1	2	0	0.0000
308	308	65.551297	1	58.918299	63.000000	1	0.253134	8	3	1	1	0	0.0000
309	309	65.551297	1	60.379425	63.000000	1	0.287271	2	5	1	2	0	0.0000
310	310	65.551297	2	69.670261	63.000000	1	0.288397	2	3	1	1	0	0.0000
311	311	65.551297	1	61.780923	63.000000	2	0.249348	3	4	1	1	0	0.0000
312	312	65.551297	1	59.679786	63.000000	1	0.003332	3	2	2	1	0	0.0000
313	313	65.551297	1	57.181291	63.000000	1	0.640091	6	8	1	2	0	0.0000
314	314	65.551297	2	68.131097	63.000000	1	0.346833	4	6	2	2	0	0.0000
315	315	65.551297	1	57.650091	63.000000	2	0.273002	2	3	1	1	0	0.0000
316	316	65.551297	1	57.066506	63.000000	1	0.914778	4	3	1	2	0	0.0000
317	317	65.551297	1	63.895925	63.000000	1	0.321843	5	2	1	1	0	0.0000
318	318	65.551297	1	63.743838	63.000000	2	0.395460	5	7	1	2	0	0.0000
319	319	65.551297	1	56.011526	63.000000	1	0.077440	3	7	1	2	0	0.0000
320	320	65.551297	2	67.829177	63.000000	1	0.214767	7	5	1	2	0	0.0000
321	321	65.551297	1	60.179060	63.000000	2	0.194623	7	8	1	1	0	0.0000
322	322	65.551297	1	58.677954	63.000000	1	0.248301	2	7	1	2	0	0.0000
323	323	65.551297	1	56.030831	63.000000	1	0.249188	4	2	1	2	0	0.0000
324	324	65.551297	2	69.549718	63.000000	2	0.387362	6	5	1	2	0	0.0000
325	325	65.551297	2	68.446754	63.000000	2	0.264159	2	8	1	2	0	0.0000
326	326	65.551297	1	59.169108	63.000000	1	0.249854	6	4	1	1	0	0.0000
327	327	65.551297	2	67.137543	63.000000	1	0.228163	3	5	1	2	0	0.0000
328	328	65.551297	1	62.914209	63.000000	1	0.255135	8	5	1	1	0	0.0000
329	329	65.551297	2	68.423524	63.000000	2	0.249602	6	7	1	1	0	0.0000
330	330	65.551297	2	67.230642	63.000000	1	0.003562	5	7	1	2	0	0.0000
331	331	65.551297	1	60.234349	63.000000	2	0.304355	6	5	2	1	0	0.0000
332	332	65.551297	1	61.264303	63.000000	1	0.440512	3	5	2	2	0	0.0000
333	333	65.551297	2	67.178217	63.000000	1	0.131460	5	4	1	2	0	0.0000
334	334	65.551297	1	60.412081	63.000000	2	0.306361	3	6	1	2	0	0.0000
335	335	65.551297	1	63.553396	63.000000	2	0.236149	7	4	1	2	0	0.0000
336	336	65.551297	1	56.625763	63.000000	1	0.261821	3	5	1	1	0	0.0000
337	337	65.551297	2	67.385763	63.000000	1	0.255327	6	2	1	2	0	0.0000
338	338	65.551297	2	69.769388	63.000000	2	0.259544	5	3	1	1	0	0.0000
339	339	65.551297	1	63.675655	63.000000	2	0.285986	5	4	1	1	0	0.0000
340	340	65.551297	1	56.757712	63.000000	1	0.876897	6	7	1	1	0	0.0000
341	341	65.551297	1	62.216574	63.000000	1	0.015684	2	6	1	1	0	0.0000
342	342	65.551297	2	69.815778	63.000000	1	0.082486	2	7	2	2	0	0.0000
343	343	65.551297	1	58.265761	63.000000	2	0.084607	6	2	1	2	0	0.0000
344	344	65.551297	1	56.518224	63.000000	2	0.003641	3	2	1	2	0	0.0000
345	345	65.551297	2	68.249681	63.000000	2	0.005797	2	3	1	2	0	0.0000
346	346	65.551297	1	57.968185	63.000000	2	0.008256	5	2	1	2	0	0.0000
347	347	65.551297	2	69.301127	63.000000	2	0.010658	6	7	1	1	0	0.0000
348	348	65.551297	1	63.160211	63.000000	1	0.204833	6	5	2	1	0	0.0000
349	349	65.551297	2	69.496426	63.000000	2	0.217144	4	2	1	2	0	0.0000
350	350	65.551297	2	69.606276	63.000000	1	0.220807	2	4	1	1	0	0.0000
351	351	65.551297	1	62.779719	63.000000	1	0.062433	5	2	1	2	0	0.0000
352	352	65.551297	1	64.068853	63.000000	1	0.220013	7	3	2	1	0	0.0000
353	353	65.551297	1	60.442725	63.000000	2	0.239661	2	5	1	2	0	0.0000
354	354	65.551297	1	61.731948	63.000000	1	0.256957	3	6	1	1	0	0.0000
355	355	65.551297	1	57.782679	63.000000	1	3.371263	5	8	1	1	0	0.0000
356	356	65.551297	1	57.253650	63.000000	1	1.750543	6	4	2	1	0	0.0000
357	357	65.551297	1	56.600334	63.000000	1	0.925366	2	3	1	1	0	0.0000
358	358	65.551297	2	68.536799	63.000000	1	0.282801	3	7	1	2	0	0.0000
359	359	65.551297	2	67.310387	63.000000	2	1.219743	2	5	1	1	0	0.0000
360	360	65.551297	1	61.008362	63.000000	2	0.302759	5	4	2	1	0	0.0000
361	361	65.551297	2	68.800672	63.000000	1	0.036141	3	5	1	2	0	0.0000
362	362	65.551297	1	61.381826	63.000000	2	0.258152	2	8	2	2	0	0.0000
363	363	65.551297	1	61.024437	63.000000	2	0.292486	8	6	1	2	0	0.0000
364	364	65.551297	2	69.619205	63.000000	1	0.284667	3	2	1	1	0	0.0000
365	365	65.551297	2	68.159118	63.000000	1	0.333675	5	4	1	2	0	0.0000
366	366	65.551297	2	68.081101	63.000000	2	0.268460	4	2	1	2	0	0.0000
367	367	65.551297	2	68.074377	63.000000	2	0.526146	8	7	1	1	0	0.0000
368	368	65.551297	1	63.077632	63.000000	2	0.556978	7	2	1	1	0	0.0000
369	369	65.551297	2	67.703112	63.000000	1	1.387109	7	8	1	2	0	0.0000
370	370	65.551297	2	68.725239	63.000000	2	0.375146	7	5	1	2	0	0.0000
371	371	65.551297	2	68.131865	63.000000	2	0.323950	3	6	1	2	0	0.0000
372	372	65.551297	1	56.587358	63.000000	2	0.291629	7	2	1	1	0	0.0000
373	373	65.551297	2	69.982078	63.000000	1	0.318437	3	2	1	2	0	0.0000
374	374	65.551297	2	69.190257	63.000000	1	0.181918	4	2	1	1	0	0.0000
375	375	65.551297	2	68.654036	63.000000	1	0.634323	5	2	1	2	0	0.0000
376	376	65.551297	1	62.742402	63.000000	2	0.275887	4	2	1	1	0	0.0000
377	377	65.551297	1	57.464160	63.000000	2	0.236812	8	6	2	1	0	0.0000
378	378	65.551297	2	69.437369	63.000000	1	0.423889	6	8	1	1	0	0.0000
379	379	65.551297	2	67.157228	63.000000	2	0.299365	5	8	1	1	0	0.0000
380	380	65.551297	1	62.342802	63.000000	2	0.307780	3	8	1	2	0	0.0000
381	381	65.551297	1	63.535154	63.000000	2	0.115852	4	3	1	2	0	0.0000
382	382	65.551297	2	69.295218	63.000000	1	0.211768	3	5	1	2	0	0.0000
383	383	65.551297	1	63.584759	63.000000	1	0.271510	5	2	1	2	0	0.0000
384	384	65.551297	2	68.437609	63.000000	1	0.256957	3	4	1	2	0	0.0000
385	385	65.551297	1	62.408626	63.000000	2	0.307273	4	8	1	2	0	0.0000
386	386	65.551297	1	63.881121	63.000000	1	0.603475	5	7	1	1	0	0.0000
387	387	65.551297	2	67.125352	63.000000	1	0.271523	2	7	1	2	0	0.0000
388	388	65.551297	1	63.182059	63.000000	2	0.361312	6	7	1	2	0	0.0000
389	389	65.551297	1	62.774028	63.000000	2	0.502897	7	2	2	1	0	0.0000
390	390	65.551297	1	60.516564	63.000000	1	0.416077	4	3	1	1	0	0.0000
391	391	65.551297	2	69.005763	63.000000	1	0.300212	3	4	1	2	0	0.0000
392	392	65.551297	2	69.925042	63.000000	2	0.148367	5	3	1	2	0	0.0000
393	393	65.551297	1	58.386017	63.000000	1	0.545155	3	8	1	2	0	0.0000
394	394	65.551297	2	68.720616	63.000000	2	0.752137	4	3	1	1	0	0.0000
395	395	65.551297	2	68.696410	63.000000	1	0.036897	4	2	2	1	0	0.0000
396	396	65.551297	1	56.041103	63.000000	2	0.328124	3	2	1	2	0	0.0000
397	397	65.551297	2	69.939233	63.000000	1	0.279068	5	3	1	1	0	0.0000
398	398	65.551297	1	62.125560	63.000000	2	0.280033	3	2	1	1	0	0.0000
399	399	65.551297	2	68.957470	63.000000	1	0.349137	2	4	1	1	0	0.0000
400	400	65.551297	2	69.237464	63.000000	1	0.082333	4	2	1	2	0	0.0000
401	401	65.551297	2	69.337487	63.000000	1	0.082499	8	2	1	2	0	0.0000
402	402	65.551297	1	56.875044	63.000000	1	0.082433	2	4	1	2	0	0.0000
403	403	65.551297	2	67.690143	63.000000	1	0.082553	8	6	1	1	0	0.0000
404	404	65.551297	1	57.840929	63.000000	1	0.082566	2	3	1	2	0	0.0000
405	405	65.551297	1	56.335584	63.000000	1	0.082354	2	4	1	1	0	0.0000
406	406	65.551297	2	68.366753	63.000000	1	0.082480	7	5	1	1	0	0.0000
407	407	65.551297	1	57.963901	63.000000	2	0.431107	5	7	1	1	0	0.0000
408	408	65.551297	2	67.210973	63.000000	2	0.082191	3	2	1	2	0	0.0000
409	409	65.551297	2	67.259801	63.000000	2	0.066821	5	3	1	1	0	0.0000
410	410	65.551297	1	57.896833	63.000000	1	0.176897	8	3	1	2	0	0.0000
411	411	65.551297	1	60.139461	63.000000	1	0.081826	5	8	1	2	0	0.0000
412	412	65.551297	1	63.164010	63.000000	1	0.330844	2	3	1	2	0	0.0000
413	413	65.551297	1	56.419046	63.000000	1	0.209699	3	2	1	1	0	0.0000
414	414	65.551297	2	68.127890	63.000000	1	0.221509	3	4	1	1	0	0.0000
415	415	65.551297	2	68.795978	63.000000	1	0.136971	3	2	1	1	0	0.0000
416	416	65.551297	1	58.031502	63.000000	2	0.216338	2	3	2	2	0	0.0000
417	417	65.551297	1	56.549454	63.000000	1	0.203892	2	4	1	1	0	0.0000
418	418	65.551297	2	67.325059	63.000000	1	0.264283	3	5	2	2	0	0.0000
419	419	65.551297	2	69.655418	63.000000	2	2.281870	3	4	2	2	0	0.0000
420	420	65.551297	1	59.921395	63.000000	2	0.353342	4	8	2	2	0	0.0000
421	421	65.551297	1	64.060068	63.000000	1	0.303556	5	7	2	2	0	0.0000
422	422	65.551297	2	69.435822	63.000000	1	0.239790	2	4	1	1	0	0.0000
423	423	65.551297	2	68.411660	63.000000	2	0.322812	7	2	1	2	0	0.0000
424	424	65.551297	1	63.325275	63.000000	2	0.314308	4	7	2	2	0	0.0000
425	425	65.551297	2	68.137272	63.000000	1	0.537907	3	2	1	2	0	0.0000
426	426	65.551297	2	68.636254	63.000000	2	0.360580	3	2	1	1	0	0.0000
427	427	65.551297	2	68.072852	63.000000	1	0.254292	7	2	1	2	0	0.0000
428	428	65.551297	1	57.624359	63.000000	2	0.152558	5	4	1	2	0	0.0000
429	429	65.551297	2	69.233376	63.000000	2	0.286890	6	2	1	1	0	0.0000
430	430	65.551297	1	63.670135	63.000000	1	0.329717	2	4	1	1	0	0.0000
431	431	65.551297	2	67.927053	63.000000	1	0.200713	4	6	1	2	0	0.0000
432	432	65.551297	1	57.182427	63.000000	2	0.211064	2	8	1	2	0	0.0000
433	433	65.551297	2	67.952844	63.000000	2	0.094846	2	5	1	1	0	0.0000
434	434	65.551297	1	56.696268	63.000000	1	0.239243	6	5	1	1	0	0.0000
435	435	65.551297	2	67.450002	63.000000	1	0.274382	3	2	1	1	0	0.0000
436	436	65.551297	2	68.225231	63.000000	2	0.573488	3	2	1	2	0	0.0000
437	437	65.551297	2	67.966033	63.000000	2	0.609422	6	3	1	1	0	0.0000
438	438	65.551297	2	68.335322	63.000000	2	0.228822	4	6	1	1	0	0.0000
439	439	65.551297	1	59.151333	63.000000	2	0.327612	5	2	1	1	0	0.0000
440	440	65.551297	2	68.932990	63.000000	2	0.142592	3	4	1	2	0	0.0000
441	441	65.551297	1	60.298050	63.000000	1	0.269083	4	3	1	2	0	0.0000
442	442	65.551297	2	69.575459	63.000000	2	0.358525	2	3	1	2	0	0.0000
443	443	65.551297	2	67.121010	63.000000	1	0.715367	6	7	1	1	0	0.0000
444	444	65.551297	1	58.341428	63.000000	2	0.676073	4	2	1	1	0	0.0000
445	445	65.551297	1	60.911194	63.000000	2	0.196702	3	4	1	2	0	0.0000
446	446	65.551297	2	68.134013	63.000000	2	0.402239	4	3	2	1	0	0.0000
447	447	65.551297	1	63.069377	63.000000	2	0.277393	6	7	1	2	0	0.0000
448	448	65.551297	1	58.816262	63.000000	2	0.414199	4	2	1	2	0	0.0000
449	449	65.551297	1	58.555898	63.000000	1	0.209739	5	3	1	2	0	0.0000
450	450	65.551297	2	69.647405	63.000000	1	0.781440	2	3	1	2	0	0.0000
451	451	65.551297	2	67.112469	63.000000	1	0.201986	5	4	1	2	0	0.0000
452	452	65.551297	1	58.894556	63.000000	1	0.494437	5	4	1	2	0	0.0000
453	453	65.551297	1	63.490995	63.000000	2	0.294421	6	2	1	1	0	0.0000
454	454	65.551297	1	57.295796	63.000000	2	0.446784	8	5	2	1	0	0.0000
455	455	65.551297	2	67.254515	63.000000	2	0.416880	6	2	1	1	0	0.0000
456	456	65.551297	2	67.444030	63.000000	2	0.524409	7	4	1	2	0	0.0000
457	457	65.551297	2	69.990704	63.000000	2	2.195900	2	3	1	1	0	0.0000
458	458	65.551297	1	60.894346	63.000000	2	0.302814	6	7	1	1	0	0.0000
459	459	65.551297	2	68.176678	63.000000	1	0.695174	4	6	1	1	0	0.0000
460	460	65.551297	1	61.326045	63.000000	1	0.470974	5	8	1	2	0	0.0000
461	461	65.551297	2	67.843031	63.000000	1	1.864475	4	2	1	1	0	0.0000
462	462	65.551297	1	60.142988	63.000000	2	0.976820	5	8	1	2	0	0.0000
463	463	65.551297	1	61.388089	63.000000	2	0.245278	2	5	1	2	0	0.0000
464	464	65.551297	2	66.991023	63.000000	2	0.279563	2	5	1	2	0	0.0000
465	465	65.551297	1	63.787551	63.000000	2	0.272523	2	3	1	1	0	0.0000
466	466	65.551297	1	63.804100	63.000000	1	0.778143	2	7	1	2	0	0.0000
467	467	65.551297	2	67.870249	63.000000	1	0.254902	4	7	1	1	0	0.0000
468	468	65.551297	2	68.679143	63.000000	3	0.273135	8	4	1	1	0	0.0000
469	469	65.551297	2	68.296994	63.000000	2	0.414319	4	3	1	1	0	0.0000
470	470	65.551297	2	67.953489	63.000000	2	1.057983	8	5	1	2	0	0.0000
471	471	65.551297	1	60.314610	63.000000	2	0.443506	3	4	2	2	0	0.0000
472	472	65.551297	2	69.682697	63.000000	2	0.534153	7	4	1	1	0	0.0000
473	473	65.551297	2	68.362312	63.000000	2	1.092417	8	7	1	1	0	0.0000
474	474	65.551297	1	60.526256	63.000000	2	0.324981	3	2	1	2	0	0.0000
475	475	65.551297	2	69.351503	63.000000	1	0.244361	6	2	1	2	0	0.0000
476	476	65.551297	2	69.714467	63.000000	1	0.262844	3	2	1	1	0	0.0000
477	477	65.551297	2	67.314138	63.000000	1	0.528592	4	5	1	1	0	0.0000
478	478	65.551297	1	58.909083	63.000000	1	0.615154	3	4	1	1	0	0.0000
479	479	65.551297	1	62.090679	63.000000	1	0.122532	6	3	1	1	0	0.0000
480	480	65.551297	2	67.478360	63.000000	1	0.762304	5	6	1	1	0	0.0000
481	481	65.551297	1	59.319854	63.000000	2	0.383648	6	8	1	2	0	0.0000
482	482	65.551297	1	62.977233	63.000000	2	0.604409	5	7	1	2	0	0.0000
483	483	65.551297	2	68.846623	63.000000	2	0.656633	8	5	1	1	0	0.0000
484	484	65.551297	1	59.059312	63.000000	2	0.474630	4	5	1	2	0	0.0000
485	485	65.551297	1	59.078940	63.000000	1	0.283786	6	2	1	1	0	0.0000
486	486	65.551297	1	56.872760	63.000000	1	0.276870	4	8	2	2	0	0.0000
487	487	65.551297	2	69.786246	63.000000	1	0.317863	2	3	2	2	0	0.0000
488	488	65.551297	1	60.181008	63.000000	2	0.285542	8	7	1	2	0	0.0000
489	489	65.551297	2	69.009158	63.000000	1	0.368209	7	2	1	1	0	0.0000
490	490	65.551297	1	57.420288	63.000000	1	0.253734	2	5	1	2	0	0.0000
491	491	65.551297	1	60.328857	63.000000	1	0.422229	6	2	1	2	0	0.0000
492	492	65.551297	1	56.724649	63.000000	1	0.259707	5	6	1	1	0	0.0000
493	493	65.551297	2	69.512939	63.000000	1	0.516121	4	3	1	2	0	0.0000
494	494	65.551297	1	62.994588	63.000000	1	0.413203	6	3	1	1	0	0.0000
495	495	65.551297	1	58.015926	63.000000	2	0.272983	2	3	1	1	0	0.0000
496	496	65.551297	2	68.880906	63.000000	1	0.008673	3	2	1	2	0	0.0000
497	497	65.551297	1	57.940594	63.000000	2	0.908594	7	2	1	1	0	0.0000
498	498	65.551297	2	69.034962	63.000000	1	0.300352	3	2	1	1	0	0.0000
499	499	65.551297	2	69.428834	63.000000	2	0.124611	7	4	1	2	0	0.0000
500	500	65.551297	2	68.761845	63.000000	1	0.340264	5	4	1	2	0	0.0000
501	501	65.551297	2	69.262179	63.000000	2	0.083230	7	2	1	2	0	0.0000
502	502	65.551297	1	58.978165	63.000000	2	0.292352	2	3	1	1	0	0.0000
503	503	65.551297	2	67.163206	63.000000	2	0.324820	4	3	1	2	0	0.0000
504	504	65.551297	2	69.758316	63.000000	1	0.332370	2	3	2	2	0	0.0000
505	505	65.551297	2	67.163165	63.000000	2	0.357010	3	2	2	1	0	0.0000
506	506	65.551297	2	67.151947	63.000000	2	0.297418	2	3	2	2	0	0.0000
507	507	65.551297	1	56.234138	63.000000	2	0.777725	7	5	2	1	0	0.0000
508	508	65.551297	1	61.517385	63.000000	1	0.438239	5	6	1	1	0	0.0000
509	509	65.551297	1	64.048745	63.000000	1	0.393060	6	8	1	2	0	0.0000
510	510	65.551297	1	60.085110	63.000000	1	0.327080	5	7	1	2	0	0.0000
511	511	65.551297	1	59.554158	63.000000	1	0.460858	3	5	1	2	0	0.0000
512	512	65.551297	2	69.906286	63.000000	1	0.502129	7	3	1	2	0	0.0000
