1	1	64.829888	2	66.594617	63.000000	1	2.554731	5	2	1	1	0	0.0000
2	2	64.829888	1	62.343123	63.000000	2	1.978182	4	5	1	1	0	0.0000
3	3	64.829888	1	62.845851	63.000000	2	2.903974	5	7	1	1	0	0.0000
4	4	64.829888	2	67.248365	63.000000	1	0.742433	7	3	1	1	0	0.0000
5	5	64.829888	1	59.053387	63.000000	1	1.076359	8	2	1	1	0	0.0000
6	6	64.829888	1	56.036961	63.000000	1	1.732588	5	4	2	1	0	0.0000
7	7	64.829888	1	62.352329	63.000000	1	0.994345	3	6	1	2	0	0.0000
8	8	64.829888	1	61.146271	63.000000	1	0.766199	3	5	1	1	0	0.0000
9	9	64.829888	1	58.216328	63.000000	1	1.619558	2	5	1	1	0	0.0000
10	10	64.829888	2	69.852658	63.000000	1	0.878092	2	4	1	2	0	0.0000
11	11	64.829888	2	67.364306	63.000000	2	0.702481	7	2	1	1	0	0.0000
12	12	64.829888	1	59.428552	63.000000	2	1.446599	7	6	1	1	0	0.0000
13	13	64.829888	2	66.358460	63.000000	1	1.247915	5	7	1	1	0	0.0000
14	14	64.829888	1	60.859647	63.000000	1	3.611138	2	3	1	1	0	0.0000
15	15	64.829888	1	59.637472	63.000000	2	0.971191	2	3	1	1	0	0.0000
16	16	64.829888	2	67.692614	63.000000	1	0.608353	5	6	1	1	0	0.0000
17	17	64.829888	1	61.298183	63.000000	2	1.260433	2	3	1	1	0	0.0000
18	18	64.829888	2	67.539482	63.000000	1	0.598476	3	2	2	1	0	0.0000
19	19	64.829888	2	68.895795	63.000000	2	2.593361	3	4	1	2	0	0.0000
20	20	64.829888	1	62.565546	63.000000	2	1.892497	6	2	1	2	0	0.0000
21	21	64.829888	2	67.682555	63.000000	2	1.052232	8	4	2	1	0	0.0000
22	22	64.829888	1	63.368480	63.000000	1	1.037949	2	3	2	2	0	0.0000
23	23	64.829888	2	67.889231	63.000000	2	0.528361	2	3	1	2	0	0.0000
24	24	64.829888	2	68.144425	63.000000	2	0.527130	5	6	1	1	0	0.0000
25	25	64.829888	1	63.245045	63.000000	1	0.437785	3	8	1	2	0	0.0000
26	26	64.829888	1	61.721797	63.000000	1	0.624797	8	2	1	2	0	0.0000
27	27	64.829888	1	63.424425	63.000000	2	0.771947	4	3	1	1	0	0.0000
28	28	64.829888	1	60.441179	63.000000	2	1.273350	2	5	1	1	0	0.0000
29	29	64.829888	1	60.868224	63.000000	1	0.723168	6	5	1	2	0	0.0000
30	30	64.829888	2	67.281470	63.000000	2	0.825452	7	8	1	1	0	0.0000
31	31	64.829888	2	67.734106	63.000000	2	0.772685	8	7	1	1	0	0.0000
32	32	64.829888	2	67.623745	63.000000	1	0.817961	7	2	1	1	0	0.0000
33	33	64.829888	1	57.803692	63.000000	1	0.365160	7	2	1	1	0	0.0000
34	34	64.829888	1	58.293561	63.000000	1	0.674666	2	3	1	2	0	0.0000
35	35	64.829888	2	69.896640	63.000000	2	0.700055	2	3	1	2	0	0.0000
36	36	64.829888	1	59.239015	63.000000	1	0.395899	8	4	1	1	0	0.0000
37	37	64.829888	1	61.833468	63.000000	2	0.464185	2	4	1	2	0	0.0000
38	38	64.829888	2	68.825481	63.000000	1	0.217636	6	3	1	2	0	0.0000
39	39	64.829888	1	56.320436	63.000000	2	0.693289	7	2	1	2	0	0.0000
40	40	64.829888	1	63.270516	63.000000	2	0.693305	7	8	1	1	0	0.0000
41	41	64.829888	1	57.103065	63.000000	1	0.693182	3	2	1	2	0	0.0000
42	42	64.829888	1	60.770726	63.000000	2	0.629241	4	3	1	1	0	0.0000
43	43	64.829888	1	57.329475	63.000000	2	0.311870	3	6	1	1	0	0.0000
44	44	64.829888	1	60.536879	63.000000	2	0.647463	7	3	1	1	0	0.0000
45	45	64.829888	1	62.499150	63.000000	2	0.562731	2	8	1	1	0	0.0000
46	46	64.829888	2	68.206613	63.000000	2	0.406987	3	7	1	1	0	0.0000
47	47	64.829888	1	60.128145	63.000000	1	1.171079	2	3	1	1	0	0.0000
48	48	64.829888	2	67.657821	63.000000	2	1.191931	5	3	1	1	0	0.0000
49	49	64.829888	2	66.372772	63.000000	2	0.612179	2	5	1	1	0	0.0000
50	50	64.829888	1	59.414106	63.000000	1	1.511783	4	5	1	2	0	0.0000
51	51	64.829888	2	69.137547	63.000000	2	0.678420	4	6	1	2	0	0.0000
52	52	64.829888	2	66.270064	63.000000	2	0.383138	2	3	1	2	0	0.0000
53	53	64.829888	1	56.990431	63.000000	2	0.747918	6	4	1	2	0	0.0000
54	54	64.829888	2	68.184750	63.000000	1	1.817841	3	7	2	2	0	0.0000
55	55	64.829888	2	67.728473	63.000000	2	0.476213	8	2	1	1	0	0.0000
56	56	64.829888	1	62.311399	63.000000	1	1.136052	5	7	1	2	0	0.0000
57	57	64.829888	1	58.668369	63.000000	2	0.835308	6	2	1	2	0	0.0000
58	58	64.829888	2	67.198771	63.000000	2	0.589927	4	3	1	2	0	0.0000
59	59	64.829888	2	66.926815	63.000000	2	0.370596	6	8	1	2	0	0.0000
60	60	64.829888	1	57.837635	63.000000	2	0.264228	5	3	1	1	0	0.0000
61	61	64.829888	1	62.956340	63.000000	2	0.385852	5	8	1	2	0	0.0000
62	62	64.829888	2	68.260777	63.000000	2	0.550736	5	6	1	2	0	0.0000
63	63	64.829888	1	60.135799	63.000000	1	0.436748	3	5	2	2	0	0.0000
64	64	64.829888	1	59.642553	63.000000	1	0.855659	8	5	1	2	0	0.0000
65	65	64.829888	1	62.980834	63.000000	2	0.281508	3	5	1	1	0	0.0000
66	66	64.829888	2	67.635187	63.000000	2	0.674271	6	2	1	2	0	0.0000
67	67	64.829888	1	63.133704	63.000000	1	0.267708	3	6	1	1	0	0.0000
68	68	64.829888	1	59.754584	63.000000	2	0.501618	2	4	1	2	0	0.0000
69	69	64.829888	2	67.102486	63.000000	2	0.573438	6	5	1	1	0	0.0000
70	70	64.829888	1	59.567675	63.000000	2	0.338937	3	4	1	1	0	0.0000
71	71	64.829888	1	61.940476	63.000000	1	0.195336	5	7	1	1	0	0.0000
72	72	64.829888	1	58.961897	63.000000	1	0.622061	3	4	1	2	0	0.0000
73	73	64.829888	1	61.865837	63.000000	1	0.521621	4	5	1	2	0	0.0000
74	74	64.829888	1	61.499782	63.000000	2	0.584827	7	4	1	2	0	0.0000
75	75	64.829888	2	67.591168	63.000000	1	0.613721	7	2	1	2	0	0.0000
76	76	64.829888	2	69.690235	63.000000	2	0.409023	2	5	2	2	0	0.0000
77	77	64.829888	1	60.029596	63.000000	2	0.540404	5	4	1	2	0	0.0000
78	78	64.829888	1	60.334856	63.000000	2	0.587411	4	3	1	1	0	0.0000
79	79	64.829888	1	56.451845	63.000000	2	0.295974	6	8	1	2	0	0.0000
80	80	64.829888	2	67.052013	63.000000	2	0.312375	5	6	1	1	0	0.0000
81	81	64.829888	1	62.089877	63.000000	1	0.519910	2	4	1	2	0	0.0000
82	82	64.829888	2	67.046743	63.000000	2	0.303137	7	5	1	2	0	0.0000
83	83	64.829888	2	69.609076	63.000000	2	0.543680	2	7	1	1	0	0.0000
84	84	64.829888	2	66.625532	63.000000	2	0.430880	3	2	2	1	0	0.0000
85	85	64.829888	2	66.909268	63.000000	2	0.360472	3	8	1	2	0	0.0000
86	86	64.829888	2	66.904840	63.000000	2	0.406150	3	4	1	1	0	0.0000
87	87	64.829888	1	57.412865	63.000000	1	0.514305	3	2	1	1	0	0.0000
88	88	64.829888	1	62.278289	63.000000	1	0.633775	6	8	1	2	0	0.0000
89	89	64.829888	2	68.913712	63.000000	2	0.542128	4	6	1	2	0	0.0000
90	90	64.829888	1	56.068645	63.000000	1	0.460938	2	3	2	2	0	0.0000
91	91	64.829888	1	57.852080	63.000000	2	0.316683	3	2	1	1	0	0.0000
92	92	64.829888	2	68.475202	63.000000	2	0.492260	5	4	1	2	0	0.0000
93	1	79.133531	2	81.048096	77.000000	2	1.374997	2	4	1	2	3	1.8025
94	2	79.133531	2	80.821286	77.000000	1	1.422342	4	2	1	2	3	1.6529
95	3	79.133531	2	82.534579	77.000000	2	2.337982	2	8	1	2	3	3.8832
96	4	79.133531	1	72.005969	77.000000	1	2.213038	5	3	1	2	1	1.0670
97	5	79.133531	1	76.998788	77.000000	1	1.286896	4	3	1	1	1	1.6679
98	6	79.133531	1	75.996882	77.000000	2	1.472025	2	4	1	1	3	1.5406
99	7	79.133531	2	81.279036	77.000000	2	1.774420	2	5	1	1	1	1.0707
100	8	79.133531	1	77.604673	77.000000	1	1.107480	5	4	1	2	2	1.2232
101	9	79.133531	1	76.226536	77.000000	1	1.093552	3	4	2	2	2	1.4012
102	10	79.133531	1	74.723010	77.000000	1	1.208198	4	8	1	1	1	0.9037
103	11	79.133531	1	71.744222	77.000000	1	1.699211	6	5	1	1	1	0.8784
104	12	79.133531	1	72.528684	77.000000	2	1.130476	3	7	1	2	2	0.8366
105	13	79.133531	2	81.686429	77.000000	2	1.010790	5	4	1	2	2	1.2898
106	14	79.133531	2	83.690524	77.000000	2	1.557636	3	2	1	2	1	2.6388
107	15	79.133531	2	82.291384	77.000000	2	1.149426	3	4	2	2	2	0.9493
108	16	79.133531	1	71.331359	77.000000	1	1.022480	6	7	1	2	1	1.7018
109	17	79.133531	1	76.817827	77.000000	1	1.864460	2	7	1	2	2	0.5087
110	18	79.133531	2	82.766123	77.000000	2	0.992632	3	5	1	1	1	0.7122
111	19	79.133531	1	77.365604	77.000000	1	1.011207	3	4	1	1	2	0.8180
112	20	79.133531	2	82.404385	77.000000	2	0.801022	8	5	1	1	1	0.4968
113	1	48.148552	2	54.476671	49.000000	2	0.908274	2	6	1	1	0	0.0000
114	2	48.148552	2	50.696414	49.000000	2	1.098497	5	3	1	1	0	0.0000
115	3	48.148552	1	46.475940	49.000000	2	0.560535	7	5	1	1	0	0.0000
116	4	48.148552	1	44.113389	49.000000	1	1.247606	4	7	1	2	0	0.0000
117	5	48.148552	2	52.955178	49.000000	1	1.249045	5	4	1	2	0	0.0000
118	6	48.148552	1	42.529217	49.000000	1	0.514520	4	7	1	2	0	0.0000
119	7	48.148552	2	54.394420	49.000000	1	0.426112	2	3	1	2	0	0.0000
120	8	48.148552	1	46.309674	49.000000	1	0.388852	3	2	1	1	0	0.0000
121	9	48.148552	1	43.363384	49.000000	1	0.377830	7	3	1	2	0	0.0000
122	10	48.148552	1	46.356759	49.000000	1	0.534636	2	8	1	2	0	0.0000
123	11	48.148552	2	51.225485	49.000000	2	1.021308	5	4	2	1	0	0.0000
124	12	48.148552	2	54.432209	49.000000	2	0.392515	8	6	1	1	0	0.0000
125	13	48.148552	1	45.275801	49.000000	1	0.940724	7	8	1	1	0	0.0000
126	14	48.148552	2	55.982584	49.000000	2	0.436798	5	7	1	1	0	0.0000
127	15	48.148552	1	44.008733	49.000000	1	0.357929	3	2	1	1	0	0.0000
128	16	48.148552	2	53.542073	49.000000	2	0.413837	6	3	1	1	0	0.0000
129	17	48.148552	1	44.788464	49.000000	2	0.329553	3	4	1	2	0	0.0000
130	18	48.148552	1	42.034512	49.000000	1	0.558715	2	3	1	2	0	0.0000
131	19	48.148552	2	54.142906	49.000000	2	0.444791	5	6	1	2	0	0.0000
132	1	90.584196	2	92.790452	91.000000	2	1.109805	2	4	2	2	2	0.9206
133	2	90.584196	2	94.376415	91.000000	2	0.947562	7	2	1	1	1	0.2692
134	3	90.584196	2	93.870794	91.000000	2	1.090535	5	4	1	1	1	0.6706
135	4	90.584196	1	87.066844	91.000000	1	1.027697	3	5	1	1	1	0.9299
136	5	90.584196	2	92.779321	91.000000	2	1.188167	7	3	1	2	2	0.8202
137	6	90.584196	1	87.899696	91.000000	1	0.715195	4	5	1	2	2	0.7521
138	7	90.584196	1	87.318701	91.000000	2	0.607901	4	5	1	2	2	1.0720
139	8	90.584196	1	88.539768	91.000000	2	0.668422	2	4	1	2	2	1.8977
140	9	90.584196	2	94.120791	91.000000	1	0.948516	3	4	1	1	1	2.2632
141	10	90.584196	1	84.184561	91.000000	1	1.081869	4	3	1	1	1	0.7902
142	11	90.584196	2	96.213479	91.000000	2	0.662345	2	7	1	2	2	0.3956
143	12	90.584196	2	94.247376	91.000000	1	0.691489	4	2	1	1	1	0.7439
144	13	90.584196	2	96.726583	91.000000	2	0.777559	8	2	1	2	2	0.5700
145	14	90.584196	2	93.386937	91.000000	2	0.827088	4	5	1	2	2	2.0015
146	15	90.584196	2	93.069068	91.000000	2	0.648266	7	4	1	2	2	0.5020
147	16	90.584196	1	86.419945	91.000000	2	0.937815	6	2	1	1	1	1.4922
148	17	90.584196	2	93.151589	91.000000	2	1.575974	4	3	1	1	1	0.7445
149	18	90.584196	2	94.839932	91.000000	1	0.962030	4	6	1	1	1	0.9152
150	19	90.584196	1	86.909334	91.000000	2	0.549755	8	5	1	1	1	0.6556
151	20	90.584196	1	85.485684	91.000000	2	0.749570	2	3	1	1	1	0.9594
152	21	90.584196	2	93.220086	91.000000	2	0.736686	6	3	1	2	1	1.7553
153	22	90.584196	2	94.379662	91.000000	1	1.484059	5	2	2	1	1	0.8482
154	23	90.584196	1	85.028678	91.000000	1	1.005591	2	4	2	2	2	1.3011
155	24	90.584196	2	92.359374	91.000000	2	0.840147	3	2	1	2	2	0.9988
156	25	90.584196	2	95.064555	91.000000	2	0.942134	6	7	1	2	2	0.5845
157	26	90.584196	1	85.713454	91.000000	1	2.323246	2	3	1	2	1	0.3950
158	27	90.584196	2	93.785358	91.000000	2	1.555981	3	4	1	1	1	0.4999
159	28	90.584196	1	84.258050	91.000000	1	1.095796	8	4	1	2	2	0.7153
160	29	90.584196	2	96.087065	91.000000	1	1.230175	8	5	2	1	1	1.5005
161	30	90.584196	1	85.391713	91.000000	1	0.759499	3	4	1	1	1	2.1606
162	31	90.584196	2	95.989779	91.000000	2	0.816889	7	6	2	1	1	0.8403
163	32	90.584196	2	97.192015	91.000000	2	0.558385	6	5	1	1	1	0.4815
164	33	90.584196	1	87.458591	91.000000	1	0.868756	2	4	1	2	2	0.7058
165	34	90.584196	1	86.491538	91.000000	1	0.765539	2	4	1	2	2	0.6466
166	35	90.584196	1	88.435434	91.000000	1	1.404247	3	6	1	2	2	0.7475
167	36	90.584196	1	87.000158	91.000000	1	0.781176	2	3	1	1	1	0.3336
168	1	36.536462	2	38.844488	35.000000	1	1.305761	4	2	2	1	0	0.0000
169	2	36.536462	1	29.736974	35.000000	2	1.249347	8	4	1	1	0	0.0000
170	3	36.536462	1	32.866355	35.000000	2	1.106775	4	5	1	1	0	0.0000
171	4	36.536462	1	34.614503	35.000000	2	0.906428	5	7	1	1	0	0.0000
172	5	36.536462	2	41.007266	35.000000	1	0.538313	2	5	1	1	0	0.0000
173	6	36.536462	1	29.416106	35.000000	1	0.696904	2	8	1	1	0	0.0000
174	7	36.536462	2	41.038265	35.000000	1	0.417051	2	5	2	2	0	0.0000
175	8	36.536462	1	33.893369	35.000000	1	0.420517	3	4	1	1	0	0.0000
176	9	36.536462	1	31.306147	35.000000	1	0.624047	5	4	1	2	0	0.0000
177	10	36.536462	2	39.643251	35.000000	2	0.331497	8	7	1	2	0	0.0000
178	11	36.536462	1	34.098070	35.000000	1	0.330320	2	3	1	1	0	0.0000
179	12	36.536462	1	30.805662	35.000000	2	0.338927	4	6	1	2	0	0.0000
180	13	36.536462	1	32.838204	35.000000	2	0.465942	2	4	1	2	0	0.0000
181	14	36.536462	2	38.789711	35.000000	2	0.529570	3	7	1	2	0	0.0000
182	15	36.536462	1	33.772253	35.000000	1	0.416448	8	6	1	2	0	0.0000
183	16	36.536462	1	29.359084	35.000000	1	0.547875	8	2	1	1	0	0.0000
184	17	36.536462	1	34.317974	35.000000	2	1.130069	2	3	1	2	0	0.0000
185	18	36.536462	2	40.797184	35.000000	2	0.520175	2	3	1	1	0	0.0000
186	19	36.536462	2	39.615680	35.000000	2	0.881035	8	4	1	1	0	0.0000
187	20	36.536462	1	29.138415	35.000000	1	0.568243	8	3	1	1	0	0.0000
188	21	36.536462	1	33.231187	35.000000	2	0.901552	2	3	1	2	0	0.0000
189	22	36.536462	2	39.077223	35.000000	2	0.733425	4	2	1	1	0	0.0000
190	23	36.536462	1	28.478457	35.000000	2	0.388108	6	5	1	2	0	0.0000
191	24	36.536462	2	41.208673	35.000000	2	0.736916	5	4	2	1	0	0.0000
192	25	36.536462	2	41.684393	35.000000	2	1.417420	7	6	2	1	0	0.0000
193	26	36.536462	1	34.261881	35.000000	1	0.290237	6	4	1	1	0	0.0000
194	27	36.536462	1	34.523819	35.000000	2	0.339336	4	6	1	2	0	0.0000
195	28	36.536462	1	28.287413	35.000000	1	0.138229	7	5	1	2	0	0.0000
196	29	36.536462	2	38.022386	35.000000	1	0.201303	2	3	2	2	0	0.0000
197	30	36.536462	2	41.513179	35.000000	2	0.533524	4	2	2	1	0	0.0000
198	31	36.536462	1	31.226089	35.000000	1	0.476461	3	2	1	1	0	0.0000
199	32	36.536462	2	41.822486	35.000000	2	0.333013	4	3	1	2	0	0.0000
200	33	36.536462	2	41.390591	35.000000	2	0.404035	3	2	1	2	0	0.0000
201	34	36.536462	2	41.760616	35.000000	2	0.520313	5	4	1	2	0	0.0000
202	35	36.536462	2	39.498269	35.000000	2	0.417457	2	4	1	2	0	0.0000
203	36	36.536462	2	38.101911	35.000000	2	1.053006	3	6	1	1	0	0.0000
204	37	36.536462	2	38.659100	35.000000	1	2.492872	7	8	1	1	0	0.0000
205	38	36.536462	1	34.568816	35.000000	1	0.756312	5	3	1	2	0	0.0000
206	39	36.536462	1	31.887639	35.000000	1	0.946130	6	7	2	2	0	0.0000
207	40	36.536462	2	38.111677	35.000000	2	0.191887	6	7	1	1	0	0.0000
208	41	36.536462	1	30.856612	35.000000	1	0.268096	2	4	1	1	0	0.0000
209	42	36.536462	1	31.541979	35.000000	1	0.813924	3	5	1	1	0	0.0000
210	43	36.536462	1	33.105850	35.000000	1	1.041229	8	4	1	1	0	0.0000
211	1	17.995988	2	23.388165	21.000000	1	1.000975	3	2	1	2	2	1.0165
212	2	17.995988	2	26.090332	21.000000	2	1.047193	2	5	1	1	1	1.3427
213	3	17.995988	2	21.813306	21.000000	1	0.806686	3	2	1	2	1	0.3904
214	4	17.995988	2	26.877868	21.000000	2	0.678977	7	5	1	2	2	0.9474
215	5	17.995988	1	16.010275	21.000000	1	0.310655	2	5	1	2	1	0.3766
216	6	17.995988	1	15.166168	21.000000	2	0.305049	3	2	1	1	1	0.4533
217	7	17.995988	2	24.320699	21.000000	2	0.875004	4	2	1	2	2	0.4721
218	8	17.995988	2	26.037556	21.000000	1	1.029194	2	4	1	2	2	0.5634
219	9	17.995988	2	26.623767	21.000000	2	0.684424	4	2	1	1	1	0.8891
220	10	17.995988	1	15.143378	21.000000	1	0.805291	6	2	1	2	2	0.8771
221	11	17.995988	1	16.488229	21.000000	2	0.657199	2	3	1	1	1	1.0472
222	12	17.995988	2	25.950753	21.000000	2	0.596486	5	4	2	1	1	0.8445
223	13	17.995988	2	22.663814	21.000000	1	1.513879	2	6	1	1	2	1.2365
224	14	17.995988	1	14.143784	21.000000	1	0.738438	2	4	2	2	1	0.8689
225	15	17.995988	2	19.519491	21.000000	1	1.089717	5	7	1	1	1	1.5340
226	16	17.995988	2	20.691490	21.000000	2	0.759604	2	4	1	2	2	0.3447
227	17	17.995988	1	15.168398	21.000000	1	0.658674	4	2	1	1	1	0.5686
228	18	17.995988	1	16.331699	21.000000	1	0.737563	4	3	1	1	1	0.3900
229	19	17.995988	1	15.758046	21.000000	2	0.580576	4	2	1	2	2	0.4871
230	20	17.995988	1	14.817981	21.000000	1	0.577503	6	2	1	1	1	0.3463
231	21	17.995988	1	16.197684	21.000000	1	0.700101	6	5	2	1	1	1.9201
232	22	17.995988	1	15.681713	21.000000	2	1.162256	2	5	2	2	2	0.3629
233	23	17.995988	1	14.380877	21.000000	2	0.444107	6	8	1	2	2	0.6663
234	24	17.995988	2	25.388567	21.000000	2	0.551094	8	2	1	1	1	0.8732
235	25	17.995988	1	16.567258	21.000000	1	1.046076	2	6	1	2	2	0.5078
236	26	17.995988	1	14.739324	21.000000	1	1.425193	3	7	2	2	1	0.5341
237	27	17.995988	1	16.107871	21.000000	2	1.224496	6	2	2	1	1	3.4153
238	28	17.995988	2	27.975870	21.000000	2	1.460260	8	4	1	2	2	1.4008
239	29	17.995988	1	14.256920	21.000000	1	0.775920	3	4	1	1	1	0.9684
240	30	17.995988	2	24.936612	21.000000	1	1.697167	2	5	1	1	1	0.8283
241	31	17.995988	2	27.136480	21.000000	2	1.082459	7	8	1	2	2	1.4965
242	32	17.995988	2	19.836026	21.000000	1	0.865734	5	4	1	1	1	0.8708
243	33	17.995988	1	14.513714	21.000000	1	0.763571	4	5	1	1	1	1.8147
244	34	17.995988	2	23.276372	21.000000	2	0.858915	3	6	1	1	1	0.7926
245	35	17.995988	2	24.233637	21.000000	2	1.096821	3	2	1	2	1	0.7644
246	36	17.995988	2	25.066385	21.000000	2	0.893409	3	4	1	1	1	1.4172
247	37	17.995988	1	15.108084	21.000000	1	1.153198	4	3	1	1	1	0.9690
248	38	17.995988	2	21.000473	21.000000	2	2.505834	4	3	1	1	1	0.9882
249	39	17.995988	2	27.956740	21.000000	1	1.108290	5	3	2	1	1	1.0799
250	40	17.995988	1	14.597641	21.000000	1	1.267780	6	7	1	1	1	0.6405
251	41	17.995988	1	15.243047	21.000000	1	0.966954	4	2	1	1	1	1.7120
252	42	17.995988	2	26.647358	21.000000	2	0.841971	7	4	1	1	1	0.8568
253	43	17.995988	1	14.991158	21.000000	1	0.966139	4	6	1	2	2	0.9191
254	44	17.995988	2	27.887132	21.000000	2	0.865885	3	2	1	1	1	0.3429
255	45	17.995988	2	24.965201	21.000000	1	0.632924	4	3	1	1	1	0.3513
256	46	17.995988	1	15.611416	21.000000	2	0.457352	3	7	1	1	1	0.5593
257	47	17.995988	2	27.975687	21.000000	2	0.737216	8	4	1	2	2	0.6517
258	48	17.995988	2	23.150545	21.000000	1	0.833403	4	3	1	2	1	0.6075
259	49	17.995988	1	14.514317	21.000000	1	0.737175	8	7	1	1	1	0.4100
260	50	17.995988	2	23.738927	21.000000	2	0.633133	2	6	1	2	2	1.0878
261	51	17.995988	2	27.352681	21.000000	1	0.691569	7	4	1	2	2	0.8882
262	52	17.995988	1	14.866843	21.000000	1	0.628430	5	3	1	2	2	0.7551
263	53	17.995988	2	25.503876	21.000000	2	0.564540	2	3	1	2	2	0.4157
264	54	17.995988	1	14.584458	21.000000	1	0.629070	6	8	1	1	2	1.8756
265	55	17.995988	1	15.540957	21.000000	1	1.143779	3	7	1	1	1	0.5231
266	56	17.995988	2	21.794165	21.000000	2	1.004337	5	8	1	1	1	1.7560
267	57	17.995988	1	15.626194	21.000000	1	0.740767	3	5	1	2	2	0.3512
268	58	17.995988	1	15.895904	21.000000	1	0.857170	2	3	2	2	1	0.7109
269	59	17.995988	1	14.885121	21.000000	1	0.817875	8	3	1	2	2	0.8171
270	60	17.995988	1	16.546968	21.000000	1	1.351938	2	6	1	1	1	0.6973
271	61	17.995988	1	14.283396	21.000000	2	0.956723	4	5	1	2	2	0.4386
272	62	17.995988	1	14.023363	21.000000	1	0.772962	2	3	1	2	2	0.3582
273	1	4.825578	2	12.561506	7.000000	2	2.721280	5	7	2	2	0	0.0000
274	2	4.825578	1	1.806783	7.000000	2	2.358904	6	4	1	1	0	0.0000
275	3	4.825578	2	8.129373	7.000000	2	1.011656	6	4	1	1	0	0.0000
276	4	4.825578	2	12.550964	7.000000	2	0.550752	2	8	1	2	0	0.0000
277	5	4.825578	2	11.189419	7.000000	2	0.572726	2	4	2	2	0	0.0000
278	6	4.825578	1	3.002481	7.000000	1	0.490155	7	5	1	2	0	0.0000
279	7	4.825578	1	3.008876	7.000000	1	0.555094	3	2	1	1	0	0.0000
280	8	4.825578	2	7.653638	7.000000	2	0.857144	6	3	1	1	0	0.0000
281	9	4.825578	1	3.277875	7.000000	2	0.458863	2	6	1	1	0	0.0000
282	10	4.825578	1	2.134834	7.000000	1	0.868447	5	2	2	1	0	0.0000
283	11	4.825578	1	2.595949	7.000000	2	0.381598	3	4	1	2	0	0.0000
284	12	4.825578	2	9.023791	7.000000	2	0.850548	3	2	1	1	0	0.0000
285	13	4.825578	1	0.254261	7.000000	1	0.532414	5	3	1	1	0	0.0000
286	14	4.825578	1	1.286639	7.000000	1	0.419085	3	2	1	1	0	0.0000
287	15	4.825578	1	0.674659	7.000000	1	0.526574	2	3	1	2	0	0.0000
288	16	4.825578	2	7.831915	7.000000	1	0.533348	2	5	1	1	0	0.0000
289	17	4.825578	1	0.111204	7.000000	1	0.596596	5	3	1	2	0	0.0000
290	18	4.825578	1	2.396917	7.000000	1	0.601962	2	4	1	2	0	0.0000
291	19	4.825578	2	13.407189	7.000000	2	0.918167	2	4	1	1	0	0.0000
292	20	4.825578	1	1.336722	7.000000	1	0.707434	8	6	1	1	0	0.0000
293	21	4.825578	2	7.186214	7.000000	2	0.851100	4	5	1	1	0	0.0000
294	22	4.825578	2	13.656131	7.000000	2	0.669195	3	4	1	1	0	0.0000
295	23	4.825578	2	12.134899	7.000000	1	0.438539	3	5	1	2	0	0.0000
296	24	4.825578	2	6.253839	7.000000	2	0.633219	3	4	1	1	0	0.0000
297	25	4.825578	2	13.823229	7.000000	2	0.876077	3	6	1	2	0	0.0000
298	26	4.825578	2	8.652865	7.000000	2	0.468504	2	4	1	1	0	0.0000
299	27	4.825578	1	1.790678	7.000000	1	0.694019	2	3	2	2	0	0.0000
300	28	4.825578	2	11.442493	7.000000	2	0.838109	7	2	1	1	0	0.0000
301	29	4.825578	2	7.212990	7.000000	2	0.752558	7	8	2	2	0	0.0000
302	30	4.825578	2	7.225698	7.000000	2	1.302454	3	2	2	1	0	0.0000
303	1	59.860299	1	63.000000	57.301763	2	1.244825	4	3	2	1	1	0.7702
304	2	59.860299	1	63.000000	58.179662	1	0.972735	7	3	2	1	1	0.8200
305	3	59.860299	1	63.000000	57.672878	2	1.938906	5	6	2	2	2	0.7805
306	4	59.860299	2	63.000000	61.907283	1	0.908643	3	4	1	1	1	0.5605
307	5	59.860299	2	63.000000	68.473985	2	0.969507	4	2	2	1	1	1.4105
308	6	59.860299	2	63.000000	67.310713	1	0.808760	6	3	1	1	2	0.8007
309	7	59.860299	1	63.000000	57.224748	1	0.912269	6	3	1	2	1	0.9812
310	8	59.860299	2	63.000000	62.541727	1	0.867393	4	3	1	1	2	0.5216
311	9	59.860299	1	63.000000	57.664090	1	1.683523	5	4	1	1	1	1.5193
312	10	59.860299	1	63.000000	56.553570	2	1.585640	3	2	1	2	2	0.4895
313	11	59.860299	1	63.000000	56.662424	1	1.774002	3	2	2	1	1	0.6145
314	12	59.860299	1	63.000000	57.984165	1	0.885348	7	6	1	2	2	0.4658
315	13	59.860299	2	63.000000	67.145235	1	0.590988	5	7	1	2	2	0.4816
316	14	59.860299	1	63.000000	56.159667	1	0.756017	3	2	1	1	1	0.5109
317	15	59.860299	1	63.000000	57.172971	2	0.609007	5	6	1	2	2	0.3281
318	16	59.860299	1	63.000000	56.472882	2	0.610717	3	2	1	1	1	0.3461
319	17	59.860299	1	63.000000	57.448066	2	0.851863	5	6	1	1	2	1.3056
320	18	59.860299	2	63.000000	69.228471	2	1.540863	7	8	1	1	2	3.9027
321	19	59.860299	1	63.000000	58.019530	1	0.751938	6	4	1	1	1	0.8519
322	20	59.860299	2	63.000000	61.921731	2	0.775187	8	7	2	1	1	0.9364
323	21	59.860299	2	63.000000	68.245110	1	1.514562	3	5	1	1	2	0.6851
324	22	59.860299	1	63.000000	56.728486	2	0.505780	2	8	1	2	2	0.4614
325	23	59.860299	2	63.000000	65.550025	1	1.098662	4	2	1	2	1	0.7421
326	24	59.860299	2	63.000000	63.646127	1	0.968368	7	6	2	1	2	0.3533
327	25	59.860299	1	63.000000	56.615440	2	1.011201	3	2	1	1	2	0.4421
328	26	59.860299	2	63.000000	62.001247	1	0.672769	8	2	1	2	2	1.8059
329	27	59.860299	2	63.000000	69.056223	2	1.172617	4	3	1	2	1	1.5357
330	28	59.860299	2	63.000000	69.649763	2	0.911208	5	3	2	1	2	0.5063
331	29	59.860299	2	63.000000	65.593322	2	0.790009	5	3	2	1	1	1.2546
332	30	59.860299	2	63.000000	63.144137	1	0.923545	6	5	1	2	2	2.1348
333	31	59.860299	1	63.000000	57.063885	2	0.655959	5	2	1	1	2	0.6938
334	32	59.860299	2	63.000000	62.250932	1	1.209384	8	2	1	1	1	1.0244
335	33	59.860299	1	63.000000	56.304509	2	1.744690	2	4	2	2	2	0.8408
336	34	59.860299	2	63.000000	63.618360	2	1.399042	4	3	1	2	2	1.3823
337	35	59.860299	1	63.000000	56.615819	2	0.807345	7	6	2	1	1	2.1978
338	36	59.860299	1	63.000000	56.726083	1	0.748288	7	5	1	2	1	0.5501
339	37	59.860299	1	63.000000	56.794091	2	0.759989	2	3	1	2	1	1.1290
340	38	59.860299	1	63.000000	56.975572	1	0.746916	2	3	1	1	1	0.9647
341	39	59.860299	2	63.000000	68.601341	2	0.885563	8	7	2	1	1	1.2981
342	40	59.860299	2	63.000000	67.600979	1	0.653212	4	3	1	2	2	0.4510
343	41	59.860299	2	63.000000	68.657843	1	0.768944	3	2	1	1	1	0.5319
344	42	59.860299	2	63.000000	68.721958	2	1.020439	2	4	1	2	2	0.6835
345	43	59.860299	1	63.000000	56.401681	2	0.791707	3	4	1	2	1	1.8740
346	44	59.860299	2	63.000000	67.175427	1	2.780330	8	5	1	2	2	0.5951
347	45	59.860299	1	63.000000	57.054672	2	0.322865	7	5	1	1	1	0.2950
348	46	59.860299	1	63.000000	57.699714	1	0.674163	5	2	1	2	1	0.8556
349	47	59.860299	1	63.000000	57.358693	2	0.549121	2	5	1	1	1	0.5591
350	48	59.860299	2	63.000000	67.188062	1	0.616779	7	2	2	1	1	0.9921
351	49	59.860299	1	63.000000	56.084483	2	0.888221	6	5	1	2	1	0.6544
352	50	59.860299	2	63.000000	62.409107	1	3.338190	4	2	1	1	1	0.5868
353	51	59.860299	1	63.000000	56.454224	1	1.851265	8	5	1	2	1	1.4720
354	52	59.860299	1	63.000000	57.472055	1	0.804546	5	8	1	1	2	0.9642
355	53	59.860299	1	63.000000	57.258415	2	0.845104	2	5	1	2	1	0.2107
356	54	59.860299	2	63.000000	66.635563	1	1.202002	3	5	1	2	2	0.1056
357	55	59.860299	2	63.000000	63.898051	2	1.669701	6	2	1	2	1	2.0822
358	56	59.860299	1	63.000000	56.529642	2	1.925329	6	3	1	1	2	1.8316
359	57	59.860299	1	63.000000	58.356511	1	0.996952	7	6	1	2	2	0.6047
360	58	59.860299	1	63.000000	56.170936	1	0.684337	2	5	1	1	1	2.1293
361	59	59.860299	2	63.000000	67.159980	2	2.146208	8	3	1	2	2	1.6669
362	60	59.860299	2	63.000000	63.203100	2	1.495190	2	3	1	1	1	1.8517
363	61	59.860299	2	63.000000	69.376953	2	0.575064	4	2	1	2	2	0.7764
364	62	59.860299	1	63.000000	57.281355	1	0.729246	3	5	1	1	1	1.1637
365	63	59.860299	2	63.000000	69.085065	2	0.628433	5	2	2	1	1	0.7790
366	64	59.860299	2	63.000000	62.195839	1	0.747187	2	4	1	1	1	0.4290
367	65	59.860299	2	63.000000	65.047630	1	0.835693	4	2	1	1	1	0.7860
368	66	59.860299	1	63.000000	58.118275	2	0.818391	6	3	2	1	2	0.4093
369	67	59.860299	2	63.000000	66.644250	1	1.249382	4	2	1	1	1	0.9908
370	68	59.860299	1	63.000000	57.397481	1	1.006793	7	5	1	2	1	0.8705
371	69	59.860299	1	63.000000	57.720623	1	0.579316	6	3	1	2	2	0.4198
372	70	59.860299	1	63.000000	58.252301	1	0.506987	4	2	2	1	2	0.5510
373	71	59.860299	1	63.000000	56.580053	1	0.432895	7	5	2	1	1	0.7516
374	72	59.860299	1	63.000000	56.592544	1	2.681178	2	6	1	2	2	0.5562
375	73	59.860299	2	63.000000	69.830629	1	1.973948	2	4	1	1	1	1.3179
376	74	59.860299	1	63.000000	56.908841	2	0.768444	7	3	2	1	1	0.3877
377	75	59.860299	2	63.000000	62.943168	1	0.682336	6	2	1	1	1	1.8949
378	76	59.860299	2	63.000000	68.065162	2	0.561456	6	2	1	2	1	2.0987
379	77	59.860299	2	63.000000	64.520779	1	0.765463	3	4	1	1	2	0.8227
380	78	59.860299	1	63.000000	56.688142	2	1.653433	7	6	1	2	2	0.6265
381	79	59.860299	2	63.000000	64.951151	1	0.505017	6	2	2	1	1	1.7089
382	80	59.860299	1	63.000000	56.125661	2	0.591797	3	8	1	2	2	0.5443
383	81	59.860299	2	63.000000	63.062493	1	0.938185	3	2	1	1	1	0.9485
384	82	59.860299	2	63.000000	66.676036	1	0.405988	7	5	1	2	1	0.7581
385	83	59.860299	1	63.000000	57.260181	2	0.151646	4	2	1	1	1	0.7139
386	84	59.860299	1	63.000000	56.215273	2	0.780800	2	8	1	2	2	2.1014
387	85	59.860299	1	63.000000	58.047441	2	0.391796	2	8	1	1	2	1.9606
388	86	59.860299	2	63.000000	66.824217	1	0.777366	2	6	1	2	2	2.3618
389	87	59.860299	2	63.000000	63.880269	2	1.491255	2	3	1	2	2	1.2854
390	88	59.860299	1	63.000000	57.744430	2	0.761203	8	7	2	1	1	0.7863
391	89	59.860299	2	63.000000	64.311174	2	0.522626	8	5	1	1	2	1.0700
392	90	59.860299	2	63.000000	64.594085	2	0.986554	8	7	1	2	2	1.2672
393	91	59.860299	1	63.000000	57.370222	1	0.975530	8	2	1	1	1	1.2086
394	92	59.860299	1	63.000000	56.371331	2	0.599825	6	3	1	1	1	0.4478
395	93	59.860299	1	63.000000	58.125204	1	1.221644	2	4	1	2	2	0.3804
396	94	59.860299	2	63.000000	65.698836	1	0.580914	7	4	1	2	2	0.5416
397	95	59.860299	1	63.000000	58.393706	2	0.975941	8	3	1	2	2	1.9202
398	96	59.860299	1	63.000000	56.839003	1	0.586179	3	5	1	2	2	0.3149
399	97	59.860299	1	63.000000	57.293921	1	0.510151	2	3	1	2	1	0.9294
400	98	59.860299	1	63.000000	57.364742	1	0.459626	8	6	1	1	1	0.6028
401	99	59.860299	2	63.000000	62.810130	1	0.488628	5	7	1	2	2	1.6296
402	100	59.860299	2	63.000000	62.249701	1	1.018962	2	3	1	1	2	0.8660
403	101	59.860299	2	63.000000	64.073481	2	1.446776	3	4	2	2	2	1.5719
404	102	59.860299	2	63.000000	63.481868	1	0.646195	5	4	1	2	2	0.5783
405	103	59.860299	1	63.000000	56.574299	2	1.618611	2	3	1	2	2	0.9792
406	104	59.860299	2	63.000000	69.790925	1	0.497082	2	5	1	1	1	0.5733
407	105	59.860299	1	63.000000	56.587738	1	0.694319	7	5	1	2	2	0.8021
408	106	59.860299	1	63.000000	57.697565	2	0.593613	7	3	1	2	2	0.6896
409	107	59.860299	2	63.000000	65.659463	1	1.533934	7	3	1	2	2	0.5518
410	108	59.860299	1	63.000000	58.445091	1	0.897753	3	2	1	2	1	0.7572
411	109	59.860299	2	63.000000	63.693389	1	0.734938	2	6	1	1	2	2.4907
412	110	59.860299	2	63.000000	62.931595	2	2.156332	5	8	2	2	2	2.9090
413	111	59.860299	1	63.000000	58.418280	2	0.870992	7	8	1	2	2	0.8454
414	112	59.860299	2	63.000000	69.252039	2	2.361592	2	5	1	2	1	1.1376
415	113	59.860299	2	63.000000	65.001462	2	0.963360	8	2	1	1	1	0.7725
416	114	59.860299	2	63.000000	66.906355	2	1.021329	4	2	1	1	1	0.3803
417	115	59.860299	2	63.000000	68.369764	1	1.068858	4	3	1	1	1	0.9539
418	116	59.860299	1	63.000000	56.581439	1	0.803262	4	5	1	1	2	1.6271
419	117	59.860299	2	63.000000	65.121039	2	0.547095	2	3	1	2	2	2.7711
420	118	59.860299	2	63.000000	66.146432	1	0.707677	2	4	1	1	1	0.3266
421	119	59.860299	2	63.000000	68.223118	2	1.657037	7	2	1	2	2	1.3502
422	120	59.860299	2	63.000000	67.213891	2	0.519131	4	7	1	1	1	0.3469
423	121	59.860299	2	63.000000	61.417258	1	1.684584	3	6	1	1	1	2.0404
424	122	59.860299	2	63.000000	62.313578	2	0.717682	3	2	2	1	1	0.6730
425	123	59.860299	1	63.000000	57.752944	1	0.757990	4	3	1	1	1	0.7356
426	124	59.860299	2	63.000000	66.571642	1	1.937885	2	5	1	2	2	0.4435
427	125	59.860299	1	63.000000	58.364535	2	1.305489	3	4	1	1	1	0.0767
428	126	59.860299	1	63.000000	56.249190	1	0.673475	7	8	1	2	2	0.8307
429	127	59.860299	1	63.000000	57.058840	2	0.980932	2	4	1	2	2	2.0053
430	128	59.860299	2	63.000000	69.526578	1	0.467747	3	7	1	1	1	1.3213
431	129	59.860299	2	63.000000	62.748204	2	1.147724	3	5	1	1	1	0.9013
432	130	59.860299	2	63.000000	63.397314	1	0.344766	6	5	1	2	1	0.4909
433	131	59.860299	2	63.000000	64.369578	2	1.071272	2	5	2	2	2	0.6682
434	132	59.860299	1	63.000000	58.411903	2	0.761220	2	5	2	2	2	0.6666
435	133	59.860299	1	63.000000	58.369579	2	0.791467	6	2	1	2	1	1.0159
436	134	59.860299	1	63.000000	56.641693	2	0.614464	3	4	1	2	4	6.9498
437	135	59.860299	2	63.000000	65.352038	2	0.506675	3	2	1	2	1	0.3428
438	136	59.860299	2	63.000000	62.316347	1	0.441299	7	6	1	2	2	0.2800
439	137	59.860299	2	63.000000	69.518815	2	0.004356	3	5	2	2	2	2.4851
440	138	59.860299	2	63.000000	67.932160	1	0.360030	4	7	1	2	2	0.7934
441	139	59.860299	2	63.000000	62.610846	1	0.777075	7	6	1	2	1	0.5613
442	140	59.860299	2	63.000000	67.116988	2	0.570411	3	5	2	2	2	1.3958
443	141	59.860299	2	63.000000	63.440375	1	0.842933	7	2	1	2	2	0.8405
444	142	59.860299	2	63.000000	64.318510	2	0.534851	3	4	1	1	1	0.3534
445	143	59.860299	2	63.000000	65.262245	1	0.915534	6	4	1	2	1	0.5283
446	144	59.860299	2	63.000000	69.142991	2	1.472880	2	7	1	2	2	0.7013
447	145	59.860299	1	63.000000	56.254257	1	0.409139	6	3	1	2	1	1.4807
448	146	59.860299	2	63.000000	69.677173	1	0.468256	4	2	1	2	2	1.3467
449	147	59.860299	2	63.000000	67.130895	2	1.586732	5	3	1	2	1	1.3484
450	148	59.860299	1	63.000000	58.036689	1	0.603776	8	3	1	2	1	1.1318
451	149	59.860299	1	63.000000	56.078278	1	1.573667	2	3	1	2	2	0.8464
452	150	59.860299	2	63.000000	69.442619	2	1.787560	8	4	1	2	1	2.1413
453	151	59.860299	2	63.000000	66.963440	1	0.772622	6	4	1	1	1	0.8137
454	152	59.860299	2	63.000000	65.001588	2	1.028514	2	4	1	1	2	0.3709
455	153	59.860299	1	63.000000	57.629736	1	0.516185	2	5	2	2	1	0.2474
456	154	59.860299	1	63.000000	57.007205	2	2.037357	3	5	1	2	2	0.0349
457	155	59.860299	2	63.000000	62.484348	1	0.345401	3	8	1	2	2	0.3719
458	156	59.860299	1	63.000000	56.754092	1	1.333124	2	3	1	1	2	0.7110
459	157	59.860299	2	63.000000	62.547888	2	1.106031	2	4	1	1	1	1.2936
460	158	59.860299	1	63.000000	56.824609	1	0.824734	6	2	1	1	1	0.7119
461	159	59.860299	2	63.000000	68.371497	2	0.658921	3	5	2	2	2	1.2967
462	160	59.860299	2	63.000000	65.368697	1	0.851980	7	8	2	2	2	0.6496
463	161	59.860299	2	63.000000	69.628113	1	0.942831	2	3	1	2	2	0.5451
464	162	59.860299	2	63.000000	62.369741	1	0.754765	7	4	1	1	1	0.7326
465	163	59.860299	1	63.000000	56.415391	1	0.606876	2	3	2	2	2	0.5829
466	164	59.860299	2	63.000000	64.897781	2	1.031197	2	5	2	2	2	0.4374
467	165	59.860299	1	63.000000	57.720045	1	1.115999	3	5	1	1	1	0.3589
468	166	59.860299	2	63.000000	62.031089	2	0.760738	3	4	1	1	1	1.9059
469	167	59.860299	2	63.000000	67.016788	2	1.212640	2	3	1	2	1	0.3474
470	168	59.860299	1	63.000000	56.299533	1	0.989347	6	2	1	2	2	1.2136
471	169	59.860299	2	63.000000	68.100503	2	0.444212	7	5	1	2	2	0.4821
472	170	59.860299	1	63.000000	56.854598	1	0.742786	4	2	1	2	1	0.6085
473	171	59.860299	2	63.000000	68.733546	1	0.816364	2	4	2	2	2	0.4233
474	172	59.860299	2	63.000000	69.251362	2	0.694506	3	2	1	2	1	1.0665
475	173	59.860299	2	63.000000	68.376495	2	0.799050	3	6	2	2	2	0.3906
476	174	59.860299	1	63.000000	58.375871	1	1.135305	2	3	1	1	1	1.0815
477	175	59.860299	2	63.000000	63.439508	2	0.893713	4	3	1	1	1	0.4513
478	176	59.860299	2	63.000000	66.314457	1	0.911118	3	6	1	2	2	0.8741
479	177	59.860299	2	63.000000	63.827769	1	0.551055	3	2	1	1	2	0.2490
480	178	59.860299	1	63.000000	56.869180	1	0.487047	5	6	2	2	2	1.8035
481	179	59.860299	1	63.000000	58.010184	1	0.394298	3	5	1	2	2	1.4025
482	180	59.860299	2	63.000000	62.372622	2	0.730749	4	6	1	2	2	0.6860
483	181	59.860299	1	63.000000	57.458533	1	0.680339	3	4	1	2	2	0.9489
484	182	59.860299	2	63.000000	65.811559	2	0.574419	5	4	1	1	1	0.6556
485	183	59.860299	2	63.000000	65.694756	2	0.845574	7	3	1	1	1	0.3952
486	184	59.860299	2	63.000000	64.822030	1	0.859052	8	2	1	2	2	0.5286
487	185	59.860299	2	63.000000	65.480336	1	0.675184	6	5	1	1	2	0.6562
488	186	59.860299	1	63.000000	56.885011	1	1.814011	8	4	1	1	1	1.8286
489	187	59.860299	1	63.000000	57.012831	2	0.649875	3	2	1	1	1	0.3356
490	188	59.860299	1	63.000000	56.191086	2	0.754358	4	2	1	1	1	0.3081
491	189	59.860299	1	63.000000	56.974541	2	0.704116	7	5	1	1	2	0.2601
492	190	59.860299	2	63.000000	67.830871	1	0.425190	3	2	1	2	2	0.1365
493	191	59.860299	2	63.000000	64.161140	1	0.563335	2	8	1	1	2	0.2206
494	192	59.860299	1	63.000000	56.860309	1	1.171886	5	2	1	2	2	3.0129
495	193	59.860299	1	63.000000	58.359221	1	0.410032	3	6	1	2	2	0.6094
496	194	59.860299	2	63.000000	65.818895	2	0.609017	2	3	1	2	2	0.6724
497	195	59.860299	1	63.000000	56.170198	1	0.437334	7	2	1	2	2	0.8521
498	196	59.860299	1	63.000000	56.459453	2	0.657493	3	2	1	2	1	0.3595
499	197	59.860299	1	63.000000	58.435715	1	0.512713	8	7	1	1	1	0.4682
500	198	59.860299	1	63.000000	56.686644	1	0.825214	2	3	1	1	1	0.7683
501	199	59.860299	2	63.000000	63.737981	1	1.497213	7	3	1	2	2	1.4910
502	200	59.860299	2	63.000000	64.279107	1	0.960281	7	5	1	1	1	0.7051
503	201	59.860299	2	63.000000	68.817856	2	0.421054	4	6	1	1	2	2.4922
504	202	59.860299	2	63.000000	63.311875	1	1.255164	7	2	1	1	1	0.6126
505	203	59.860299	2	63.000000	62.950478	2	0.555685	7	8	2	2	2	0.3575
506	204	59.860299	1	63.000000	57.050260	1	0.439615	5	7	1	1	1	2.8463
507	205	59.860299	1	63.000000	58.165032	2	0.674132	5	4	1	1	1	0.2314
508	206	59.860299	1	63.000000	56.731374	1	0.518074	7	2	1	2	1	0.4096
509	207	59.860299	2	63.000000	63.454424	1	0.425263	2	3	2	2	2	0.4969
510	208	59.860299	1	63.000000	56.081261	2	0.516533	4	8	1	2	2	0.3358
511	209	59.860299	2	63.000000	68.191422	2	1.018481	7	2	1	2	2	1.0813
512	210	59.860299	1	63.000000	58.170624	2	0.973474	3	2	2	1	1	0.7184
