1	1	90.339056	2	91.000000	96.170823	4	6.367914	3	2	1	1	0	0.0000
2	2	90.339056	1	91.000000	84.494537	2	0.689081	7	8	1	2	0	0.0000
3	3	90.339056	2	91.000000	97.532152	1	0.643291	2	3	1	2	0	0.0000
4	4	90.339056	1	91.000000	87.882403	1	1.526018	2	3	1	2	0	0.0000
5	5	90.339056	2	91.000000	91.922460	1	1.668878	3	4	1	1	0	0.0000
6	6	90.339056	2	91.000000	97.182488	2	0.917381	2	4	1	1	0	0.0000
7	7	90.339056	2	91.000000	92.512373	2	1.324423	3	2	1	1	0	0.0000
8	8	90.339056	2	91.000000	92.355431	2	0.515248	4	5	1	1	0	0.0000
9	9	90.339056	2	91.000000	91.946513	2	0.930788	3	2	2	1	0	0.0000
10	10	90.339056	2	91.000000	92.895096	2	0.657260	7	4	1	1	0	0.0000
11	11	90.339056	1	91.000000	87.927182	2	0.643204	4	7	1	2	0	0.0000
12	12	90.339056	2	91.000000	92.160337	2	1.301943	4	2	1	2	0	0.0000
13	13	90.339056	2	91.000000	96.638293	2	1.173414	4	6	1	2	0	0.0000
14	14	90.339056	2	91.000000	94.528019	2	0.874369	2	3	1	2	0	0.0000
15	15	90.339056	2	91.000000	95.534882	2	0.496100	6	2	1	1	0	0.0000
16	16	90.339056	1	91.000000	86.137100	2	0.659779	3	7	1	2	0	0.0000
17	17	90.339056	2	91.000000	93.919923	1	0.540649	2	6	2	2	0	0.0000
18	18	90.339056	2	91.000000	97.579121	2	0.332517	3	6	1	1	0	0.0000
19	19	90.339056	2	91.000000	93.498413	2	2.003547	6	2	1	1	0	0.0000
20	20	90.339056	2	91.000000	95.985541	2	0.894380	8	5	1	2	0	0.0000
21	21	90.339056	1	91.000000	86.047001	2	1.382443	5	2	2	1	0	0.0000
22	22	90.339056	2	91.000000	94.733841	2	1.362283	6	4	2	1	0	0.0000
23	23	90.339056	1	91.000000	84.062411	2	2.471034	2	3	1	1	0	0.0000
24	24	90.339056	2	91.000000	94.121631	2	1.311282	8	4	2	1	0	0.0000
25	25	90.339056	2	91.000000	95.942333	2	0.781746	4	3	1	2	0	0.0000
26	26	90.339056	1	91.000000	86.072386	1	2.506573	3	4	1	2	0	0.0000
27	27	90.339056	2	91.000000	94.128218	2	1.040949	3	2	1	1	0	0.0000
28	28	90.339056	1	91.000000	87.521492	1	1.971584	6	2	2	1	0	0.0000
29	29	90.339056	1	91.000000	84.384448	1	2.159998	7	5	1	1	0	0.0000
30	30	90.339056	1	91.000000	87.056256	1	1.940775	3	7	2	2	0	0.0000
31	31	90.339056	1	91.000000	86.848801	1	1.218266	4	5	1	2	0	0.0000
32	32	90.339056	2	91.000000	97.490453	2	2.421478	5	6	1	2	0	0.0000
33	33	90.339056	1	91.000000	86.988424	1	1.135312	8	7	1	2	0	0.0000
34	34	90.339056	1	91.000000	87.101508	1	1.277586	3	4	1	1	0	0.0000
35	35	90.339056	1	91.000000	85.043294	1	0.942335	5	8	1	1	0	0.0000
36	1	5.057303	1	7.000000	2.081719	2	3.062962	4	3	1	1	4	5.1169
37	2	5.057303	2	7.000000	12.672605	1	1.721851	4	2	1	1	1	0.7246
38	3	5.057303	2	7.000000	6.557622	2	2.023203	3	2	1	2	2	2.1657
39	4	5.057303	1	7.000000	1.057449	2	2.813244	4	3	1	1	1	1.3792
40	5	5.057303	1	7.000000	1.315016	1	1.706647	4	3	1	2	2	1.2861
41	6	5.057303	2	7.000000	11.458193	1	2.665706	5	6	1	1	2	1.7017
42	7	5.057303	1	7.000000	0.223842	2	2.376327	2	4	2	2	1	2.4885
43	8	5.057303	1	7.000000	1.264525	1	1.787202	7	2	1	2	2	1.5310
44	9	5.057303	2	7.000000	12.825927	2	1.444606	8	5	1	1	1	1.5867
45	10	5.057303	2	7.000000	7.011467	2	2.826155	3	5	1	2	2	2.2879
46	11	5.057303	1	7.000000	1.396564	1	2.314927	8	5	1	2	2	1.4129
47	12	5.057303	1	7.000000	2.995402	2	2.499038	3	5	1	2	2	1.5980
48	13	5.057303	1	7.000000	1.518285	1	2.724685	3	2	1	2	2	0.8705
49	14	5.057303	2	7.000000	8.166118	1	2.443230	2	3	1	1	1	0.8006
50	15	5.057303	2	7.000000	8.387116	1	1.544015	4	5	2	2	2	2.1871
51	16	5.057303	1	7.000000	2.972011	2	3.289017	7	8	1	1	1	3.5238
52	17	5.057303	1	7.000000	0.913291	4	5.884527	4	5	1	1	2	1.4497
53	18	5.057303	1	7.000000	2.279964	2	3.302499	7	3	1	2	2	0.6165
54	19	5.057303	2	7.000000	11.783479	2	4.671408	7	3	1	1	1	0.6258
55	20	5.057303	2	7.000000	12.221170	1	2.896787	4	5	2	2	2	0.8830
56	21	5.057303	2	7.000000	7.936284	2	1.623011	6	3	2	1	1	0.4538
57	22	5.057303	1	7.000000	2.783033	4	6.027336	5	6	1	1	1	1.4909
58	23	5.057303	2	7.000000	12.716041	2	1.750621	3	2	1	2	2	1.2797
59	24	5.057303	2	7.000000	7.889578	1	1.324699	2	3	1	2	2	2.1025
60	25	5.057303	2	7.000000	12.877090	2	1.552746	2	6	1	2	2	0.9222
61	26	5.057303	2	7.000000	10.680003	2	2.068800	3	8	1	2	2	1.6732
62	27	5.057303	1	7.000000	0.998663	2	0.629130	6	3	1	1	2	1.0199
63	28	5.057303	2	7.000000	13.397833	1	2.210567	3	2	1	2	2	1.1295
64	29	5.057303	2	7.000000	10.324562	2	2.035178	8	3	1	2	2	1.9050
65	30	5.057303	2	7.000000	11.359171	2	2.355552	4	3	1	1	1	0.7882
66	31	5.057303	1	7.000000	3.075999	2	2.108303	3	2	1	2	2	1.2632
67	32	5.057303	1	7.000000	2.308427	2	1.059600	4	2	1	2	2	0.8573
68	33	5.057303	1	7.000000	2.235770	1	2.446567	2	3	1	2	2	0.6114
69	34	5.057303	1	7.000000	1.736106	2	4.042240	3	5	2	2	2	1.2306
70	35	5.057303	2	7.000000	10.682261	1	4.068245	3	2	1	2	2	1.2311
71	36	5.057303	2	7.000000	11.379915	2	1.572786	4	5	1	2	2	1.8856
72	37	5.057303	1	7.000000	2.336438	1	1.816884	7	2	1	2	2	1.3672
73	38	5.057303	1	7.000000	3.622729	2	1.663539	4	5	1	2	2	1.5402
74	39	5.057303	1	7.000000	3.589366	1	1.685871	5	8	1	2	2	1.2255
75	40	5.057303	1	7.000000	3.362914	1	0.936042	3	2	1	2	2	0.5065
76	41	5.057303	2	7.000000	10.469064	2	2.086338	7	5	1	2	2	1.0418
77	42	5.057303	2	7.000000	13.337347	2	2.055729	6	2	1	2	2	1.1568
78	43	5.057303	2	7.000000	11.905919	2	0.997878	2	3	1	2	2	0.8455
79	44	5.057303	2	7.000000	12.046904	2	1.363004	5	6	1	1	1	0.4280
80	45	5.057303	2	7.000000	13.186594	2	1.050386	4	5	1	2	2	1.1841
81	46	5.057303	2	7.000000	13.088154	2	1.183813	4	3	1	2	2	0.8481
82	47	5.057303	1	7.000000	1.307518	1	1.262572	4	2	2	1	1	3.7064
83	48	5.057303	1	7.000000	1.875056	1	1.515511	7	5	1	2	2	0.6543
84	49	5.057303	2	7.000000	11.762029	2	2.291923	2	7	1	2	2	0.7513
85	1	31.997668	2	35.000000	39.887715	2	2.450232	5	3	2	1	0	0.0000
86	2	31.997668	1	35.000000	28.056715	1	1.706814	6	3	1	1	0	0.0000
87	3	31.997668	1	35.000000	29.844947	1	1.178086	3	7	1	1	0	0.0000
88	4	31.997668	2	35.000000	35.469807	2	1.406387	3	2	1	2	0	0.0000
89	5	31.997668	2	35.000000	40.873022	2	0.721729	6	5	1	1	0	0.0000
90	6	31.997668	1	35.000000	29.875811	2	0.690346	5	8	1	2	0	0.0000
91	7	31.997668	2	35.000000	38.658485	2	1.233866	2	5	1	1	0	0.0000
92	8	31.997668	1	35.000000	30.128844	2	0.843985	7	4	1	1	0	0.0000
93	9	31.997668	2	35.000000	39.577106	2	3.934581	2	5	1	1	0	0.0000
94	10	31.997668	1	35.000000	30.364211	1	3.322552	3	6	2	2	0	0.0000
95	11	31.997668	1	35.000000	28.894844	1	2.463954	4	5	1	2	0	0.0000
96	12	31.997668	2	35.000000	38.686082	1	2.519934	5	7	1	2	0	0.0000
97	13	31.997668	1	35.000000	28.278794	1	1.117761	3	4	1	2	0	0.0000
98	14	31.997668	1	35.000000	29.216389	1	0.892766	2	6	2	2	0	0.0000
99	15	31.997668	1	35.000000	29.190780	1	0.637167	4	8	1	1	0	0.0000
100	16	31.997668	1	35.000000	29.815881	1	0.623886	4	2	1	1	0	0.0000
101	17	31.997668	1	35.000000	29.665490	2	1.491431	3	2	1	2	0	0.0000
102	18	31.997668	1	35.000000	29.457244	1	0.443636	5	3	1	2	0	0.0000
103	19	31.997668	2	35.000000	36.317652	1	0.606185	5	3	1	1	0	0.0000
104	20	31.997668	1	35.000000	30.073387	2	0.754432	6	3	1	2	0	0.0000
105	21	31.997668	1	35.000000	29.929409	2	1.328387	6	2	1	2	0	0.0000
106	22	31.997668	2	35.000000	35.976172	1	0.854591	5	4	2	1	0	0.0000
107	23	31.997668	1	35.000000	28.949008	2	1.048233	3	8	1	2	0	0.0000
108	24	31.997668	2	35.000000	34.725258	1	0.594005	3	4	1	1	0	0.0000
109	25	31.997668	2	35.000000	39.921790	1	1.262177	4	3	1	1	0	0.0000
110	26	31.997668	1	35.000000	30.080268	1	0.600189	4	5	1	2	0	0.0000
111	27	31.997668	1	35.000000	29.642262	2	0.339093	5	3	1	2	0	0.0000
112	28	31.997668	1	35.000000	28.665983	1	0.097836	3	4	1	1	0	0.0000
113	29	31.997668	2	35.000000	41.601582	1	0.186396	4	3	1	1	0	0.0000
114	30	31.997668	1	35.000000	28.242124	1	1.095372	4	2	1	1	0	0.0000
115	31	31.997668	1	35.000000	28.286378	1	2.871089	2	4	1	1	0	0.0000
116	32	31.997668	1	35.000000	29.425611	1	2.366666	7	3	1	2	0	0.0000
117	33	31.997668	1	35.000000	29.232461	1	2.914716	3	2	2	1	0	0.0000
118	34	31.997668	1	35.000000	29.164085	1	2.424411	6	3	1	1	0	0.0000
119	35	31.997668	2	35.000000	40.739273	2	4.490493	4	5	1	1	0	0.0000
120	36	31.997668	1	35.000000	28.722491	2	3.424276	4	2	1	1	0	0.0000
121	37	31.997668	1	35.000000	28.953157	2	3.633399	3	2	1	2	0	0.0000
122	38	31.997668	1	35.000000	29.065903	1	1.065798	6	3	1	2	0	0.0000
123	39	31.997668	1	35.000000	30.198103	1	1.866810	2	3	1	1	0	0.0000
124	40	31.997668	1	35.000000	28.999799	1	0.795271	7	3	1	2	0	0.0000
125	41	31.997668	1	35.000000	28.378982	1	1.126924	4	2	1	1	0	0.0000
126	42	31.997668	1	35.000000	29.239959	1	0.766268	7	8	1	2	0	0.0000
127	43	31.997668	2	35.000000	36.530326	1	0.691345	3	4	2	2	0	0.0000
128	44	31.997668	2	35.000000	35.986729	4	6.139919	3	2	1	1	0	0.0000
129	45	31.997668	1	35.000000	28.444593	1	0.922887	5	4	1	1	0	0.0000
130	46	31.997668	2	35.000000	34.820739	1	0.778141	5	6	1	2	0	0.0000
131	47	31.997668	2	35.000000	40.533662	1	1.366927	5	3	1	2	0	0.0000
132	48	31.997668	1	35.000000	29.350717	2	1.475416	5	2	1	1	0	0.0000
133	49	31.997668	1	35.000000	28.080061	1	2.332262	7	5	1	2	0	0.0000
134	50	31.997668	1	35.000000	28.777277	1	1.577579	8	7	1	2	0	0.0000
135	51	31.997668	2	35.000000	35.732579	1	1.278997	2	6	1	1	0	0.0000
136	52	31.997668	1	35.000000	29.494854	2	0.453752	4	2	1	2	0	0.0000
137	53	31.997668	2	35.000000	35.932659	4	5.375848	2	3	1	2	0	0.0000
138	54	31.997668	1	35.000000	28.391882	2	2.141993	5	4	1	2	0	0.0000
139	55	31.997668	2	35.000000	35.916003	1	0.819682	4	2	1	2	0	0.0000
140	56	31.997668	1	35.000000	30.588399	2	1.326772	5	7	1	1	0	0.0000
141	57	31.997668	2	35.000000	36.773684	1	0.293635	8	6	1	1	0	0.0000
142	58	31.997668	1	35.000000	30.002490	1	2.510499	7	8	1	2	0	0.0000
143	59	31.997668	1	35.000000	29.323773	1	1.149052	4	5	1	1	0	0.0000
144	60	31.997668	2	35.000000	40.104628	1	1.898701	2	3	2	2	0	0.0000
145	61	31.997668	2	35.000000	34.729037	2	1.865729	4	2	1	2	0	0.0000
146	62	31.997668	1	35.000000	28.971534	2	1.962342	5	6	1	2	0	0.0000
147	63	31.997668	1	35.000000	29.640035	1	0.958624	2	3	1	1	0	0.0000
148	64	31.997668	2	35.000000	37.870122	1	1.756344	2	3	1	2	0	0.0000
149	65	31.997668	1	35.000000	29.052166	1	1.649578	8	7	1	1	0	0.0000
150	66	31.997668	2	35.000000	36.882227	2	1.194802	5	4	1	2	0	0.0000
151	67	31.997668	2	35.000000	35.427327	2	1.102205	2	7	1	2	0	0.0000
152	68	31.997668	1	35.000000	30.105305	1	1.797958	4	7	1	1	0	0.0000
153	69	31.997668	1	35.000000	30.527545	1	1.113330	2	4	1	1	0	0.0000
154	70	31.997668	1	35.000000	30.541319	1	0.912325	3	8	1	1	0	0.0000
155	71	31.997668	2	35.000000	36.032394	1	0.999346	2	8	1	1	0	0.0000
156	72	31.997668	2	35.000000	39.481301	2	3.483109	6	2	1	2	0	0.0000
157	73	31.997668	1	35.000000	29.292515	2	0.897744	4	5	1	2	0	0.0000
158	74	31.997668	2	35.000000	38.966917	1	2.977895	4	2	1	2	0	0.0000
159	75	31.997668	1	35.000000	28.548159	2	4.524978	4	3	2	1	0	0.0000
160	76	31.997668	2	35.000000	38.969246	1	3.521389	6	7	1	2	0	0.0000
161	77	31.997668	2	35.000000	33.615478	1	2.262581	5	3	1	1	0	0.0000
162	78	31.997668	1	35.000000	28.894119	1	3.982714	3	2	1	1	0	0.0000
163	79	31.997668	2	35.000000	40.588679	2	2.176849	2	4	1	1	0	0.0000
164	80	31.997668	2	35.000000	33.731578	2	1.173034	4	3	1	2	0	0.0000
165	81	31.997668	1	35.000000	28.223973	2	1.281908	7	2	1	2	0	0.0000
166	82	31.997668	1	35.000000	30.338339	1	4.762117	5	6	1	1	0	0.0000
167	83	31.997668	2	35.000000	40.803619	1	1.821144	4	8	1	1	0	0.0000
168	84	31.997668	2	35.000000	41.178135	1	1.895530	2	5	2	2	0	0.0000
169	85	31.997668	1	35.000000	30.385444	2	2.038578	6	8	1	1	0	0.0000
170	86	31.997668	2	35.000000	34.093430	4	5.256160	4	2	2	1	0	0.0000
171	87	31.997668	1	35.000000	28.073319	1	1.283147	2	5	1	1	0	0.0000
172	88	31.997668	2	35.000000	38.839323	2	2.587413	3	2	1	1	0	0.0000
173	89	31.997668	2	35.000000	41.136634	2	1.566452	3	4	1	2	0	0.0000
174	90	31.997668	1	35.000000	28.681734	2	1.627115	2	3	1	1	0	0.0000
175	91	31.997668	2	35.000000	41.404460	1	0.693879	4	2	1	1	0	0.0000
176	92	31.997668	1	35.000000	28.117884	1	0.390386	7	3	1	1	0	0.0000
177	93	31.997668	1	35.000000	29.329545	1	2.043376	2	3	1	1	0	0.0000
178	94	31.997668	2	35.000000	41.267079	2	1.220838	7	8	1	2	0	0.0000
179	95	31.997668	2	35.000000	39.790624	2	1.359876	5	4	1	2	0	0.0000
180	96	31.997668	2	35.000000	39.241170	2	1.117362	6	8	1	2	0	0.0000
181	97	31.997668	2	35.000000	38.834917	2	1.172379	6	4	1	2	0	0.0000
182	98	31.997668	1	35.000000	28.396869	1	1.673297	4	5	1	1	0	0.0000
183	99	31.997668	1	35.000000	28.774272	1	0.921877	3	6	1	1	0	0.0000
184	100	31.997668	1	35.000000	29.417619	1	1.665163	6	5	1	1	0	0.0000
185	101	31.997668	2	35.000000	37.939514	2	1.929656	4	2	1	1	0	0.0000
186	102	31.997668	1	35.000000	29.583575	1	1.215250	5	2	1	1	0	0.0000
187	103	31.997668	2	35.000000	37.449410	1	1.314152	8	7	1	1	0	0.0000
188	104	31.997668	1	35.000000	29.639054	1	1.649143	3	2	1	1	0	0.0000
189	1	79.982857	2	77.000000	83.517318	1	4.358401	3	8	1	1	1	3.3372
190	2	79.982857	2	77.000000	82.707757	1	3.261768	4	3	2	1	1	1.2099
191	3	79.982857	1	77.000000	74.996846	2	1.920834	5	6	1	1	1	1.0994
192	4	79.982857	1	77.000000	74.087815	4	5.422629	8	4	1	1	1	1.8467
193	5	79.982857	2	77.000000	83.067775	1	1.195264	4	2	1	1	1	1.2030
194	6	79.982857	1	77.000000	71.941505	2	1.569953	8	5	1	2	2	1.1628
195	7	79.982857	1	77.000000	76.326605	2	1.627160	6	2	1	2	2	1.2740
196	8	79.982857	2	77.000000	83.574897	2	1.414168	7	2	1	1	1	1.1730
197	9	79.982857	2	77.000000	83.194605	2	2.781457	8	3	2	1	1	1.2367
198	10	79.982857	1	77.000000	71.705002	1	2.602435	7	4	2	1	1	0.7209
199	11	79.982857	1	77.000000	70.877457	1	3.243726	3	5	1	2	1	0.5228
200	12	79.982857	2	77.000000	82.815532	2	1.859525	2	3	1	1	1	1.7285
201	13	79.982857	2	77.000000	81.754352	2	2.345977	2	3	1	1	1	0.3627
202	14	79.982857	1	77.000000	72.728507	1	1.595754	4	3	1	2	2	1.4511
203	15	79.982857	2	77.000000	83.182870	1	1.191875	5	2	1	1	1	1.4243
204	16	79.982857	2	77.000000	83.683216	1	2.110635	4	2	1	1	2	1.9936
205	17	79.982857	1	77.000000	75.950418	2	1.088638	3	2	1	1	1	0.6932
206	18	79.982857	1	77.000000	77.902707	1	1.385419	8	4	1	1	1	1.5455
207	19	79.982857	2	77.000000	83.511304	1	1.050314	2	3	1	1	2	0.0962
208	20	79.982857	2	77.000000	83.757129	1	2.732144	4	2	1	1	2	2.1810
209	21	79.982857	1	77.000000	76.943317	1	0.596254	2	3	1	2	2	0.8842
210	22	79.982857	2	77.000000	83.936676	2	0.912329	5	7	1	1	1	1.8115
211	23	79.982857	2	77.000000	82.672996	2	3.201559	4	2	2	1	2	0.8155
212	24	79.982857	1	77.000000	75.058182	1	1.270229	3	7	1	2	2	1.4673
213	25	79.982857	2	77.000000	83.557085	2	1.903552	2	3	1	1	1	1.6425
214	26	79.982857	2	77.000000	82.309264	2	1.119888	6	3	1	1	1	1.1390
215	27	79.982857	2	77.000000	82.861740	2	0.748854	4	6	1	2	2	1.2068
216	28	79.982857	2	77.000000	81.621281	2	1.309785	7	4	1	2	2	0.8415
217	29	79.982857	2	77.000000	82.646053	2	1.447532	5	3	1	2	2	0.7090
218	30	79.982857	2	77.000000	81.975278	2	1.320439	6	3	1	1	1	0.9233
219	31	79.982857	1	77.000000	73.711881	2	0.982074	3	6	1	1	1	0.5826
220	32	79.982857	2	77.000000	82.779848	1	1.542741	5	3	1	2	2	1.3847
221	33	79.982857	1	77.000000	71.754845	1	1.768441	2	3	1	2	1	0.9690
222	34	79.982857	1	77.000000	75.812165	1	1.329626	2	5	1	1	1	2.0934
223	35	79.982857	2	77.000000	82.012060	2	0.798808	5	2	1	1	1	0.9433
224	36	79.982857	2	77.000000	83.080306	1	2.112102	4	2	1	2	2	1.0185
225	37	79.982857	2	77.000000	81.773974	1	1.400857	2	8	1	2	2	0.4887
226	38	79.982857	2	77.000000	82.490886	2	0.644708	3	7	1	2	2	0.6987
227	39	79.982857	2	77.000000	81.833077	2	0.846225	7	8	1	2	2	0.4281
228	40	79.982857	1	77.000000	71.880095	2	1.634555	6	7	1	2	2	0.6806
229	41	79.982857	2	77.000000	82.403468	2	1.340769	3	2	1	1	1	1.1590
230	42	79.982857	1	77.000000	70.166755	1	2.536108	3	2	1	1	1	1.2573
231	43	79.982857	1	77.000000	77.601677	2	1.030342	2	3	1	1	2	1.1729
232	44	79.982857	1	77.000000	72.891374	2	1.389410	3	4	1	2	1	0.2615
233	45	79.982857	2	77.000000	83.342692	2	1.098617	7	6	2	1	1	1.0304
234	46	79.982857	2	77.000000	82.823768	2	0.924139	3	4	2	2	2	1.0794
235	47	79.982857	1	77.000000	70.312385	1	2.571390	8	4	2	1	1	0.4352
236	48	79.982857	1	77.000000	77.676733	2	1.529661	7	8	2	2	2	1.0037
237	49	79.982857	1	77.000000	72.859348	1	2.994925	2	4	1	1	2	1.8898
238	50	79.982857	2	77.000000	82.784473	1	1.293072	6	3	1	1	2	0.7772
239	51	79.982857	2	77.000000	81.433501	1	2.265334	4	3	1	1	2	0.6057
240	52	79.982857	2	77.000000	81.728648	2	1.933015	5	2	2	1	1	0.8629
241	53	79.982857	2	77.000000	81.452128	2	1.203557	3	2	1	2	2	0.9875
242	54	79.982857	1	77.000000	77.552095	2	1.971213	2	3	1	1	1	0.7636
243	55	79.982857	1	77.000000	72.446549	2	1.484344	8	3	1	2	1	0.9525
244	56	79.982857	1	77.000000	75.777293	1	1.793589	2	3	1	1	2	0.9376
245	57	79.982857	1	77.000000	78.531709	1	1.763441	7	8	1	1	1	0.3800
246	58	79.982857	2	77.000000	82.367354	2	2.020393	4	3	1	1	1	0.7308
247	59	79.982857	2	77.000000	82.801610	2	1.524930	2	3	2	2	2	1.0716
248	60	79.982857	1	77.000000	70.763075	1	1.580259	5	3	1	2	2	1.9082
249	61	79.982857	1	77.000000	77.151764	2	2.463015	3	5	1	2	1	1.3229
250	62	79.982857	1	77.000000	70.919226	2	1.316844	3	4	1	2	1	1.3365
251	63	79.982857	2	77.000000	83.607998	1	2.113620	4	2	1	1	2	1.0600
252	64	79.982857	1	77.000000	72.595180	1	3.553165	6	4	1	2	2	0.9530
253	65	79.982857	1	77.000000	74.310097	1	2.698307	2	6	1	2	2	0.8448
254	66	79.982857	2	77.000000	82.574152	2	1.738241	3	6	1	1	1	1.6520
255	67	79.982857	1	77.000000	75.404308	1	2.792999	6	8	1	1	1	0.3679
256	68	79.982857	1	77.000000	76.477339	1	2.665117	7	6	1	1	1	0.8129
257	69	79.982857	2	77.000000	81.742672	1	2.883595	5	3	1	1	2	0.5425
258	70	79.982857	1	77.000000	78.113864	2	3.529019	2	5	1	1	1	1.0734
259	71	79.982857	2	77.000000	83.863886	2	2.541864	3	8	2	2	2	1.0232
260	72	79.982857	1	77.000000	77.642230	1	1.821902	2	6	1	2	2	1.8603
261	73	79.982857	1	77.000000	71.735558	1	2.864722	2	4	2	2	2	1.4446
262	74	79.982857	1	77.000000	71.653954	1	1.657589	6	7	2	2	1	0.7349
263	75	79.982857	1	77.000000	71.278829	1	2.408993	7	4	1	2	2	0.5918
264	76	79.982857	1	77.000000	73.209398	1	2.399782	2	6	1	2	1	0.9985
265	77	79.982857	1	77.000000	76.387121	2	1.701946	4	6	1	1	1	1.2332
266	78	79.982857	1	77.000000	75.378243	1	2.150928	3	7	1	2	2	0.3119
267	79	79.982857	1	77.000000	77.359478	1	3.331384	5	8	1	2	2	1.4037
268	80	79.982857	2	77.000000	83.083078	1	3.394631	2	7	2	2	2	1.2570
269	81	79.982857	1	77.000000	75.258505	2	1.214283	2	8	1	1	1	0.9664
270	82	79.982857	2	77.000000	83.109076	1	3.462015	2	4	1	1	1	1.2258
271	83	79.982857	2	77.000000	83.743267	2	3.872239	6	5	2	1	1	0.6112
272	84	79.982857	2	77.000000	82.887730	2	1.418054	2	6	1	2	2	1.0968
273	85	79.982857	1	77.000000	72.490581	2	2.484019	7	5	1	1	1	1.3515
274	86	79.982857	2	77.000000	82.443257	2	1.528451	8	2	2	1	1	1.0744
275	87	79.982857	2	77.000000	82.791019	2	0.982939	2	4	1	2	2	0.6395
276	88	79.982857	2	77.000000	82.676589	2	0.741536	8	3	1	1	2	0.5842
277	89	79.982857	1	77.000000	73.474929	1	1.848562	3	4	1	2	2	1.0057
278	90	79.982857	1	77.000000	73.210777	1	2.028841	7	6	2	1	2	1.1784
279	91	79.982857	2	77.000000	81.731226	1	2.658280	8	7	1	2	2	0.7989
280	92	79.982857	2	77.000000	82.778914	2	2.510490	5	8	1	1	1	1.4729
281	93	79.982857	1	77.000000	72.489010	1	1.909142	6	2	1	2	2	0.4562
282	94	79.982857	1	77.000000	77.255727	1	3.037849	3	2	1	2	2	1.6348
283	95	79.982857	2	77.000000	81.787905	2	1.544349	2	7	1	1	2	1.7383
284	96	79.982857	2	77.000000	81.861891	2	0.667753	3	4	1	2	2	1.0403
285	97	79.982857	1	77.000000	77.062726	2	1.407054	4	2	2	1	1	0.6305
286	98	79.982857	2	77.000000	82.164412	2	2.908653	5	3	1	1	2	1.9191
287	99	79.982857	2	77.000000	83.391704	2	1.441033	3	2	1	2	2	0.4071
288	100	79.982857	2	77.000000	82.887251	2	1.246593	7	3	1	2	2	0.4923
289	101	79.982857	2	77.000000	83.931868	2	1.104603	4	8	1	2	2	0.8364
290	102	79.982857	1	77.000000	70.903595	1	1.586491	3	4	1	1	1	1.1944
291	103	79.982857	2	77.000000	82.485505	2	1.825617	2	4	2	2	1	2.4561
292	104	79.982857	2	77.000000	81.858988	2	1.260232	8	3	1	2	2	0.3859
293	105	79.982857	2	77.000000	81.770438	2	0.898353	3	6	1	1	2	0.8060
294	1	21.767117	1	21.000000	14.311032	1	1.951827	2	4	1	1	0	0.0000
295	2	21.767117	2	21.000000	24.260349	1	1.868824	4	7	1	2	0	0.0000
296	3	21.767117	1	21.000000	14.600835	1	1.213240	7	3	1	2	0	0.0000
297	4	21.767117	2	21.000000	26.424368	1	1.928095	7	6	1	1	0	0.0000
298	5	21.767117	1	21.000000	18.564233	1	0.918495	3	4	2	2	0	0.0000
299	6	21.767117	2	21.000000	25.930908	1	2.245620	2	7	1	2	0	0.0000
300	7	21.767117	1	21.000000	15.532197	2	1.302512	5	7	1	2	0	0.0000
301	8	21.767117	1	21.000000	14.078916	1	3.389903	3	5	1	1	0	0.0000
302	9	21.767117	1	21.000000	19.876758	1	1.016463	2	3	1	1	0	0.0000
303	10	21.767117	1	21.000000	15.303584	1	2.523480	8	6	1	2	0	0.0000
304	11	21.767117	1	21.000000	15.881328	1	2.505615	4	7	1	1	0	0.0000
305	12	21.767117	2	21.000000	24.295082	2	1.600180	5	4	1	1	0	0.0000
306	13	21.767117	1	21.000000	14.787127	1	0.971338	7	3	1	2	0	0.0000
307	14	21.767117	2	21.000000	26.275370	2	0.608649	4	5	1	2	0	0.0000
308	15	21.767117	2	21.000000	26.273915	2	0.660537	6	2	1	1	0	0.0000
309	16	21.767117	1	21.000000	16.134919	1	0.742553	6	4	1	1	0	0.0000
310	17	21.767117	2	21.000000	26.547560	2	0.597178	6	8	1	1	0	0.0000
311	18	21.767117	1	21.000000	15.643895	1	0.681257	3	4	2	2	0	0.0000
312	19	21.767117	1	21.000000	15.004108	1	0.987099	3	4	1	1	0	0.0000
313	20	21.767117	2	21.000000	26.380683	2	0.646227	3	4	1	1	0	0.0000
314	1	50.610948	1	49.000000	47.466473	2	3.066659	4	6	1	2	2	1.4063
315	2	50.610948	2	49.000000	54.895549	2	1.677208	8	4	1	1	1	0.8979
316	3	50.610948	1	49.000000	46.091862	2	1.165150	3	2	1	2	2	1.7661
317	4	50.610948	1	49.000000	47.169524	1	2.022189	7	6	2	1	1	1.5325
318	5	50.610948	2	49.000000	53.019557	1	1.174137	3	2	1	2	2	0.9268
319	6	50.610948	2	49.000000	53.719709	1	1.880914	4	2	2	1	2	1.8286
320	7	50.610948	2	49.000000	52.208601	2	0.849996	4	6	1	2	1	1.1519
321	8	50.610948	2	49.000000	52.777693	2	0.952945	3	2	1	1	1	0.6190
322	9	50.610948	2	49.000000	52.063553	2	1.609642	3	2	1	2	2	1.1290
323	10	50.610948	1	49.000000	42.249819	1	1.610872	2	7	1	1	2	1.0262
324	11	50.610948	1	49.000000	47.911187	2	1.016889	2	3	2	2	1	0.4639
325	12	50.610948	2	49.000000	55.902783	2	1.820914	3	2	1	1	1	1.3873
326	13	50.610948	2	49.000000	55.858310	1	2.315085	2	5	1	1	2	1.1652
327	14	50.610948	1	49.000000	48.026533	2	1.061807	3	7	1	2	1	0.5787
328	15	50.610948	2	49.000000	55.419479	2	2.370952	2	5	2	2	1	0.7551
329	16	50.610948	1	49.000000	43.437108	1	1.484597	3	2	1	2	2	1.4487
330	17	50.610948	2	49.000000	52.198356	1	1.829386	7	8	2	2	2	0.6434
331	18	50.610948	1	49.000000	46.481473	1	1.089060	2	6	1	1	2	0.9173
332	19	50.610948	2	49.000000	54.212459	1	3.127946	5	2	1	2	2	0.8175
333	20	50.610948	2	49.000000	52.678199	2	0.719918	2	3	1	2	2	1.2116
334	21	50.610948	2	49.000000	55.024104	2	1.593810	8	3	1	1	1	0.7130
335	22	50.610948	1	49.000000	48.166911	2	2.948695	4	7	1	2	1	0.9331
336	23	50.610948	2	49.000000	55.881253	1	1.591016	2	3	1	2	2	0.5990
337	24	50.610948	2	49.000000	53.562095	1	2.166726	5	6	1	1	2	0.5189
338	25	50.610948	2	49.000000	54.689263	2	2.081821	5	8	1	2	2	1.8214
339	26	50.610948	1	49.000000	43.414261	1	1.907433	5	4	2	1	2	1.8945
340	27	50.610948	2	49.000000	55.157296	1	2.721102	7	2	1	2	1	1.0589
341	28	50.610948	2	49.000000	55.329481	2	1.527985	3	6	1	2	2	0.6347
342	29	50.610948	2	49.000000	52.565986	2	1.585087	7	6	1	2	2	0.8649
343	30	50.610948	1	49.000000	43.345956	1	2.141701	2	5	1	2	2	0.5834
344	31	50.610948	1	49.000000	42.702994	1	2.039623	3	2	1	1	2	2.0931
345	32	50.610948	1	49.000000	48.283468	2	1.248368	2	4	1	1	1	1.0458
346	33	50.610948	2	49.000000	52.979952	2	1.099100	3	2	1	2	2	0.5348
347	34	50.610948	1	49.000000	44.236020	1	1.561299	8	7	1	2	2	1.1065
348	35	50.610948	2	49.000000	54.721147	2	1.269822	5	4	1	1	1	0.8266
349	36	50.610948	1	49.000000	44.595605	1	2.433252	8	5	1	2	2	1.5668
350	37	50.610948	1	49.000000	48.701952	2	1.862962	8	5	1	1	1	0.8753
351	38	50.610948	1	49.000000	44.319941	1	1.336041	6	4	1	1	1	0.4101
352	39	50.610948	1	49.000000	46.279829	2	1.513310	2	7	1	2	1	0.3480
353	40	50.610948	2	49.000000	54.631108	2	1.157583	2	6	1	1	1	0.2394
354	41	50.610948	2	49.000000	53.827313	2	0.942174	2	6	1	1	1	0.3043
355	42	50.610948	1	49.000000	45.077418	2	2.180227	3	2	1	2	1	0.7639
356	43	50.610948	2	49.000000	54.839090	2	0.884557	2	6	2	2	2	0.2733
357	44	50.610948	1	49.000000	48.900387	2	1.094167	3	2	1	2	1	1.9788
358	45	50.610948	1	49.000000	46.967124	2	3.489839	3	2	2	1	2	1.0443
359	46	50.610948	1	49.000000	42.116214	1	2.769590	4	8	1	1	1	1.2174
360	47	50.610948	2	49.000000	55.248703	2	1.047756	5	3	1	2	1	0.7176
361	48	50.610948	1	49.000000	48.973604	2	1.784310	5	4	2	1	1	0.8962
362	49	50.610948	2	49.000000	53.013258	2	1.187618	5	3	1	1	2	1.0999
363	50	50.610948	1	49.000000	45.516462	2	2.783122	2	4	1	2	2	0.9102
364	51	50.610948	1	49.000000	47.497921	1	1.584870	8	7	1	1	1	1.0009
365	52	50.610948	1	49.000000	47.183787	1	2.328161	6	5	1	1	1	0.9461
366	53	50.610948	2	49.000000	54.423465	2	1.179443	5	8	1	1	1	0.5239
367	54	50.610948	2	49.000000	52.789933	2	2.358752	8	5	1	2	1	1.0796
368	55	50.610948	2	49.000000	54.585641	2	1.475318	4	5	1	1	1	0.8002
369	56	50.610948	2	49.000000	54.020547	1	3.351544	8	5	1	2	2	0.7036
370	57	50.610948	1	49.000000	43.531486	1	0.987048	3	8	1	2	1	1.1156
371	58	50.610948	1	49.000000	42.471703	1	1.102040	3	2	1	1	1	0.6577
372	59	50.610948	1	49.000000	42.753342	1	1.324038	3	6	1	2	2	0.5542
373	60	50.610948	1	49.000000	46.313788	2	3.179662	3	4	1	1	1	0.8665
374	61	50.610948	2	49.000000	55.693161	2	1.303171	5	7	1	1	1	1.4667
375	62	50.610948	2	49.000000	52.323476	2	0.881607	3	2	2	1	2	1.7075
376	63	50.610948	1	49.000000	43.259033	1	0.998160	2	8	2	2	2	0.5182
377	64	50.610948	1	49.000000	44.760736	1	3.233062	6	2	1	1	1	1.2298
378	65	50.610948	2	49.000000	54.614003	2	1.779458	8	2	1	1	1	1.4835
379	66	50.610948	2	49.000000	52.543820	2	1.550865	8	2	1	2	2	0.7364
380	67	50.610948	2	49.000000	55.462337	2	1.346306	3	4	1	1	1	0.6120
381	68	50.610948	1	49.000000	44.642569	1	2.362626	5	3	1	2	1	0.5871
382	69	50.610948	2	49.000000	55.883363	2	0.963200	5	8	1	2	2	1.4605
383	70	50.610948	1	49.000000	47.353305	1	1.801014	3	2	1	1	2	1.8245
384	1	62.093038	2	63.000000	64.168131	1	2.571528	2	4	1	1	0	0.0000
385	2	62.093038	2	63.000000	66.365085	1	1.527304	3	6	1	2	0	0.0000
386	3	62.093038	2	63.000000	69.762874	2	2.494310	2	3	1	2	0	0.0000
387	4	62.093038	1	63.000000	56.649332	1	1.117492	8	3	1	2	0	0.0000
388	5	62.093038	1	63.000000	59.969924	1	0.668245	5	4	2	1	0	0.0000
389	6	62.093038	2	63.000000	67.644362	2	0.669612	3	2	1	1	0	0.0000
390	7	62.093038	1	63.000000	59.832713	2	0.766722	5	3	1	2	0	0.0000
391	8	62.093038	1	63.000000	58.332641	2	0.612103	3	2	1	1	0	0.0000
392	9	62.093038	2	63.000000	66.668166	2	1.199517	2	8	1	1	0	0.0000
393	10	62.093038	2	63.000000	64.455659	2	0.779188	2	6	1	2	0	0.0000
394	11	62.093038	1	63.000000	58.599907	1	1.167848	4	2	1	1	0	0.0000
395	12	62.093038	1	63.000000	59.974658	1	0.748555	2	6	2	2	0	0.0000
396	13	62.093038	2	63.000000	69.774813	2	1.226818	6	3	1	1	0	0.0000
397	14	62.093038	1	63.000000	56.609742	1	0.685552	4	5	2	2	0	0.0000
398	15	62.093038	1	63.000000	60.003340	1	0.750333	3	2	1	1	0	0.0000
399	16	62.093038	1	63.000000	58.543521	1	0.836208	3	2	1	1	0	0.0000
400	17	62.093038	2	63.000000	69.418941	2	0.870881	8	3	1	1	0	0.0000
401	18	62.093038	2	63.000000	66.073639	2	0.679906	4	5	1	1	0	0.0000
402	19	62.093038	2	63.000000	66.002370	2	0.640584	5	6	1	1	0	0.0000
403	20	62.093038	2	63.000000	65.218847	2	0.747338	4	6	1	2	0	0.0000
404	21	62.093038	1	63.000000	59.477431	1	0.985177	5	2	1	1	0	0.0000
405	1	91.395967	1	89.639435	91.000000	2	2.056988	7	2	2	1	1	0.7019
406	2	91.395967	2	95.272088	91.000000	2	1.649260	8	5	1	2	2	0.6307
407	3	91.395967	2	92.821346	91.000000	2	1.484861	3	2	1	2	2	0.3209
408	4	91.395967	1	89.527567	91.000000	1	1.332063	5	3	1	1	1	1.9101
409	5	91.395967	2	95.038302	91.000000	1	1.280853	4	3	1	2	2	0.9809
410	6	91.395967	2	95.946688	91.000000	1	1.733082	5	6	1	1	1	1.2228
411	7	91.395967	1	85.957259	91.000000	1	1.301317	5	8	1	2	2	0.4729
412	8	91.395967	2	96.293945	91.000000	2	1.389660	4	7	2	2	2	0.4541
413	9	91.395967	1	89.904954	91.000000	1	1.123775	2	3	1	1	1	0.3667
414	10	91.395967	2	95.922966	91.000000	2	0.967906	4	2	2	1	1	0.5545
415	11	91.395967	1	84.203431	91.000000	1	1.378513	7	5	2	1	2	0.5319
416	12	91.395967	1	87.757536	91.000000	1	1.124913	4	7	2	2	2	0.8489
417	13	91.395967	1	84.855217	91.000000	1	1.193268	4	7	1	2	2	1.0619
418	14	91.395967	2	93.354837	91.000000	2	0.850183	2	3	1	1	1	0.3841
419	15	91.395967	1	84.901408	91.000000	1	1.024715	6	7	1	2	2	1.1037
420	16	91.395967	2	95.589940	91.000000	2	1.418909	2	3	1	2	2	0.5856
421	17	91.395967	2	94.721437	91.000000	2	1.498058	8	4	1	1	1	0.6774
422	18	91.395967	1	84.251207	91.000000	1	1.209524	7	2	1	1	1	1.0090
423	19	91.395967	1	89.880468	91.000000	1	2.048497	3	2	1	2	2	0.3893
424	1	6.996747	1	3.966033	7.000000	1	4.161093	6	7	1	2	0	0.0000
425	2	6.996747	1	0.110711	7.000000	1	2.180234	5	4	1	2	0	0.0000
426	3	6.996747	2	11.802850	7.000000	2	1.423811	4	7	1	2	0	0.0000
427	4	6.996747	2	12.671974	7.000000	2	1.474581	5	4	1	2	0	0.0000
428	5	6.996747	1	3.425507	7.000000	1	1.195348	3	7	1	2	0	0.0000
429	6	6.996747	1	0.154124	7.000000	1	1.335025	5	7	1	1	0	0.0000
430	7	6.996747	1	3.777719	7.000000	1	1.172972	3	2	1	2	0	0.0000
431	8	6.996747	2	8.554286	7.000000	2	0.770000	3	7	1	2	0	0.0000
432	9	6.996747	1	3.611548	7.000000	1	0.975059	8	6	1	1	0	0.0000
433	10	6.996747	1	4.917845	7.000000	1	1.228579	2	3	1	1	0	0.0000
434	11	6.996747	2	11.367863	7.000000	2	1.374721	5	8	2	2	0	0.0000
435	12	6.996747	2	8.703694	7.000000	1	3.267334	4	8	1	2	0	0.0000
436	13	6.996747	1	1.834596	7.000000	1	0.642759	4	3	1	2	0	0.0000
437	14	6.996747	1	3.050748	7.000000	1	0.565471	2	5	1	2	0	0.0000
438	1	32.263830	2	41.521561	35.000000	2	3.785902	5	6	2	2	1	1.9443
439	2	32.263830	2	35.965773	35.000000	1	1.576967	4	3	1	2	2	0.3375
440	3	32.263830	1	29.378086	35.000000	1	1.187864	3	2	2	1	2	1.3881
441	4	32.263830	1	29.778715	35.000000	1	1.291731	3	2	1	1	2	0.9281
442	5	32.263830	2	40.197601	35.000000	2	0.858037	3	7	1	1	1	0.3359
443	6	32.263830	2	40.733444	35.000000	2	1.802445	3	5	1	2	2	0.4976
444	7	32.263830	2	36.275643	35.000000	1	1.629246	8	2	2	1	1	0.5007
445	8	32.263830	1	30.318047	35.000000	1	1.694802	8	4	1	2	2	0.5467
446	9	32.263830	1	30.321571	35.000000	1	1.900279	3	2	1	2	1	1.2885
447	10	32.263830	1	30.026509	35.000000	1	1.259169	3	5	2	2	1	1.0409
448	11	32.263830	1	30.297696	35.000000	1	1.806690	2	7	1	2	2	0.8938
449	12	32.263830	2	40.861620	35.000000	2	1.049155	3	5	2	2	2	0.7350
450	13	32.263830	2	37.825153	35.000000	1	2.129070	2	3	1	2	2	1.7787
451	14	32.263830	1	30.226340	35.000000	2	1.514002	5	4	1	1	1	0.9886
452	15	32.263830	1	29.681982	35.000000	1	1.532717	2	8	1	1	1	0.4708
453	16	32.263830	2	34.299881	35.000000	1	1.907844	5	6	1	1	1	1.1188
454	17	32.263830	1	28.230057	35.000000	2	1.633210	8	5	1	1	2	2.5034
455	18	32.263830	1	29.213112	35.000000	2	1.641354	3	5	1	2	1	1.4154
456	19	32.263830	1	29.235726	35.000000	2	2.541558	3	6	1	2	2	1.7992
457	20	32.263830	2	35.422757	35.000000	2	3.245616	4	3	1	2	2	1.4983
458	21	32.263830	2	35.058688	35.000000	1	2.845148	7	2	1	1	1	0.9944
459	22	32.263830	1	29.212534	35.000000	1	1.737600	2	5	1	1	1	0.7794
460	23	32.263830	2	39.462119	35.000000	2	1.187338	3	6	1	2	2	0.6359
461	24	32.263830	1	28.962238	35.000000	1	1.026036	4	5	2	2	1	1.0812
462	25	32.263830	2	41.629998	35.000000	2	0.636987	2	3	1	1	1	0.6117
463	26	32.263830	2	36.845947	35.000000	2	2.066359	8	6	2	1	2	0.9109
464	27	32.263830	2	37.899076	35.000000	1	0.921513	2	4	1	2	2	1.0848
465	28	32.263830	1	29.329914	35.000000	1	1.440826	3	4	1	2	2	0.5828
466	29	32.263830	2	35.043872	35.000000	1	2.495118	2	3	1	1	1	1.5304
467	30	32.263830	1	28.051868	35.000000	2	1.195700	4	5	1	1	1	0.7554
468	31	32.263830	1	28.047513	35.000000	1	1.268898	3	4	1	1	1	1.0658
469	32	32.263830	1	28.427079	35.000000	1	0.878437	5	8	1	2	2	0.9709
470	33	32.263830	2	35.968355	35.000000	2	1.507662	3	4	1	2	2	0.7828
471	34	32.263830	2	39.130299	35.000000	2	1.759209	2	7	1	2	2	0.7603
472	35	32.263830	1	28.088859	35.000000	2	1.521096	3	2	2	1	1	0.7236
473	36	32.263830	2	37.965981	35.000000	2	1.822514	2	4	1	1	1	0.4290
474	37	32.263830	2	35.964527	35.000000	2	2.731330	2	8	1	2	2	1.3324
475	38	32.263830	2	36.881543	35.000000	2	2.534373	4	2	1	2	1	0.7755
476	39	32.263830	2	40.635342	35.000000	1	0.920290	2	4	1	1	1	0.7635
477	40	32.263830	2	36.484637	35.000000	2	0.908199	4	3	1	1	2	2.0401
478	41	32.263830	2	35.277018	35.000000	1	1.669349	4	5	1	2	2	0.8099
479	42	32.263830	1	28.766123	35.000000	2	0.586509	3	6	2	2	1	1.3460
480	43	32.263830	1	30.381777	35.000000	2	0.722851	5	2	1	2	1	0.4702
481	44	32.263830	1	30.414357	35.000000	2	2.939455	8	3	1	2	1	0.9484
482	45	32.263830	2	36.938162	35.000000	1	1.877699	5	4	1	2	1	1.2340
483	46	32.263830	1	30.329805	35.000000	2	1.319746	5	2	1	1	1	0.8347
484	47	32.263830	2	34.001243	35.000000	1	1.112699	6	2	1	2	2	1.8518
485	48	32.263830	2	39.707039	35.000000	3	0.992355	2	6	1	2	2	1.3886
486	49	32.263830	2	37.626396	35.000000	1	1.356031	3	7	1	1	2	0.5498
487	50	32.263830	1	30.309503	35.000000	2	0.535480	6	7	1	1	1	0.5302
488	51	32.263830	2	39.450192	35.000000	2	0.876332	5	2	1	1	1	1.6977
489	52	32.263830	2	36.550142	35.000000	2	0.636336	7	2	1	1	1	0.8351
490	53	32.263830	1	28.337913	35.000000	2	0.585144	7	2	1	1	1	0.5619
491	54	32.263830	1	30.809363	35.000000	2	0.794763	6	5	1	2	2	2.0829
492	55	32.263830	1	30.334978	35.000000	1	1.349919	6	2	1	2	2	1.5114
493	56	32.263830	2	34.112471	35.000000	2	2.875445	7	3	1	1	1	0.9574
494	57	32.263830	2	40.126964	35.000000	1	2.862582	3	2	1	2	2	0.7542
495	58	32.263830	2	41.572702	35.000000	2	4.083779	6	8	2	2	1	1.2379
496	59	32.263830	1	28.282548	35.000000	2	4.059537	4	2	1	2	2	1.5351
497	60	32.263830	2	36.705738	35.000000	1	0.488528	2	3	2	2	2	0.6295
498	61	32.263830	2	40.879302	35.000000	1	3.811712	2	3	1	1	2	0.7294
499	62	32.263830	1	28.509906	35.000000	2	2.419367	6	4	1	1	1	0.7376
500	63	32.263830	1	28.430020	35.000000	1	2.227627	8	5	1	1	2	0.9298
501	64	32.263830	1	29.767063	35.000000	1	0.875780	3	8	1	1	1	0.8891
502	65	32.263830	2	37.870178	35.000000	2	1.228960	2	3	1	1	1	1.0993
503	66	32.263830	2	38.607783	35.000000	1	2.686730	5	3	1	1	2	0.5217
504	67	32.263830	1	29.433017	35.000000	1	0.828551	5	3	1	1	1	0.5951
505	68	32.263830	1	29.521123	35.000000	1	0.834852	5	4	1	2	2	0.4013
506	69	32.263830	2	41.945850	35.000000	2	0.728915	3	8	1	1	1	1.7958
507	70	32.263830	2	39.993995	35.000000	2	1.538528	4	6	1	1	1	0.6443
508	71	32.263830	1	30.386405	35.000000	1	0.825884	7	5	2	1	1	0.8012
509	72	32.263830	2	40.293786	35.000000	2	1.032735	4	3	1	2	2	1.4471
510	73	32.263830	2	35.020161	35.000000	2	1.171876	5	4	1	1	1	1.3490
511	74	32.263830	1	29.589392	35.000000	2	2.110193	7	6	1	1	1	1.2570
512	75	32.263830	1	28.503546	35.000000	1	0.949882	6	7	1	2	2	1.0718
