1	1	50.041504	1	49.000000	46.905782	2	1.364367	5	3	1	2	0	0.0000
2	2	50.041504	1	49.000000	45.104445	1	1.245499	7	3	1	2	0	0.0000
3	3	50.041504	1	49.000000	42.581639	2	1.386173	6	5	1	1	0	0.0000
4	4	50.041504	2	49.000000	54.027851	1	0.807157	2	3	1	2	0	0.0000
5	5	50.041504	2	49.000000	55.647335	2	1.057420	2	3	1	1	0	0.0000
6	6	50.041504	1	49.000000	44.594026	2	0.771097	8	6	1	1	0	0.0000
7	7	50.041504	2	49.000000	54.128082	1	1.008465	3	2	2	1	0	0.0000
8	8	50.041504	1	49.000000	42.368481	2	1.804085	8	4	1	1	0	0.0000
9	9	50.041504	1	49.000000	43.897971	4	5.383210	7	6	1	2	0	0.0000
10	10	50.041504	1	49.000000	43.404964	2	0.636627	3	7	1	2	0	0.0000
11	11	50.041504	1	49.000000	43.237024	1	0.511418	5	6	1	2	0	0.0000
12	12	50.041504	2	49.000000	55.562848	2	1.054683	6	7	1	2	0	0.0000
13	13	50.041504	1	49.000000	42.501918	2	0.464423	7	5	1	1	0	0.0000
14	14	50.041504	2	49.000000	52.973706	2	0.289903	2	3	1	2	0	0.0000
15	15	50.041504	1	49.000000	44.849080	1	0.291046	5	3	1	2	0	0.0000
16	16	50.041504	2	49.000000	51.923797	2	0.293553	8	5	1	1	0	0.0000
17	17	50.041504	1	49.000000	45.538750	1	0.228238	4	8	1	1	0	0.0000
18	18	50.041504	2	49.000000	54.480377	2	0.207294	3	2	1	1	0	0.0000
19	19	50.041504	1	49.000000	48.103915	1	0.291476	6	7	1	2	0	0.0000
20	20	50.041504	2	49.000000	52.796126	2	0.230037	2	7	1	2	0	0.0000
21	21	50.041504	1	49.000000	46.794210	1	0.183463	6	3	1	1	0	0.0000
22	22	50.041504	2	49.000000	54.362041	2	0.204453	8	6	1	1	0	0.0000
23	23	50.041504	2	49.000000	52.539469	1	0.304817	4	2	1	2	0	0.0000
24	24	50.041504	2	49.000000	54.030222	1	0.281107	3	5	1	1	0	0.0000
25	25	50.041504	2	49.000000	54.225105	2	0.273990	6	8	1	2	0	0.0000
26	26	50.041504	2	49.000000	54.117021	2	0.283663	4	6	1	1	0	0.0000
27	27	50.041504	2	49.000000	52.786575	2	0.284624	2	3	1	2	0	0.0000
28	28	50.041504	2	49.000000	51.936102	2	0.229662	6	3	1	2	0	0.0000
29	29	50.041504	1	49.000000	44.998492	2	0.240576	2	8	1	2	0	0.0000
30	30	50.041504	1	49.000000	44.051822	1	0.211438	2	3	1	1	0	0.0000
31	31	50.041504	2	49.000000	54.839639	1	0.263281	8	6	1	1	0	0.0000
32	32	50.041504	2	49.000000	55.137791	2	0.248836	2	3	2	2	0	0.0000
33	33	50.041504	1	49.000000	48.431897	2	0.284686	5	4	1	2	0	0.0000
34	34	50.041504	1	49.000000	47.384016	2	0.285756	5	4	1	2	0	0.0000
35	35	50.041504	2	49.000000	53.946040	1	0.276941	7	5	1	2	0	0.0000
36	36	50.041504	2	49.000000	51.931710	2	0.238047	2	3	1	2	0	0.0000
37	37	50.041504	1	49.000000	45.485581	1	0.313095	8	4	1	1	0	0.0000
38	38	50.041504	1	49.000000	42.121287	2	0.232720	3	6	1	1	0	0.0000
39	39	50.041504	2	49.000000	55.995863	1	0.427678	6	7	1	2	0	0.0000
40	40	50.041504	1	49.000000	46.567267	2	2.246355	7	3	1	1	0	0.0000
41	41	50.041504	1	49.000000	42.838897	1	0.288745	2	5	1	2	0	0.0000
42	42	50.041504	2	49.000000	51.856652	1	0.848317	5	3	1	1	0	0.0000
43	43	50.041504	2	49.000000	53.108355	2	0.321980	7	5	1	1	0	0.0000
44	44	50.041504	2	49.000000	54.237717	2	0.329685	4	5	1	2	0	0.0000
45	45	50.041504	2	49.000000	55.956405	2	0.672289	4	7	1	2	0	0.0000
46	46	50.041504	2	49.000000	54.768903	2	0.274005	5	6	1	2	0	0.0000
47	47	50.041504	1	49.000000	44.928640	2	0.275620	7	2	1	2	0	0.0000
48	48	50.041504	2	49.000000	54.694491	1	0.260506	3	6	1	1	0	0.0000
49	49	50.041504	1	49.000000	44.251257	1	0.278113	7	8	1	2	0	0.0000
50	50	50.041504	1	49.000000	46.578667	2	0.263088	6	4	1	1	0	0.0000
51	51	50.041504	2	49.000000	55.346677	1	0.200675	3	2	1	2	0	0.0000
52	52	50.041504	2	49.000000	55.270409	1	0.253115	3	6	1	2	0	0.0000
53	53	50.041504	1	49.000000	44.407255	1	0.231439	3	2	1	1	0	0.0000
54	54	50.041504	1	49.000000	44.533117	1	0.274244	3	8	1	1	0	0.0000
55	55	50.041504	1	49.000000	43.478239	2	0.227876	3	5	1	2	0	0.0000
56	56	50.041504	1	49.000000	42.834536	1	0.215050	3	4	1	1	0	0.0000
57	57	50.041504	2	49.000000	51.893845	1	0.258632	8	5	1	1	0	0.0000
58	58	50.041504	2	49.000000	53.978237	2	0.260230	3	6	1	2	0	0.0000
59	59	50.041504	2	49.000000	52.728756	2	0.269895	5	7	1	1	0	0.0000
60	60	50.041504	1	49.000000	45.793729	1	0.303530	2	4	1	2	0	0.0000
61	61	50.041504	1	49.000000	45.079592	1	0.257279	4	3	2	1	0	0.0000
62	62	50.041504	1	49.000000	45.177690	2	0.218133	4	2	1	1	0	0.0000
63	63	50.041504	2	49.000000	55.011263	1	0.573927	2	7	1	2	0	0.0000
64	64	50.041504	1	49.000000	46.338179	2	1.188648	6	4	1	1	0	0.0000
65	65	50.041504	2	49.000000	53.845773	2	0.401003	3	4	1	2	0	0.0000
66	66	50.041504	2	49.000000	55.108448	2	0.267605	3	8	2	2	0	0.0000
67	67	50.041504	1	49.000000	47.222667	2	2.021320	7	3	1	1	0	0.0000
68	68	50.041504	2	49.000000	53.672967	1	0.311693	6	7	1	2	0	0.0000
69	69	50.041504	2	49.000000	55.491345	1	0.439150	6	3	2	1	0	0.0000
70	70	50.041504	2	49.000000	53.870734	2	0.249954	2	4	1	1	0	0.0000
71	71	50.041504	2	49.000000	53.753377	2	0.244383	4	6	1	1	0	0.0000
72	72	50.041504	2	49.000000	55.342951	2	0.246766	8	5	1	2	0	0.0000
73	73	50.041504	1	49.000000	46.416399	2	0.721005	3	5	1	1	0	0.0000
74	74	50.041504	2	49.000000	55.322197	1	0.481086	4	5	1	1	0	0.0000
75	75	50.041504	2	49.000000	51.762934	1	0.200980	7	5	1	2	0	0.0000
76	76	50.041504	1	49.000000	47.355144	2	0.229399	6	7	1	2	0	0.0000
77	77	50.041504	1	49.000000	48.266881	2	0.200349	2	3	1	1	0	0.0000
78	78	50.041504	2	49.000000	55.435977	1	0.396707	7	5	1	2	0	0.0000
79	79	50.041504	1	49.000000	47.502397	2	0.216893	4	2	2	1	0	0.0000
80	80	50.041504	1	49.000000	43.645829	1	0.244558	2	4	1	2	0	0.0000
81	81	50.041504	2	49.000000	54.843736	1	0.310945	3	2	2	1	0	0.0000
82	82	50.041504	1	49.000000	45.932824	1	0.238444	2	4	2	2	0	0.0000
83	83	50.041504	2	49.000000	55.512567	2	0.225373	6	5	2	1	0	0.0000
84	84	50.041504	2	49.000000	53.231668	1	0.300529	4	8	1	2	0	0.0000
85	85	50.041504	2	49.000000	53.416577	2	1.332904	7	6	1	2	0	0.0000
86	86	50.041504	1	49.000000	44.683261	2	1.154806	2	7	1	2	0	0.0000
87	87	50.041504	2	49.000000	54.623818	1	0.960540	3	5	1	1	0	0.0000
88	88	50.041504	2	49.000000	54.400895	2	0.821744	3	8	1	1	0	0.0000
89	89	50.041504	2	49.000000	53.905595	2	0.984878	6	5	1	1	0	0.0000
90	90	50.041504	2	49.000000	53.193471	2	0.821235	7	4	1	2	0	0.0000
91	91	50.041504	2	49.000000	55.386536	2	0.728513	7	5	1	2	0	0.0000
92	92	50.041504	1	49.000000	46.396306	2	0.527202	3	4	1	2	0	0.0000
93	93	50.041504	2	49.000000	55.911989	1	0.653817	3	4	1	2	0	0.0000
94	94	50.041504	2	49.000000	54.577858	2	0.903924	7	5	1	1	0	0.0000
95	95	50.041504	2	49.000000	51.797628	2	0.599714	4	7	1	2	0	0.0000
96	96	50.041504	2	49.000000	51.914173	2	0.907783	3	8	1	2	0	0.0000
97	97	50.041504	2	49.000000	52.478535	2	0.291509	7	8	1	1	0	0.0000
98	98	50.041504	1	49.000000	43.244591	2	0.635894	2	3	1	1	0	0.0000
99	99	50.041504	2	49.000000	51.689475	2	0.942254	6	5	1	1	0	0.0000
100	100	50.041504	2	49.000000	52.472737	2	0.444198	3	2	1	2	0	0.0000
101	101	50.041504	1	49.000000	47.593076	2	0.486382	4	3	1	1	0	0.0000
102	102	50.041504	1	49.000000	48.597213	2	0.831295	3	4	1	2	0	0.0000
103	103	50.041504	2	49.000000	54.057480	2	0.953623	6	4	2	1	0	0.0000
104	104	50.041504	2	49.000000	53.707732	2	0.847523	8	3	1	2	0	0.0000
105	105	50.041504	2	49.000000	54.552420	2	1.889288	6	7	1	2	0	0.0000
106	106	50.041504	2	49.000000	51.990375	2	0.737202	3	6	1	1	0	0.0000
107	107	50.041504	2	49.000000	54.866237	2	0.791716	5	3	1	2	0	0.0000
108	108	50.041504	2	49.000000	55.066057	2	0.636245	2	3	1	1	0	0.0000
109	109	50.041504	2	49.000000	52.380796	2	0.703039	4	3	1	1	0	0.0000
110	110	50.041504	1	49.000000	46.579048	2	1.270992	3	4	2	2	0	0.0000
111	111	50.041504	1	49.000000	42.298217	1	0.471826	5	3	1	2	0	0.0000
112	112	50.041504	2	49.000000	55.814744	2	0.753331	4	5	1	1	0	0.0000
113	113	50.041504	2	49.000000	55.335645	2	0.807234	4	6	1	2	0	0.0000
114	114	50.041504	1	49.000000	42.079460	1	0.635096	5	2	1	1	0	0.0000
115	115	50.041504	1	49.000000	44.538566	1	0.853803	4	3	1	1	0	0.0000
116	116	50.041504	2	49.000000	51.938131	2	0.511661	2	5	1	1	0	0.0000
117	1	63.729731	1	63.000000	61.518536	1	3.874971	8	6	2	1	1	1.9174
118	2	63.729731	2	63.000000	65.522223	2	0.828431	8	5	1	2	1	3.1308
119	3	63.729731	1	63.000000	60.721817	2	0.787177	8	6	1	1	2	3.0278
120	4	63.729731	2	63.000000	67.759749	2	3.345044	5	8	1	2	2	1.6648
121	5	63.729731	1	63.000000	57.225351	2	2.005042	3	5	2	2	2	1.0278
122	6	63.729731	1	63.000000	60.662734	2	2.513816	8	3	2	1	1	1.5814
123	7	63.729731	2	63.000000	69.738053	2	1.787362	3	5	1	1	1	0.8509
124	8	63.729731	2	63.000000	67.853164	1	2.064175	3	4	1	2	2	0.7166
125	9	63.729731	1	63.000000	60.466658	2	2.105971	3	5	1	2	2	1.1464
126	10	63.729731	1	63.000000	56.732211	2	1.363767	4	3	1	1	1	1.1565
127	11	63.729731	2	63.000000	68.532188	1	1.429651	2	8	1	1	1	0.6455
128	12	63.729731	1	63.000000	56.902024	1	2.593408	7	2	1	2	2	1.2557
129	13	63.729731	1	63.000000	56.576098	2	1.565009	8	7	1	2	2	0.9895
130	14	63.729731	1	63.000000	57.573236	2	1.957568	5	8	1	1	1	0.7905
131	15	63.729731	1	63.000000	60.416297	2	2.574803	7	5	1	2	2	1.0385
132	16	63.729731	1	63.000000	60.386953	1	2.132648	8	4	1	2	2	0.5917
133	17	63.729731	1	63.000000	58.218375	2	2.926243	3	4	1	2	2	0.9451
134	18	63.729731	1	63.000000	56.828677	2	2.625359	5	7	1	2	2	0.9990
135	19	63.729731	1	63.000000	59.102364	1	4.462265	3	2	1	1	1	0.9545
136	20	63.729731	2	63.000000	66.365554	1	2.890329	7	8	1	2	2	0.8289
137	21	63.729731	1	63.000000	62.302232	1	1.771347	4	8	1	2	2	0.6835
138	22	63.729731	1	63.000000	58.086894	1	1.976591	2	5	1	2	2	0.8554
139	23	63.729731	1	63.000000	58.899859	1	1.573050	7	3	1	1	1	1.2951
140	24	63.729731	2	63.000000	66.840320	2	1.520701	8	2	1	2	2	2.5951
141	25	63.729731	1	63.000000	57.664844	1	1.305534	4	2	1	2	2	0.8946
142	26	63.729731	1	63.000000	60.723775	1	1.984362	8	3	1	1	1	2.0559
143	27	63.729731	2	63.000000	65.896019	2	1.172542	5	3	1	1	1	0.9494
144	28	63.729731	2	63.000000	66.830602	1	0.846852	3	8	1	1	1	1.5406
145	29	63.729731	1	63.000000	57.538531	2	0.902199	3	5	2	2	2	0.8659
146	30	63.729731	2	63.000000	65.608194	1	0.934742	7	4	1	1	1	0.6428
147	31	63.729731	1	63.000000	62.203382	2	2.055470	3	8	1	2	1	0.3563
148	32	63.729731	2	63.000000	68.404794	2	0.822165	7	5	1	1	1	0.8454
149	33	63.729731	1	63.000000	59.517381	1	0.530783	2	7	1	2	2	0.4373
150	34	63.729731	2	63.000000	65.927122	2	0.516011	8	5	1	2	2	0.8792
151	35	63.729731	1	63.000000	57.267229	2	0.547475	7	2	1	1	1	0.5814
152	36	63.729731	1	63.000000	59.103170	1	0.813768	6	3	1	1	1	0.7265
153	37	63.729731	2	63.000000	66.257635	1	0.407925	2	4	1	1	1	0.5518
154	38	63.729731	1	63.000000	56.275495	2	0.369682	4	6	1	1	1	0.5319
155	39	63.729731	2	63.000000	67.699256	1	1.421526	5	8	1	1	1	0.4521
156	40	63.729731	1	63.000000	57.897887	1	0.314158	2	5	1	2	2	0.8375
157	41	63.729731	2	63.000000	69.036192	2	0.419716	5	3	2	1	1	0.9552
158	42	63.729731	2	63.000000	68.734286	1	0.492651	6	4	1	2	1	1.0165
159	43	63.729731	1	63.000000	61.363911	2	0.575354	2	3	1	2	2	0.9838
160	44	63.729731	1	63.000000	59.538376	1	1.871961	6	7	1	2	2	1.1562
161	45	63.729731	1	63.000000	56.428694	2	0.445712	6	3	1	2	2	0.5635
162	46	63.729731	1	63.000000	59.033105	1	1.252699	6	5	1	2	2	0.3862
163	47	63.729731	1	63.000000	56.584102	2	0.434777	8	4	1	1	1	1.0575
164	48	63.729731	2	63.000000	66.619594	1	1.838778	4	2	1	1	2	0.4524
165	49	63.729731	1	63.000000	61.900517	2	0.402297	5	3	1	1	1	0.3464
166	50	63.729731	1	63.000000	59.306479	2	1.316347	5	7	2	2	1	1.2548
167	51	63.729731	2	63.000000	69.022936	2	1.652212	3	7	2	2	1	0.5710
168	52	63.729731	1	63.000000	60.036265	2	0.450558	4	3	1	1	1	0.5524
169	53	63.729731	2	63.000000	67.358634	1	0.874239	8	3	2	1	1	1.5593
170	54	63.729731	1	63.000000	60.060263	2	3.216314	2	3	1	1	1	0.8376
171	55	63.729731	1	63.000000	60.148708	2	0.787637	5	6	1	2	1	1.0201
172	56	63.729731	2	63.000000	69.218009	2	1.106914	4	2	1	2	2	0.5184
173	57	63.729731	1	63.000000	57.196576	2	0.969630	3	2	2	1	1	1.0186
174	58	63.729731	1	63.000000	58.458706	1	0.458556	6	4	1	1	1	1.0387
175	59	63.729731	2	63.000000	69.567804	1	1.388819	3	7	1	1	2	1.2128
176	60	63.729731	2	63.000000	67.387919	2	1.228445	5	4	1	2	2	2.6015
177	61	63.729731	2	63.000000	68.857245	1	1.743659	4	2	1	2	2	0.6087
178	62	63.729731	2	63.000000	69.063229	1	1.328403	3	5	1	1	1	0.4985
179	63	63.729731	2	63.000000	68.033899	2	0.615818	4	6	1	1	1	0.3495
180	64	63.729731	2	63.000000	67.921992	2	0.519395	5	8	1	1	1	0.2987
181	65	63.729731	1	63.000000	56.020033	2	0.734704	5	4	2	1	2	0.3692
182	66	63.729731	2	63.000000	65.580977	2	0.962281	6	2	1	1	1	0.7970
183	67	63.729731	1	63.000000	56.947975	2	0.611763	6	4	1	1	1	0.6983
184	68	63.729731	1	63.000000	61.577658	2	0.461811	5	3	2	1	1	1.5150
185	69	63.729731	1	63.000000	59.041020	1	0.261498	6	4	1	1	1	0.5951
186	70	63.729731	2	63.000000	67.899771	1	0.626889	4	6	1	2	2	0.9846
187	71	63.729731	1	63.000000	61.051970	2	0.361369	5	3	1	2	2	0.6747
188	72	63.729731	1	63.000000	57.541776	1	0.017505	3	5	1	2	2	2.1211
189	73	63.729731	2	63.000000	66.310327	2	0.585430	3	6	1	2	1	0.8900
190	74	63.729731	1	63.000000	59.043991	2	0.726268	2	8	1	2	2	1.4247
191	75	63.729731	1	63.000000	59.703646	2	0.839240	3	2	1	1	1	0.5817
192	76	63.729731	2	63.000000	65.899502	1	0.774077	3	4	1	2	2	1.2151
193	77	63.729731	1	63.000000	58.209420	2	0.528001	7	6	2	1	1	0.8802
194	78	63.729731	1	63.000000	57.516918	1	0.532570	5	3	2	1	1	0.9351
195	79	63.729731	1	63.000000	59.057474	1	0.601306	3	5	2	2	1	0.3612
196	80	63.729731	1	63.000000	58.471461	1	0.364125	3	5	1	1	1	0.6919
197	81	63.729731	2	63.000000	66.316644	1	0.560209	3	2	1	2	2	0.3693
198	82	63.729731	2	63.000000	65.459393	2	0.476476	2	3	1	1	1	0.5840
199	83	63.729731	1	63.000000	61.217572	2	0.368548	6	7	1	2	2	0.8739
200	84	63.729731	2	63.000000	68.338364	1	0.254860	3	5	1	1	2	0.8769
201	85	63.729731	2	63.000000	68.863886	2	0.072959	6	3	1	1	1	0.8067
202	86	63.729731	1	63.000000	58.413029	1	0.014234	7	5	1	1	1	1.1020
203	87	63.729731	1	63.000000	58.155979	1	0.345368	5	6	1	2	2	0.6516
204	88	63.729731	2	63.000000	65.312645	2	0.586397	7	6	1	1	1	0.8337
205	89	63.729731	2	63.000000	67.984893	2	0.591993	2	3	1	2	2	0.7600
206	90	63.729731	2	63.000000	67.664425	2	0.424860	2	3	1	1	1	1.4242
207	91	63.729731	2	63.000000	65.817093	1	0.358658	6	5	1	1	2	0.4321
208	92	63.729731	2	63.000000	68.711123	2	0.542662	2	5	1	2	2	0.5863
209	93	63.729731	1	63.000000	56.553686	2	0.136909	6	3	1	2	2	0.6678
210	94	63.729731	1	63.000000	60.364495	1	0.560967	4	2	1	1	1	0.3639
211	95	63.729731	1	63.000000	56.377177	1	0.459425	6	3	1	2	2	0.8888
212	96	63.729731	1	63.000000	61.402171	1	0.485075	7	8	1	2	1	0.5695
213	97	63.729731	1	63.000000	56.388757	1	0.426795	6	5	1	1	2	0.8494
214	98	63.729731	1	63.000000	58.073804	2	0.462992	3	6	2	2	2	0.6043
215	99	63.729731	1	63.000000	58.618438	1	0.261670	2	3	1	2	2	0.6113
216	100	63.729731	2	63.000000	65.203083	1	0.512647	6	7	2	2	2	1.0438
217	101	63.729731	1	63.000000	61.916010	2	0.433291	2	3	1	2	2	0.8000
218	102	63.729731	2	63.000000	69.758022	1	0.559457	3	7	1	2	2	0.3782
219	103	63.729731	1	63.000000	61.870559	1	0.361611	2	3	1	1	2	1.0669
220	104	63.729731	2	63.000000	68.290740	2	0.352786	8	4	1	2	2	0.5537
221	105	63.729731	1	63.000000	61.398873	1	0.387522	5	4	1	1	1	1.0380
222	106	63.729731	1	63.000000	56.637945	2	0.234088	2	4	1	2	2	0.8652
223	107	63.729731	2	63.000000	67.061168	1	0.334064	3	6	1	2	2	0.6569
224	108	63.729731	2	63.000000	68.581780	2	0.384086	5	2	1	2	2	0.6889
225	109	63.729731	1	63.000000	61.338905	2	0.723602	2	3	1	1	2	1.1026
226	110	63.729731	1	63.000000	61.250041	1	0.554096	4	5	1	1	2	1.3480
227	111	63.729731	1	63.000000	58.708424	1	1.173237	3	2	1	1	2	0.5900
228	112	63.729731	2	63.000000	65.349242	1	0.710476	8	5	1	2	2	0.7057
229	113	63.729731	1	63.000000	57.039190	2	0.485152	2	3	1	2	1	1.1298
230	114	63.729731	1	63.000000	59.743207	2	0.675891	3	2	1	2	2	0.4644
231	115	63.729731	2	63.000000	68.018802	1	0.413657	5	4	1	2	2	0.7091
232	116	63.729731	1	63.000000	62.184538	1	0.288662	2	8	1	2	2	0.3895
233	117	63.729731	1	63.000000	56.110540	1	0.301921	3	4	1	2	1	0.7382
234	118	63.729731	2	63.000000	69.195000	1	0.380518	6	3	1	2	1	1.4390
235	119	63.729731	2	63.000000	69.036937	2	0.924664	7	2	1	2	1	2.2959
236	120	63.729731	1	63.000000	56.480279	2	0.488376	2	3	1	2	2	0.9092
237	121	63.729731	2	63.000000	65.561162	1	0.384658	7	4	1	2	1	1.4813
238	122	63.729731	2	63.000000	66.026051	2	0.813092	6	3	1	1	1	0.5643
239	123	63.729731	2	63.000000	68.819462	2	0.477164	2	7	2	2	1	0.7939
240	124	63.729731	2	63.000000	69.252553	2	0.475255	2	7	1	1	1	2.3189
241	125	63.729731	2	63.000000	69.613253	2	0.792553	4	3	2	1	1	0.6324
242	126	63.729731	2	63.000000	67.662171	2	0.895363	5	7	1	2	1	0.3145
243	127	63.729731	2	63.000000	69.410151	1	0.101676	7	2	1	1	1	0.1059
244	128	63.729731	1	63.000000	57.221114	1	0.021976	8	3	2	1	2	0.1177
245	129	63.729731	1	63.000000	61.332704	2	0.417133	7	4	1	2	2	0.3446
246	130	63.729731	2	63.000000	66.750203	2	0.298643	2	8	1	1	1	0.3602
247	131	63.729731	2	63.000000	69.943588	1	0.024423	3	2	2	1	2	0.0962
248	132	63.729731	2	63.000000	69.456450	2	0.252452	5	7	2	2	1	0.2987
249	133	63.729731	2	63.000000	69.842502	2	1.678581	5	2	1	1	1	0.7464
250	134	63.729731	1	63.000000	56.959920	2	0.123893	2	3	1	1	1	0.4876
251	135	63.729731	2	63.000000	65.957245	1	0.940031	3	7	1	1	1	0.7663
252	136	63.729731	2	63.000000	66.408938	1	0.495301	3	6	1	2	2	0.6752
253	137	63.729731	1	63.000000	61.747262	2	0.344269	6	4	1	1	1	0.5624
254	138	63.729731	2	63.000000	65.942165	1	0.819620	5	8	1	2	2	0.7945
255	139	63.729731	1	63.000000	56.503883	2	0.842217	6	2	1	1	1	0.5119
256	140	63.729731	2	63.000000	67.060558	1	0.210984	2	5	1	2	2	0.6665
257	141	63.729731	2	63.000000	65.134280	1	0.295589	3	2	1	1	1	0.6515
258	142	63.729731	1	63.000000	60.158645	1	0.201415	5	8	1	1	1	0.7136
259	143	63.729731	2	63.000000	67.984480	1	0.180530	5	8	2	2	2	0.7415
260	144	63.729731	2	63.000000	67.272309	2	0.111818	3	2	1	2	1	0.5874
261	145	63.729731	2	63.000000	68.461332	2	1.780100	2	3	1	1	1	1.6436
262	146	63.729731	2	63.000000	66.130565	1	0.352412	3	2	1	1	1	0.9323
263	147	63.729731	2	63.000000	68.015236	1	0.124640	2	3	1	2	2	0.6643
264	148	63.729731	2	63.000000	68.074994	2	0.501277	3	2	1	2	2	1.1293
265	149	63.729731	2	63.000000	69.090601	2	0.324862	5	6	1	1	1	1.0629
266	150	63.729731	1	63.000000	61.575982	1	0.043423	2	8	2	2	2	0.6257
267	151	63.729731	2	63.000000	68.722586	2	0.408967	2	3	2	2	2	1.2244
268	152	63.729731	1	63.000000	61.543085	2	0.022789	3	8	1	1	1	1.5745
269	153	63.729731	2	63.000000	67.232588	1	0.446891	7	6	1	2	2	2.4768
270	154	63.729731	1	63.000000	60.095823	1	0.072438	7	3	1	1	1	0.8143
271	155	63.729731	1	63.000000	58.048295	2	0.525013	2	3	2	2	2	0.8484
272	156	63.729731	2	63.000000	67.380128	2	0.269985	3	2	2	1	1	1.0914
273	157	63.729731	1	63.000000	56.394499	1	0.399463	3	2	1	1	1	1.1373
274	158	63.729731	1	63.000000	57.650228	1	0.257530	4	3	1	2	2	1.4813
275	159	63.729731	2	63.000000	68.090783	2	0.459255	8	3	1	1	1	1.4968
276	160	63.729731	1	63.000000	57.655014	1	0.083665	3	4	1	2	2	1.0649
277	161	63.729731	1	63.000000	61.445714	2	0.021459	4	5	1	1	1	1.1411
278	162	63.729731	2	63.000000	67.021298	1	0.063186	7	8	2	2	2	1.9809
279	163	63.729731	2	63.000000	65.273370	1	0.020030	2	5	1	1	1	0.9239
280	164	63.729731	2	63.000000	67.947557	1	0.286739	3	8	1	1	1	2.6451
281	165	63.729731	2	63.000000	67.989582	2	0.504350	2	3	1	1	1	0.7163
282	166	63.729731	2	63.000000	69.264548	1	0.015264	7	4	1	1	1	1.1511
283	167	63.729731	2	63.000000	68.587138	2	0.480420	2	3	1	1	1	0.5331
284	168	63.729731	2	63.000000	67.945391	2	0.439428	4	2	1	2	2	0.7662
285	169	63.729731	1	63.000000	57.027942	1	0.511057	8	3	1	2	2	0.4106
286	170	63.729731	1	63.000000	56.203850	1	0.073647	5	2	1	1	1	0.6792
287	171	63.729731	1	63.000000	60.929268	2	0.003304	2	3	1	2	2	0.6938
288	172	63.729731	1	63.000000	61.033424	1	0.184439	8	5	1	1	1	0.8733
289	173	63.729731	2	63.000000	68.830189	2	0.470088	4	2	1	2	2	0.5314
290	174	63.729731	2	63.000000	68.362166	1	0.533917	7	3	2	1	1	2.8645
291	175	63.729731	1	63.000000	61.285742	1	0.357456	3	4	2	2	2	0.3820
292	176	63.729731	2	63.000000	69.525333	2	0.174494	8	7	1	2	2	1.0976
293	177	63.729731	1	63.000000	58.053251	1	0.485083	6	5	2	1	2	1.5362
294	178	63.729731	2	63.000000	65.177434	1	0.129896	2	8	1	1	1	0.9408
295	179	63.729731	2	63.000000	68.350960	2	0.190773	4	5	1	2	2	0.7438
296	180	63.729731	1	63.000000	60.181883	1	0.297518	6	5	1	1	1	0.7896
297	181	63.729731	2	63.000000	67.530904	2	0.029687	2	3	1	1	1	2.1009
298	182	63.729731	2	63.000000	68.937413	2	0.047266	5	4	2	1	1	0.4856
299	183	63.729731	1	63.000000	60.408113	2	0.466216	4	3	1	1	1	1.0555
300	184	63.729731	1	63.000000	58.722691	1	0.436917	2	3	1	1	1	0.6677
301	185	63.729731	2	63.000000	69.664757	1	0.496733	4	3	1	2	2	1.0687
302	186	63.729731	2	63.000000	68.454396	2	0.193369	7	3	1	2	1	1.4095
303	187	63.729731	1	63.000000	60.452126	2	0.064711	6	4	1	1	1	0.9503
304	188	63.729731	1	63.000000	56.363519	1	0.503846	2	7	1	1	1	1.6119
305	189	63.729731	1	63.000000	59.040266	1	0.266185	6	5	2	1	2	0.6476
306	190	63.729731	2	63.000000	65.783382	2	0.797289	5	3	1	2	2	1.5891
307	191	63.729731	1	63.000000	60.642189	2	0.012582	4	7	2	2	2	0.4924
308	192	63.729731	2	63.000000	67.517462	1	0.489004	3	8	1	1	2	1.0135
309	193	63.729731	1	63.000000	58.961102	2	0.692304	5	3	1	1	2	1.0562
310	194	63.729731	1	63.000000	57.802785	2	1.493424	2	3	1	1	1	0.7529
311	195	63.729731	2	63.000000	66.613878	1	0.026305	3	5	1	2	2	0.5054
312	196	63.729731	2	63.000000	68.894395	1	0.461382	8	5	1	2	2	0.8185
313	197	63.729731	2	63.000000	69.121376	2	0.441357	3	6	2	2	2	0.7681
314	198	63.729731	2	63.000000	68.405967	2	1.441180	3	4	1	2	2	0.8071
315	199	63.729731	1	63.000000	61.369050	2	0.982731	2	3	1	1	2	0.9588
316	200	63.729731	1	63.000000	58.853204	1	1.096406	2	7	1	2	2	0.5799
317	201	63.729731	2	63.000000	66.339753	2	0.020155	6	2	2	1	1	0.6039
318	202	63.729731	1	63.000000	61.036777	1	0.035744	6	8	2	2	2	0.4029
319	203	63.729731	1	63.000000	56.728170	2	0.426605	5	7	1	1	1	0.7452
320	204	63.729731	2	63.000000	68.740780	1	0.034906	2	5	1	2	2	1.0341
321	205	63.729731	1	63.000000	56.919190	1	0.272152	2	3	1	2	2	1.3735
322	206	63.729731	2	63.000000	68.611018	1	0.021933	5	2	1	1	2	0.7114
323	207	63.729731	1	63.000000	60.952492	2	0.072753	4	7	1	1	1	0.7504
324	208	63.729731	2	63.000000	68.752493	1	0.495841	7	3	1	1	1	0.6360
325	209	63.729731	2	63.000000	69.973053	2	0.330337	8	3	1	1	1	0.7412
326	210	63.729731	2	63.000000	68.995698	1	0.448683	4	8	2	2	2	0.4375
327	211	63.729731	1	63.000000	58.996138	2	0.140017	4	2	1	1	1	0.8149
328	212	63.729731	2	63.000000	69.838728	2	0.007205	8	3	1	2	1	2.0400
329	213	63.729731	1	63.000000	60.584898	2	0.428584	3	4	2	2	1	2.8360
330	214	63.729731	1	63.000000	57.922955	2	1.942877	5	4	1	2	1	0.6318
331	215	63.729731	2	63.000000	67.827287	2	1.918125	3	5	1	2	2	1.0084
332	216	63.729731	1	63.000000	60.376906	1	0.463827	3	7	1	1	1	0.6292
333	217	63.729731	2	63.000000	65.650973	2	0.387478	3	2	1	1	2	1.0444
334	218	63.729731	1	63.000000	60.551217	2	0.345869	4	8	1	2	2	0.6280
335	219	63.729731	2	63.000000	67.843059	1	0.290179	2	6	1	1	1	1.1510
336	220	63.729731	1	63.000000	57.429185	1	0.480351	4	6	1	1	2	0.6930
337	221	63.729731	1	63.000000	56.599002	2	0.168603	4	5	2	2	2	0.6103
338	222	63.729731	2	63.000000	68.837266	2	0.369301	4	7	2	2	2	0.7946
339	223	63.729731	2	63.000000	66.243467	1	0.010127	6	5	1	2	2	0.7940
340	224	63.729731	1	63.000000	58.684452	1	0.985542	2	4	1	1	1	0.9697
341	225	63.729731	1	63.000000	56.017406	1	0.490540	2	7	1	2	2	0.6392
342	226	63.729731	2	63.000000	69.044992	2	0.581692	8	2	1	1	1	0.9681
343	227	63.729731	2	63.000000	67.511389	1	0.246956	3	8	1	1	1	0.7653
344	228	63.729731	1	63.000000	58.541122	1	0.326309	4	3	1	1	2	0.8089
345	229	63.729731	1	63.000000	56.815909	2	0.322154	4	3	1	1	2	0.4599
346	230	63.729731	1	63.000000	57.153784	1	0.217016	3	2	2	1	1	1.0167
347	231	63.729731	1	63.000000	58.802915	2	1.319465	3	4	1	1	1	0.8040
348	232	63.729731	1	63.000000	60.986502	1	0.665731	6	2	1	1	1	0.4869
349	233	63.729731	1	63.000000	58.897187	2	0.275410	5	3	1	2	2	0.3201
350	234	63.729731	1	63.000000	59.571815	2	0.179362	3	2	1	2	2	1.2204
351	235	63.729731	1	63.000000	61.865763	1	0.234993	7	6	1	2	2	0.3699
352	236	63.729731	2	63.000000	65.300198	2	0.147148	2	3	1	1	1	0.4854
353	237	63.729731	1	63.000000	58.012074	2	0.633720	6	2	1	2	2	0.9443
354	238	63.729731	1	63.000000	61.859066	2	0.601953	2	3	1	2	2	1.1378
355	239	63.729731	1	63.000000	57.002196	2	0.243713	7	3	1	2	2	0.8739
356	240	63.729731	2	63.000000	67.475747	1	0.310846	7	3	1	1	1	0.9143
357	241	63.729731	2	63.000000	68.259210	2	0.381142	4	5	1	1	1	0.4236
358	242	63.729731	2	63.000000	66.825746	1	0.613022	2	3	1	2	2	0.7324
359	243	63.729731	1	63.000000	59.191123	2	0.014477	8	2	1	2	1	0.4542
360	244	63.729731	1	63.000000	58.317670	1	0.324170	4	5	2	2	2	0.6474
361	245	63.729731	2	63.000000	68.374511	1	0.053228	3	2	1	2	2	0.6595
362	246	63.729731	1	63.000000	60.584111	2	0.488828	6	3	1	2	3	0.4943
363	247	63.729731	1	63.000000	61.239407	1	3.945068	2	6	1	1	2	1.0004
364	248	63.729731	2	63.000000	69.593912	1	0.385702	2	4	1	2	2	0.8326
365	249	63.729731	1	63.000000	58.285084	2	0.534871	8	7	1	2	1	0.5216
366	250	63.729731	2	63.000000	69.181200	1	0.516631	2	3	1	1	1	0.6161
367	251	63.729731	2	63.000000	69.854675	1	0.231083	3	2	1	1	1	0.7258
368	252	63.729731	1	63.000000	58.703215	2	0.536800	5	7	1	1	1	0.8755
369	253	63.729731	1	63.000000	57.151190	1	0.096294	6	7	1	1	1	0.5488
370	254	63.729731	1	63.000000	61.311888	1	0.182272	3	2	2	1	2	0.6393
371	255	63.729731	1	63.000000	61.979481	1	0.053616	4	5	1	2	2	0.7481
372	256	63.729731	1	63.000000	58.762655	2	0.045540	4	3	1	1	1	0.6519
373	257	63.729731	1	63.000000	56.571889	2	0.505613	4	6	1	1	1	0.4137
374	258	63.729731	1	63.000000	59.230149	2	0.396861	3	6	2	2	2	0.7969
375	259	63.729731	1	63.000000	61.222862	1	0.020409	2	3	1	1	1	0.4699
376	260	63.729731	2	63.000000	68.736604	1	0.593242	2	3	1	2	2	0.8172
377	261	63.729731	1	63.000000	59.840823	2	0.048187	3	7	1	1	1	0.7986
378	262	63.729731	1	63.000000	59.382801	1	0.630193	4	3	1	1	1	0.6447
379	263	63.729731	1	63.000000	57.981448	1	0.946425	6	7	2	2	2	1.0137
380	264	63.729731	1	63.000000	60.329606	1	0.946746	5	6	2	2	1	1.0204
381	265	63.729731	2	63.000000	67.799573	2	0.539096	8	7	2	1	2	0.5098
382	266	63.729731	1	63.000000	59.638247	2	0.456913	6	2	1	2	1	0.6407
383	267	63.729731	2	63.000000	67.498013	1	0.549325	4	2	2	1	1	0.8811
384	268	63.729731	2	63.000000	66.401895	2	0.443349	6	3	1	2	1	0.8895
385	269	63.729731	1	63.000000	61.968005	2	0.357747	6	4	1	2	1	0.5276
386	270	63.729731	1	63.000000	59.636886	1	0.394185	2	6	1	1	2	0.4343
387	271	63.729731	1	63.000000	57.277979	1	0.472717	8	3	1	1	2	0.5742
388	272	63.729731	2	63.000000	66.581837	1	0.431255	3	2	1	2	2	0.6059
389	273	63.729731	1	63.000000	61.599909	1	0.837698	3	8	1	1	1	0.3962
390	274	63.729731	1	63.000000	56.139259	1	0.164027	7	2	2	1	1	0.9175
391	275	63.729731	2	63.000000	65.786588	1	0.496302	6	3	1	1	1	0.6764
392	276	63.729731	2	63.000000	68.821391	1	0.464115	2	3	1	1	1	0.8700
393	277	63.729731	2	63.000000	66.657329	2	0.298991	2	4	2	2	2	0.8709
394	278	63.729731	1	63.000000	59.616316	2	0.387878	4	7	1	1	1	0.6366
395	279	63.729731	2	63.000000	69.558134	1	0.283074	3	2	2	1	2	0.9775
396	280	63.729731	1	63.000000	61.550829	1	0.888554	4	2	1	2	1	0.5330
397	281	63.729731	2	63.000000	68.001270	1	0.639428	3	2	1	2	2	0.3516
398	282	63.729731	2	63.000000	69.163928	2	0.695854	4	3	1	2	2	0.3716
399	283	63.729731	2	63.000000	65.185798	2	0.444842	2	7	1	1	1	0.5471
400	284	63.729731	2	63.000000	66.679687	2	0.396746	4	3	1	2	1	0.9247
401	285	63.729731	1	63.000000	61.551711	2	0.351713	3	2	1	2	2	0.6418
402	286	63.729731	1	63.000000	58.177028	1	0.144157	2	3	1	1	1	0.4824
403	287	63.729731	2	63.000000	65.547372	1	0.502803	2	4	1	2	2	0.6749
404	288	63.729731	1	63.000000	60.343672	2	0.289793	6	3	1	2	2	0.6286
405	289	63.729731	2	63.000000	65.173770	2	0.299218	3	4	1	1	2	0.8472
406	290	63.729731	2	63.000000	66.255337	1	0.076724	4	3	2	1	2	0.4977
407	291	63.729731	1	63.000000	56.697793	2	0.461509	3	2	2	1	1	0.8110
408	292	63.729731	1	63.000000	56.465896	1	0.089847	5	8	1	1	1	1.2411
409	293	63.729731	1	63.000000	57.677570	1	0.524608	6	7	1	1	2	1.0078
410	294	63.729731	1	63.000000	59.997212	1	0.007323	3	2	1	2	2	0.6397
411	295	63.729731	2	63.000000	65.973401	1	0.006159	2	5	1	1	2	0.9345
412	296	63.729731	2	63.000000	69.969443	2	0.704776	5	4	1	2	2	0.5725
413	297	63.729731	2	63.000000	69.139955	1	0.149597	8	3	2	1	1	0.7358
414	298	63.729731	1	63.000000	56.922179	2	0.106230	6	2	1	2	1	0.5985
415	299	63.729731	2	63.000000	69.054883	2	0.454101	5	3	1	1	1	0.7483
416	300	63.729731	2	63.000000	67.671191	2	0.509992	5	8	1	1	2	0.6748
417	301	63.729731	2	63.000000	68.551044	1	0.222136	8	3	1	2	2	0.7019
418	302	63.729731	1	63.000000	58.892507	2	0.641576	4	6	1	2	1	3.6078
419	303	63.729731	2	63.000000	66.588328	2	0.197408	4	3	1	1	1	0.6376
420	304	63.729731	1	63.000000	57.009328	2	0.428041	4	3	1	1	1	0.5465
421	305	63.729731	1	63.000000	58.304684	1	0.396490	8	7	2	1	1	1.0205
422	306	63.729731	2	63.000000	68.871213	1	0.707430	3	6	1	2	2	0.9752
423	307	63.729731	2	63.000000	65.900433	1	0.791919	7	8	2	2	1	0.4237
424	308	63.729731	1	63.000000	60.278345	2	0.070882	3	4	1	2	1	0.5486
425	309	63.729731	1	63.000000	62.076600	2	0.046156	5	3	1	1	1	0.6046
426	310	63.729731	1	63.000000	58.020192	1	0.084355	6	2	1	1	1	0.5454
427	311	63.729731	2	63.000000	68.880783	1	0.147034	3	2	1	1	1	0.5002
428	312	63.729731	1	63.000000	60.139450	1	0.497168	4	7	1	2	2	0.6370
429	313	63.729731	1	63.000000	58.384372	1	0.419586	7	4	1	2	2	0.4350
430	314	63.729731	2	63.000000	66.854627	1	0.385482	4	7	1	1	2	1.2581
431	315	63.729731	1	63.000000	60.917878	2	0.431207	7	8	1	2	2	0.3981
432	316	63.729731	1	63.000000	60.144960	1	0.373963	2	8	1	1	1	0.5272
433	317	63.729731	1	63.000000	59.260512	1	0.409955	7	8	2	2	2	0.4333
434	318	63.729731	1	63.000000	56.848573	1	0.375899	5	6	1	2	2	0.9687
435	319	63.729731	1	63.000000	58.404703	1	0.434929	2	4	1	2	2	0.4962
436	320	63.729731	2	63.000000	68.691333	1	0.451974	3	2	1	2	2	1.4500
437	321	63.729731	1	63.000000	61.953532	2	0.006851	6	5	1	1	1	0.7434
438	322	63.729731	2	63.000000	68.445506	1	0.360926	8	2	1	1	1	0.6664
439	323	63.729731	2	63.000000	69.978440	1	0.457220	7	4	1	1	1	0.8374
440	324	63.729731	1	63.000000	58.048615	2	0.203647	2	4	1	2	2	0.5799
441	325	63.729731	2	63.000000	65.957863	2	2.436234	3	4	1	2	1	1.1456
442	326	63.729731	1	63.000000	60.259952	2	0.370861	2	3	2	2	1	0.5403
443	327	63.729731	2	63.000000	65.872352	2	0.086524	3	4	2	2	1	0.7076
444	328	63.729731	2	63.000000	65.275814	1	0.647362	7	5	1	2	2	0.5330
445	329	63.729731	2	63.000000	67.117144	2	2.663510	5	4	1	2	1	0.9154
446	330	63.729731	2	63.000000	69.943073	2	0.286094	3	2	1	2	2	1.3629
447	331	63.729731	2	63.000000	66.850818	2	0.547469	7	4	1	1	1	0.6145
448	332	63.729731	1	63.000000	56.617389	2	0.108393	7	4	1	1	1	0.6561
449	333	63.729731	1	63.000000	60.055715	1	0.493774	3	2	1	2	2	0.7137
450	334	63.729731	1	63.000000	56.311509	2	0.052633	3	2	1	2	2	0.5150
451	335	63.729731	1	63.000000	56.627629	1	0.302119	5	4	1	2	2	0.4022
452	336	63.729731	1	63.000000	59.640991	1	0.658200	6	3	1	2	2	0.3520
453	337	63.729731	2	63.000000	69.129337	1	0.202012	3	6	1	1	1	0.4124
454	338	63.729731	1	63.000000	56.402258	2	0.425440	6	3	1	2	2	0.5298
455	339	63.729731	2	63.000000	69.855153	2	0.338579	3	8	1	2	2	0.5574
456	340	63.729731	1	63.000000	58.113959	1	0.487134	3	6	1	1	1	0.5638
457	341	63.729731	2	63.000000	66.483899	2	0.372849	3	4	1	1	1	0.6543
458	342	63.729731	2	63.000000	66.729128	1	0.339992	2	6	1	1	1	0.5430
459	343	63.729731	1	63.000000	56.037563	2	0.168547	3	8	1	2	2	0.8980
460	344	63.729731	2	63.000000	66.052822	2	0.245578	8	4	1	1	1	0.5876
461	345	63.729731	2	63.000000	66.787429	1	0.268305	5	4	1	1	1	0.6897
462	346	63.729731	1	63.000000	59.845888	2	0.238015	2	3	1	1	1	0.6610
463	347	63.729731	2	63.000000	69.104581	1	0.322027	3	6	1	1	2	0.7575
464	348	63.729731	1	63.000000	57.371157	2	0.479194	6	7	1	1	1	0.6676
465	349	63.729731	2	63.000000	69.077632	2	0.408410	6	5	1	1	1	0.7121
466	350	63.729731	2	63.000000	65.535261	2	0.315192	5	8	1	2	1	0.6961
467	351	63.729731	2	63.000000	69.844299	2	0.242262	2	4	1	2	1	0.5444
468	352	63.729731	2	63.000000	69.472400	2	0.474264	6	4	1	2	2	0.7354
469	353	63.729731	1	63.000000	57.374095	2	0.097793	6	3	1	1	1	0.6460
470	354	63.729731	2	63.000000	67.936310	2	0.323893	4	3	2	1	1	0.3353
471	355	63.729731	1	63.000000	58.532861	2	0.097858	3	2	1	2	1	0.2461
472	356	63.729731	2	63.000000	65.855229	1	0.756185	3	2	1	2	1	0.3499
473	357	63.729731	1	63.000000	56.054111	1	0.071783	3	5	2	2	2	0.3735
474	358	63.729731	1	63.000000	57.755946	1	0.006674	5	3	1	1	1	0.7992
475	359	63.729731	2	63.000000	67.126586	1	0.022687	3	5	1	1	1	0.4945
476	360	63.729731	2	63.000000	68.078474	2	0.130222	3	7	1	1	2	0.9813
477	361	63.729731	1	63.000000	56.865629	1	0.501116	5	4	1	2	1	1.7692
478	362	63.729731	2	63.000000	68.503626	2	0.297447	2	4	1	1	2	0.8055
479	363	63.729731	1	63.000000	60.324435	2	0.413106	8	6	1	2	1	1.1006
480	364	63.729731	2	63.000000	68.485582	2	0.783955	3	5	1	1	2	0.3522
481	365	63.729731	2	63.000000	68.918953	2	0.474310	8	4	1	1	1	0.3516
482	366	63.729731	1	63.000000	60.233685	2	0.393552	7	3	1	1	2	0.4975
483	367	63.729731	2	63.000000	68.420410	1	0.509379	7	6	1	1	1	0.4888
484	368	63.729731	1	63.000000	57.609242	1	0.021142	4	8	1	1	1	0.4048
485	369	63.729731	2	63.000000	67.919791	1	0.452867	2	5	1	1	1	0.4189
486	370	63.729731	1	63.000000	57.654988	2	0.218086	7	3	1	2	2	0.5775
487	371	63.729731	2	63.000000	66.763049	2	0.369904	5	6	1	2	1	0.4450
488	372	63.729731	2	63.000000	67.467438	1	0.417249	7	8	2	2	1	0.4328
489	373	63.729731	2	63.000000	69.923800	1	2.391143	5	8	1	2	2	1.8462
490	374	63.729731	2	63.000000	68.423194	2	0.298958	5	3	2	1	2	0.9034
491	375	63.729731	1	63.000000	61.531649	2	0.234761	7	5	1	2	1	0.5616
492	376	63.729731	2	63.000000	68.597927	1	0.050710	7	4	1	2	1	0.6091
493	377	63.729731	2	63.000000	69.544346	1	0.465036	4	2	1	1	1	0.4702
494	378	63.729731	1	63.000000	60.544555	1	0.476927	5	3	1	2	1	0.6480
495	379	63.729731	1	63.000000	61.600233	1	0.045590	6	8	1	2	2	0.5241
496	380	63.729731	2	63.000000	65.361094	1	0.023016	8	2	1	2	2	0.4628
497	381	63.729731	1	63.000000	56.530345	2	0.347883	8	6	1	2	2	0.8541
498	382	63.729731	2	63.000000	66.362658	1	1.131642	7	2	1	1	2	0.5339
499	383	63.729731	1	63.000000	56.433164	1	0.016265	3	5	1	2	1	0.7521
500	384	63.729731	1	63.000000	56.264083	2	0.505681	3	6	1	1	1	0.5996
501	385	63.729731	2	63.000000	67.414585	1	1.013333	7	4	1	2	2	0.4681
502	386	63.729731	1	63.000000	60.679174	2	1.217454	7	2	1	1	1	0.3283
503	387	63.729731	2	63.000000	69.838020	2	0.602633	3	7	1	1	1	0.0267
504	388	63.729731	2	63.000000	67.392603	1	1.721567	4	8	2	2	2	0.7256
505	389	63.729731	1	63.000000	60.418305	2	1.342884	6	4	1	1	1	0.4243
506	390	63.729731	1	63.000000	60.012173	1	0.015308	5	3	1	1	1	0.3911
507	391	63.729731	2	63.000000	67.458606	1	0.407737	5	3	1	2	1	0.3598
508	392	63.729731	1	63.000000	62.215045	1	0.474568	4	6	1	1	1	0.4314
509	393	63.729731	1	63.000000	56.885665	2	0.540771	3	4	1	1	2	0.4794
510	394	63.729731	1	63.000000	59.384971	1	0.412101	2	5	1	2	1	0.3634
511	395	63.729731	2	63.000000	69.345228	1	1.260683	4	3	2	1	2	1.0654
512	396	63.729731	1	63.000000	57.048845	1	0.510142	4	5	1	2	2	0.4814
