1	1	23.845885	1	15.316527	21.000000	1	2.700884	5	8	1	1	0	0.0000
2	2	23.845885	2	27.637505	21.000000	2	3.503759	2	5	1	1	0	0.0000
3	3	23.845885	2	25.348152	21.000000	2	0.959906	5	7	1	2	0	0.0000
4	4	23.845885	1	16.802734	21.000000	1	0.892987	2	6	1	1	0	0.0000
5	5	23.845885	2	27.592094	21.000000	2	2.332789	6	2	2	1	0	0.0000
6	6	23.845885	1	17.855768	21.000000	1	1.226245	7	6	1	1	0	0.0000
7	7	23.845885	2	25.677347	21.000000	2	2.931460	5	8	1	2	0	0.0000
8	8	23.845885	2	26.954377	21.000000	2	1.025312	5	4	1	2	0	0.0000
9	9	23.845885	2	27.587895	21.000000	2	1.228482	7	2	2	1	0	0.0000
10	10	23.845885	2	27.742293	21.000000	1	3.854916	8	3	2	1	0	0.0000
11	11	23.845885	2	27.893913	21.000000	2	2.152155	4	2	1	2	0	0.0000
12	12	23.845885	1	22.308872	21.000000	2	0.866978	8	7	1	2	0	0.0000
13	13	23.845885	1	15.039296	21.000000	1	1.236251	3	4	1	1	0	0.0000
14	14	23.845885	2	25.463198	21.000000	2	1.030399	3	4	1	1	0	0.0000
15	15	23.845885	2	26.383396	21.000000	2	0.784786	6	8	1	1	0	0.0000
16	16	23.845885	2	26.280172	21.000000	2	0.605469	3	5	1	1	0	0.0000
17	17	23.845885	2	26.019004	21.000000	2	0.961566	2	3	1	1	0	0.0000
18	18	23.845885	1	14.805869	21.000000	1	0.590480	2	5	2	2	0	0.0000
19	19	23.845885	1	15.791917	21.000000	1	0.803209	6	8	1	2	0	0.0000
20	20	23.845885	2	25.958085	21.000000	2	1.335195	3	7	1	2	0	0.0000
21	21	23.845885	1	20.505528	21.000000	2	1.245300	3	4	2	2	0	0.0000
22	22	23.845885	1	17.358728	21.000000	1	1.102955	5	7	1	1	0	0.0000
23	23	23.845885	2	26.816873	21.000000	2	1.014584	5	2	1	1	0	0.0000
24	24	23.845885	2	27.003018	21.000000	2	1.601707	5	6	1	2	0	0.0000
25	25	23.845885	2	26.589365	21.000000	2	1.118698	2	3	1	2	0	0.0000
26	26	23.845885	2	25.480543	21.000000	2	0.643879	7	2	1	2	0	0.0000
27	1	79.043657	2	80.778209	77.000000	2	3.678972	6	4	2	1	1	2.9644
28	2	79.043657	1	71.115676	77.000000	4	5.224368	6	2	1	2	2	2.1367
29	3	79.043657	1	71.380932	77.000000	2	0.849797	6	3	2	1	1	1.7196
30	4	79.043657	2	80.509191	77.000000	1	1.257711	5	4	2	1	1	1.2793
31	5	79.043657	2	82.298034	77.000000	2	1.075059	5	6	1	1	2	1.2401
32	6	79.043657	2	82.316724	77.000000	2	1.454005	3	6	1	1	1	0.6832
33	7	79.043657	2	81.157926	77.000000	2	1.071604	3	2	1	2	2	0.7484
34	8	79.043657	2	83.898075	77.000000	2	0.973922	2	4	1	2	2	0.3509
35	9	79.043657	1	73.853347	77.000000	2	1.889987	4	3	1	2	2	1.3405
36	10	79.043657	1	71.641692	77.000000	2	1.726350	6	2	1	1	1	1.5522
37	11	79.043657	1	76.161786	77.000000	1	0.937065	6	4	1	1	1	0.8699
38	12	79.043657	1	75.182664	77.000000	2	1.935523	6	8	1	1	2	2.9211
39	13	79.043657	1	73.791472	77.000000	1	1.546293	8	3	1	1	1	0.8918
40	14	79.043657	1	71.047411	77.000000	1	1.191753	8	7	1	1	1	0.5759
41	15	79.043657	1	73.952583	77.000000	1	1.040975	7	3	1	1	1	0.3995
42	16	79.043657	1	74.791343	77.000000	1	0.879135	5	2	1	2	2	0.6835
43	17	79.043657	1	76.578872	77.000000	1	1.103738	3	6	1	2	2	0.6848
44	18	79.043657	1	77.065671	77.000000	1	0.943572	5	3	1	2	2	1.3854
45	19	79.043657	2	81.264861	77.000000	1	1.193198	5	3	1	1	1	1.5786
46	20	79.043657	2	82.631100	77.000000	2	1.312894	7	5	1	2	2	0.7798
47	21	79.043657	1	74.568079	77.000000	1	1.395804	8	5	2	1	1	0.4285
48	22	79.043657	2	81.427477	77.000000	2	0.745748	3	2	1	2	2	0.5238
49	23	79.043657	2	80.679929	77.000000	2	0.886722	8	3	1	2	2	1.1392
50	24	79.043657	2	83.226275	77.000000	1	0.533077	2	4	1	2	1	0.3278
51	25	79.043657	2	83.801417	77.000000	2	0.386114	3	7	1	1	2	0.2110
52	26	79.043657	1	72.796698	77.000000	1	0.322374	3	2	2	1	1	0.8059
53	27	79.043657	2	80.802989	77.000000	2	1.173277	8	3	1	1	1	0.7662
54	28	79.043657	1	77.263953	77.000000	1	0.959145	2	4	1	1	1	0.4482
55	29	79.043657	2	80.447576	77.000000	1	0.845944	6	7	1	1	1	1.3878
56	30	79.043657	2	83.866666	77.000000	2	0.317508	3	6	1	1	2	0.2390
57	31	79.043657	1	74.325448	77.000000	1	0.317562	4	3	1	2	1	0.2349
58	32	79.043657	1	71.441226	77.000000	2	0.239734	6	3	1	1	1	0.0867
59	33	79.043657	1	72.970084	77.000000	1	1.547429	3	2	1	1	1	0.9247
60	34	79.043657	2	82.387059	77.000000	2	0.879526	3	4	1	1	1	0.7638
61	35	79.043657	2	82.903541	77.000000	2	1.244695	3	2	1	1	1	0.7221
62	36	79.043657	2	82.254165	77.000000	2	1.053083	8	2	1	1	1	0.3228
63	37	79.043657	2	83.639350	77.000000	2	1.037912	5	8	1	1	1	1.0683
64	38	79.043657	1	75.326126	77.000000	1	3.561041	5	2	1	1	1	0.7758
65	39	79.043657	1	73.592278	77.000000	1	2.880829	3	2	1	2	2	0.4917
66	40	79.043657	2	83.928822	77.000000	2	1.376244	3	8	1	2	2	0.3361
67	41	79.043657	2	82.915208	77.000000	2	1.530783	6	4	1	2	2	0.4128
68	42	79.043657	2	83.834221	77.000000	2	1.131724	5	6	1	1	1	0.4780
69	43	79.043657	1	74.192275	77.000000	4	5.506338	6	2	2	1	1	0.3192
70	1	91.830149	1	90.334394	91.000000	2	2.123879	4	2	1	2	0	0.0000
71	2	91.830149	1	84.551598	91.000000	1	0.906008	7	5	1	1	0	0.0000
72	3	91.830149	2	97.869317	91.000000	2	0.755144	2	4	1	2	0	0.0000
73	4	91.830149	2	94.148546	91.000000	2	2.335748	3	5	1	2	0	0.0000
74	5	91.830149	1	89.872875	91.000000	2	0.581112	2	4	2	2	0	0.0000
75	6	91.830149	2	95.442867	91.000000	2	0.721898	2	6	1	1	0	0.0000
76	7	91.830149	2	94.589303	91.000000	1	2.409207	4	2	1	1	0	0.0000
77	8	91.830149	2	96.158544	91.000000	2	0.171754	3	6	1	2	0	0.0000
78	9	91.830149	2	93.274156	91.000000	1	0.409641	4	2	1	1	0	0.0000
79	10	91.830149	2	94.456301	91.000000	2	0.068652	4	5	2	2	0	0.0000
80	11	91.830149	2	95.457382	91.000000	2	0.104507	2	3	1	1	0	0.0000
81	12	91.830149	1	85.590872	91.000000	1	1.007308	5	6	1	2	0	0.0000
82	13	91.830149	2	93.319526	91.000000	2	0.626916	2	6	1	1	0	0.0000
83	14	91.830149	2	93.402191	91.000000	2	1.429634	2	4	1	1	0	0.0000
84	15	91.830149	2	93.578465	91.000000	2	0.545074	5	2	2	1	0	0.0000
85	16	91.830149	1	87.502808	91.000000	2	0.445798	2	4	1	2	0	0.0000
86	17	91.830149	1	90.287661	91.000000	2	0.688080	5	2	1	1	0	0.0000
87	18	91.830149	1	87.085965	91.000000	1	0.792742	4	3	1	2	0	0.0000
88	19	91.830149	2	95.029701	91.000000	2	0.796560	2	3	2	2	0	0.0000
89	20	91.830149	1	87.080670	91.000000	1	2.048473	2	3	1	2	0	0.0000
90	21	91.830149	1	89.091055	91.000000	1	0.713431	3	2	1	2	0	0.0000
91	22	91.830149	2	96.363544	91.000000	2	0.672662	2	5	1	1	0	0.0000
92	23	91.830149	2	94.328151	91.000000	2	0.681908	5	3	1	1	0	0.0000
93	24	91.830149	1	89.181501	91.000000	2	0.634702	4	5	1	1	0	0.0000
94	25	91.830149	1	85.607564	91.000000	1	0.741437	6	3	1	1	0	0.0000
95	26	91.830149	2	93.798221	91.000000	2	0.699962	5	2	1	1	0	0.0000
96	27	91.830149	1	85.314342	91.000000	1	0.709821	3	2	1	2	0	0.0000
97	28	91.830149	1	88.240957	91.000000	2	1.099895	8	2	1	2	0	0.0000
98	29	91.830149	1	86.327592	91.000000	1	1.083555	3	4	1	2	0	0.0000
99	30	91.830149	1	90.099771	91.000000	2	0.459938	6	4	2	1	0	0.0000
100	31	91.830149	2	97.562601	91.000000	2	0.757333	6	5	1	1	0	0.0000
101	32	91.830149	1	85.861676	91.000000	1	0.499374	4	6	1	1	0	0.0000
102	33	91.830149	1	85.244281	91.000000	1	0.331351	3	5	1	2	0	0.0000
103	34	91.830149	1	87.550260	91.000000	1	0.410275	2	4	1	1	0	0.0000
104	35	91.830149	1	85.392599	91.000000	1	0.717847	8	6	1	2	0	0.0000
105	36	91.830149	2	95.782782	91.000000	2	0.485210	3	5	2	2	0	0.0000
106	37	91.830149	2	96.743313	91.000000	2	0.573912	7	4	2	1	0	0.0000
107	38	91.830149	1	84.097498	91.000000	1	0.819364	6	2	1	1	0	0.0000
108	39	91.830149	1	90.232375	91.000000	2	0.550596	3	5	2	2	0	0.0000
109	40	91.830149	2	97.382443	91.000000	2	0.556604	2	8	1	1	0	0.0000
110	41	91.830149	2	97.345311	91.000000	2	0.522125	2	4	2	2	0	0.0000
111	42	91.830149	1	86.183040	91.000000	1	1.073492	7	6	1	1	0	0.0000
112	43	91.830149	2	93.863034	91.000000	2	0.556355	3	2	1	2	0	0.0000
113	44	91.830149	2	97.846495	91.000000	2	0.688569	7	5	1	2	0	0.0000
114	1	48.965319	2	53.681285	49.000000	1	2.133915	6	4	1	1	1	0.8391
115	2	48.965319	2	51.810997	49.000000	2	1.301525	4	3	1	2	2	1.6010
116	3	48.965319	2	55.021919	49.000000	1	0.943809	3	7	1	1	2	1.6016
117	4	48.965319	1	46.025209	49.000000	2	1.200431	2	3	1	2	2	0.8081
118	5	48.965319	1	47.300187	49.000000	1	1.903529	6	8	2	2	2	0.3544
119	6	48.965319	2	52.318621	49.000000	1	1.916366	3	2	1	1	1	0.9205
120	7	48.965319	1	44.925762	49.000000	2	1.754433	3	4	1	1	1	2.2906
121	8	48.965319	1	45.043700	49.000000	2	3.029521	3	2	1	1	2	0.6103
122	9	48.965319	1	44.068143	49.000000	2	0.337407	6	7	2	2	1	0.1322
123	10	48.965319	2	52.229000	49.000000	1	0.110510	5	6	1	1	1	0.0666
124	11	48.965319	1	45.372869	49.000000	2	0.007642	6	7	1	1	1	0.0083
125	12	48.965319	1	47.480095	49.000000	2	0.120351	3	6	1	2	2	0.2444
126	13	48.965319	2	50.515215	49.000000	2	0.033928	3	6	2	2	1	0.2253
127	14	48.965319	2	52.455222	49.000000	2	0.528377	4	3	1	1	1	0.3792
128	15	48.965319	2	50.693672	49.000000	1	1.627765	3	4	1	2	2	0.6656
129	16	48.965319	1	44.752158	49.000000	2	2.894450	2	6	1	2	2	0.4327
130	17	48.965319	2	52.781536	49.000000	1	1.231167	5	8	1	2	2	0.2293
131	18	48.965319	2	51.239543	49.000000	1	1.907827	3	4	1	1	1	0.4390
132	19	48.965319	1	45.610951	49.000000	1	2.085404	3	2	1	1	1	1.8668
133	20	48.965319	2	53.604768	49.000000	1	1.629049	3	4	1	2	1	0.8847
134	21	48.965319	2	55.634389	49.000000	2	1.734916	2	3	1	1	1	1.0087
135	22	48.965319	2	51.555337	49.000000	2	3.193732	4	7	1	2	2	0.5687
136	23	48.965319	2	54.056675	49.000000	2	0.799656	2	6	2	2	2	0.5036
137	24	48.965319	2	53.099127	49.000000	2	0.619330	4	3	1	1	1	1.1865
138	25	48.965319	2	52.540473	49.000000	2	1.770548	4	2	1	2	2	0.5311
139	26	48.965319	1	45.383837	49.000000	1	0.877285	8	5	2	1	2	1.0258
140	27	48.965319	2	55.476745	49.000000	2	2.040422	5	6	1	1	1	1.3260
141	28	48.965319	1	47.160862	49.000000	1	0.880480	6	7	1	2	2	1.0129
142	29	48.965319	1	46.876484	49.000000	1	1.627580	4	2	1	1	1	0.9854
143	30	48.965319	1	44.265058	49.000000	1	1.185393	4	5	1	2	1	1.4896
144	31	48.965319	2	55.193661	49.000000	1	0.909251	2	4	1	2	2	0.8962
145	32	48.965319	1	42.372598	49.000000	1	0.971745	2	4	1	1	1	0.3829
146	1	34.724335	1	31.623661	35.000000	1	2.364495	2	7	1	1	0	0.0000
147	2	34.724335	1	30.725925	35.000000	1	0.592369	3	4	1	1	0	0.0000
148	3	34.724335	2	41.046771	35.000000	2	1.060489	6	5	1	1	0	0.0000
149	4	34.724335	2	41.382103	35.000000	1	0.581508	3	2	1	2	0	0.0000
150	5	34.724335	2	38.169685	35.000000	2	0.666241	5	8	1	1	0	0.0000
151	6	34.724335	1	30.397486	35.000000	1	0.819592	3	2	1	2	0	0.0000
152	7	34.724335	2	36.688219	35.000000	2	0.414701	3	2	1	1	0	0.0000
153	8	34.724335	1	30.545899	35.000000	1	0.682430	4	8	1	1	0	0.0000
154	9	34.724335	2	41.806638	35.000000	2	0.987056	8	3	1	1	0	0.0000
155	10	34.724335	2	36.559531	35.000000	2	0.791249	2	3	1	1	0	0.0000
156	11	34.724335	1	31.240529	35.000000	2	0.699837	6	7	1	1	0	0.0000
157	12	34.724335	1	29.499506	35.000000	1	0.587848	2	4	1	1	0	0.0000
158	13	34.724335	1	32.599448	35.000000	1	0.840685	3	2	1	1	0	0.0000
159	14	34.724335	1	32.925106	35.000000	1	0.507092	4	2	1	1	0	0.0000
160	15	34.724335	2	37.600108	35.000000	2	0.603296	4	5	2	2	0	0.0000
161	16	34.724335	1	30.536816	35.000000	1	0.599393	8	2	2	1	0	0.0000
162	17	34.724335	1	30.605339	35.000000	1	0.571410	6	7	1	2	0	0.0000
163	18	34.724335	2	37.443630	35.000000	2	0.640719	3	2	1	2	0	0.0000
164	1	3.656682	1	1.888363	7.000000	1	2.445136	4	5	1	1	2	0.7699
165	2	3.656682	1	1.778122	7.000000	1	1.082562	8	4	2	1	1	0.7190
166	3	3.656682	2	11.861085	7.000000	1	1.289852	3	2	1	1	1	1.1100
167	4	3.656682	2	13.081161	7.000000	1	1.873181	6	7	1	2	2	1.4555
168	5	3.656682	2	6.660138	7.000000	1	0.730693	3	5	1	2	2	0.7971
169	6	3.656682	1	0.260051	7.000000	1	1.060632	3	7	2	2	2	1.0115
170	7	3.656682	1	1.383379	7.000000	1	1.376951	3	5	1	1	1	0.5129
171	8	3.656682	1	0.232013	7.000000	1	1.116106	5	3	1	1	1	0.7910
172	9	3.656682	2	13.795962	7.000000	2	0.975291	3	7	1	1	1	1.0964
173	10	3.656682	2	11.658726	7.000000	1	1.323419	4	5	1	2	2	1.5423
174	11	3.656682	2	5.310690	7.000000	2	2.847847	5	3	1	2	1	0.9402
175	12	3.656682	2	6.574423	7.000000	1	1.223999	5	2	1	1	1	0.6950
176	13	3.656682	1	0.440220	7.000000	1	1.393454	3	2	1	2	2	0.4807
177	14	3.656682	2	5.708782	7.000000	2	1.397107	2	3	1	1	1	0.4926
178	15	3.656682	2	13.837400	7.000000	2	1.040864	2	3	1	1	1	0.8338
179	16	3.656682	2	12.208828	7.000000	2	1.549391	8	5	1	2	2	3.1907
180	17	3.656682	2	5.962158	7.000000	2	3.228927	5	7	1	2	2	1.2896
181	18	3.656682	1	1.528204	7.000000	1	1.413495	3	5	1	1	2	0.2602
182	19	3.656682	1	0.793016	7.000000	1	1.065413	8	3	1	2	2	1.2225
183	20	3.656682	1	2.055196	7.000000	1	1.132902	5	2	1	2	2	0.5192
184	21	3.656682	1	0.435231	7.000000	1	1.034046	6	3	1	2	2	0.6403
185	22	3.656682	1	0.986018	7.000000	1	1.158805	3	4	1	2	2	0.6803
186	23	3.656682	2	7.755130	7.000000	2	1.092652	6	8	1	1	1	1.7123
187	24	3.656682	1	1.540605	7.000000	1	0.827765	3	6	1	2	2	0.8649
188	1	62.949471	1	60.707944	63.000000	2	1.461980	7	4	1	2	0	0.0000
189	2	62.949471	2	69.801785	63.000000	2	0.614633	2	4	1	1	0	0.0000
190	3	62.949471	1	56.106513	63.000000	1	0.802079	8	5	1	1	0	0.0000
191	4	62.949471	1	58.250832	63.000000	2	0.573926	3	6	1	2	0	0.0000
192	5	62.949471	2	65.402419	63.000000	2	0.612691	5	6	1	1	0	0.0000
193	6	62.949471	2	64.435093	63.000000	1	0.478730	2	3	1	1	0	0.0000
194	7	62.949471	2	66.678247	63.000000	2	0.671512	3	2	1	2	0	0.0000
195	8	62.949471	1	60.410640	63.000000	2	0.784787	5	4	1	1	0	0.0000
196	9	62.949471	2	69.139100	63.000000	2	0.549390	3	7	1	1	0	0.0000
197	10	62.949471	1	56.238332	63.000000	1	0.243387	5	3	1	1	0	0.0000
198	11	62.949471	2	64.997229	63.000000	1	0.509926	6	8	1	1	0	0.0000
199	12	62.949471	1	58.012692	63.000000	1	0.805171	3	2	2	1	0	0.0000
200	13	62.949471	1	59.867913	63.000000	2	0.369100	5	4	1	1	0	0.0000
201	14	62.949471	1	59.787664	63.000000	2	0.232364	3	5	1	2	0	0.0000
202	15	62.949471	2	68.214692	63.000000	1	0.235354	3	4	1	2	0	0.0000
203	16	62.949471	2	64.646437	63.000000	2	0.596557	3	2	1	2	0	0.0000
204	17	62.949471	2	64.354020	63.000000	2	0.400637	5	2	1	1	0	0.0000
205	18	62.949471	2	64.569201	63.000000	2	0.444893	3	4	1	2	0	0.0000
206	19	62.949471	1	57.562718	63.000000	1	0.751028	3	2	1	2	0	0.0000
207	20	62.949471	2	69.024620	63.000000	2	0.564918	8	7	1	2	0	0.0000
208	21	62.949471	1	59.116449	63.000000	1	0.866360	5	4	1	1	0	0.0000
209	22	62.949471	1	58.964685	63.000000	2	1.339527	2	3	1	2	0	0.0000
210	23	62.949471	2	68.474218	63.000000	1	0.233811	2	7	1	1	0	0.0000
211	24	62.949471	1	57.411575	63.000000	2	0.132492	2	3	1	1	0	0.0000
212	25	62.949471	2	69.914994	63.000000	1	0.205643	2	4	1	1	0	0.0000
213	26	62.949471	1	57.583771	63.000000	2	0.288229	4	6	1	2	0	0.0000
214	27	62.949471	1	57.934271	63.000000	1	0.608940	7	4	1	2	0	0.0000
215	28	62.949471	1	59.968486	63.000000	1	0.476323	8	2	1	2	0	0.0000
216	29	62.949471	1	58.566656	63.000000	1	0.541326	5	2	1	1	0	0.0000
217	30	62.949471	2	64.471806	63.000000	2	0.516032	7	3	1	1	0	0.0000
218	31	62.949471	2	67.499129	63.000000	2	0.491439	7	3	2	1	0	0.0000
219	32	62.949471	1	58.589961	63.000000	1	0.628210	7	4	1	2	0	0.0000
220	33	62.949471	1	61.146825	63.000000	1	0.806863	4	3	1	2	0	0.0000
221	34	62.949471	1	59.549404	63.000000	2	0.986843	4	7	1	2	0	0.0000
222	35	62.949471	1	60.283987	63.000000	1	0.647244	6	5	1	1	0	0.0000
223	36	62.949471	1	57.535989	63.000000	1	0.561235	3	4	1	1	0	0.0000
224	37	62.949471	1	61.287776	63.000000	2	0.606582	4	5	2	2	0	0.0000
225	38	62.949471	1	56.243267	63.000000	1	0.418762	8	4	2	1	0	0.0000
226	39	62.949471	2	68.184165	63.000000	2	0.590259	2	8	1	2	0	0.0000
227	40	62.949471	1	56.536877	63.000000	1	0.762945	7	4	1	1	0	0.0000
228	41	62.949471	1	61.233762	63.000000	1	0.496217	5	8	2	2	0	0.0000
229	42	62.949471	1	59.888470	63.000000	1	0.440134	2	4	1	1	0	0.0000
230	43	62.949471	2	69.043283	63.000000	2	0.436317	7	2	1	2	0	0.0000
231	44	62.949471	1	58.695925	63.000000	1	0.405994	2	3	2	2	0	0.0000
232	45	62.949471	2	64.570272	63.000000	1	0.322158	4	7	2	2	0	0.0000
233	46	62.949471	1	56.848045	63.000000	1	0.393703	8	2	1	2	0	0.0000
234	47	62.949471	2	65.302964	63.000000	1	0.445961	5	4	1	1	0	0.0000
235	48	62.949471	2	66.394384	63.000000	2	0.856068	8	7	1	2	0	0.0000
236	49	62.949471	1	60.044949	63.000000	1	0.513826	6	5	1	2	0	0.0000
237	50	62.949471	1	58.558140	63.000000	1	0.457409	2	3	1	2	0	0.0000
238	51	62.949471	1	59.239432	63.000000	1	0.909420	4	7	1	1	0	0.0000
239	52	62.949471	1	61.265283	63.000000	1	0.469127	2	4	1	2	0	0.0000
240	53	62.949471	2	67.264867	63.000000	2	0.628864	6	7	1	2	0	0.0000
241	54	62.949471	1	60.035560	63.000000	1	0.351468	5	3	1	1	0	0.0000
242	55	62.949471	2	67.188855	63.000000	2	0.501760	2	7	1	2	0	0.0000
243	56	62.949471	2	66.165344	63.000000	1	0.549906	3	6	1	2	0	0.0000
244	57	62.949471	2	66.305723	63.000000	2	0.660047	8	4	1	2	0	0.0000
245	58	62.949471	2	66.108988	63.000000	2	0.589366	3	2	2	1	0	0.0000
246	59	62.949471	2	69.211557	63.000000	2	0.457992	7	6	2	1	0	0.0000
247	60	62.949471	1	60.134541	63.000000	2	0.428178	2	3	1	2	0	0.0000
248	61	62.949471	1	56.045634	63.000000	2	0.630991	3	4	1	1	0	0.0000
249	62	62.949471	2	66.108060	63.000000	2	0.409564	4	2	1	2	0	0.0000
250	63	62.949471	2	67.330590	63.000000	2	0.685148	4	5	1	1	0	0.0000
251	64	62.949471	2	67.746036	63.000000	2	0.589814	2	3	1	2	0	0.0000
252	65	62.949471	2	65.124479	63.000000	2	0.466600	4	6	1	2	0	0.0000
253	66	62.949471	1	57.368298	63.000000	1	0.700126	4	2	2	1	0	0.0000
254	67	62.949471	1	60.712735	63.000000	1	0.571967	8	5	1	2	0	0.0000
255	68	62.949471	2	67.528607	63.000000	2	0.753308	3	2	1	1	0	0.0000
256	69	62.949471	2	69.468183	63.000000	2	0.527419	4	5	1	2	0	0.0000
257	70	62.949471	1	61.160930	63.000000	1	0.654100	6	2	1	1	0	0.0000
258	71	62.949471	2	69.315619	63.000000	2	0.544153	2	7	1	2	0	0.0000
259	72	62.949471	1	57.428953	63.000000	1	0.590248	2	3	1	1	0	0.0000
260	73	62.949471	2	66.962600	63.000000	2	0.506996	3	4	1	1	0	0.0000
261	74	62.949471	1	57.055741	63.000000	2	1.355035	4	5	1	2	0	0.0000
262	1	20.254740	1	21.000000	17.748705	2	1.789677	7	2	1	1	1	1.9514
263	2	20.254740	1	21.000000	17.657455	2	1.454184	4	2	1	2	2	4.6115
264	3	20.254740	2	21.000000	22.301547	1	1.879983	8	4	1	2	2	1.2198
265	4	20.254740	1	21.000000	18.013325	1	0.818285	6	2	1	2	2	1.4974
266	5	20.254740	1	21.000000	16.705896	1	0.828394	5	2	2	1	1	0.4429
267	6	20.254740	1	21.000000	14.662876	1	1.041373	5	6	1	1	1	0.9856
268	7	20.254740	2	21.000000	23.256899	1	2.407614	3	5	1	2	2	4.4221
269	8	20.254740	1	21.000000	15.561372	1	0.850317	2	3	2	2	2	0.5842
270	9	20.254740	1	21.000000	15.306370	1	1.016345	2	4	1	2	2	0.7675
271	10	20.254740	1	21.000000	18.254826	2	0.984253	3	8	1	2	2	0.4807
272	11	20.254740	2	21.000000	26.879101	1	0.685243	2	3	1	2	2	1.5057
273	12	20.254740	1	21.000000	14.518180	1	1.420774	3	4	1	1	1	0.6594
274	13	20.254740	2	21.000000	23.565191	1	3.616972	3	2	1	1	2	0.1179
275	14	20.254740	2	21.000000	22.759715	1	0.905266	7	5	1	2	1	3.1013
276	15	20.254740	1	21.000000	14.186363	1	1.166941	5	4	1	2	2	1.3518
277	16	20.254740	2	21.000000	21.926962	1	1.168807	7	3	1	2	2	1.4337
278	17	20.254740	1	21.000000	18.341829	1	0.919457	7	6	2	1	1	2.7706
279	18	20.254740	1	21.000000	15.882322	1	0.977801	8	7	1	2	2	2.3862
280	19	20.254740	1	21.000000	18.411510	2	0.809205	6	2	1	2	2	1.1605
281	20	20.254740	1	21.000000	15.365277	1	1.704988	3	2	1	1	1	1.3800
282	21	20.254740	1	21.000000	14.957390	1	0.995717	3	2	1	1	1	0.6435
283	22	20.254740	1	21.000000	14.403763	1	2.057031	2	3	1	1	1	0.6699
284	23	20.254740	2	21.000000	27.565805	1	1.938844	4	2	1	1	1	0.5566
285	24	20.254740	1	21.000000	18.792522	1	1.294356	4	3	1	1	1	1.2976
286	25	20.254740	1	21.000000	16.948561	2	1.268852	2	3	1	2	2	1.5776
287	26	20.254740	2	21.000000	23.133682	1	1.211029	3	2	1	1	2	0.3600
288	27	20.254740	2	21.000000	25.911248	1	0.929226	4	3	1	2	2	0.9315
289	28	20.254740	2	21.000000	23.735686	1	1.221623	8	3	1	2	2	1.0846
290	29	20.254740	1	21.000000	18.550851	1	1.040521	5	6	2	2	2	1.1589
291	30	20.254740	2	21.000000	23.963902	1	0.664166	4	7	2	2	2	0.6774
292	31	20.254740	1	21.000000	18.547292	1	0.801444	2	7	1	2	2	0.9215
293	32	20.254740	1	21.000000	18.807162	1	1.676170	2	3	1	1	1	0.3927
294	33	20.254740	1	21.000000	15.156135	1	1.257138	3	4	1	1	1	0.4146
295	34	20.254740	2	21.000000	21.886987	1	1.309784	2	4	1	1	1	1.3367
296	35	20.254740	1	21.000000	17.011114	1	1.098517	3	7	1	1	1	1.0541
297	36	20.254740	1	21.000000	17.579103	1	1.267224	8	7	1	2	1	0.5201
298	37	20.254740	1	21.000000	14.895144	1	0.803151	5	3	1	1	1	0.6188
299	38	20.254740	2	21.000000	24.599202	2	1.081965	2	3	1	2	2	0.9503
300	39	20.254740	1	21.000000	15.114189	1	0.727491	8	4	1	2	1	3.7622
301	40	20.254740	1	21.000000	16.670775	1	0.704684	6	3	1	2	1	1.0047
302	41	20.254740	2	21.000000	21.907916	1	1.941746	4	5	1	2	2	1.4795
303	42	20.254740	1	21.000000	16.583484	2	1.497197	3	7	1	1	2	1.3806
304	43	20.254740	2	21.000000	24.727222	1	1.028290	2	8	1	2	2	0.9567
305	44	20.254740	1	21.000000	17.588020	2	1.332044	4	8	1	1	1	0.6221
306	45	20.254740	2	21.000000	23.054518	1	0.740940	4	6	1	1	2	0.8077
307	46	20.254740	2	21.000000	27.210409	1	0.735256	8	6	1	2	1	1.2579
308	47	20.254740	1	21.000000	15.977604	1	1.038820	5	4	1	2	2	0.3732
309	48	20.254740	1	21.000000	17.090571	1	1.806324	8	3	1	1	1	0.7816
310	49	20.254740	1	21.000000	16.736400	1	1.357545	5	4	2	1	1	3.1111
311	50	20.254740	2	21.000000	23.566665	1	1.520767	5	2	2	1	1	2.9555
312	51	20.254740	2	21.000000	22.996718	1	0.827265	2	4	1	1	1	0.7138
313	52	20.254740	2	21.000000	25.514447	1	4.196658	8	2	1	1	1	1.0898
314	53	20.254740	1	21.000000	16.498306	2	1.429838	5	8	2	2	2	0.4519
315	54	20.254740	1	21.000000	16.522784	1	1.321683	4	3	1	1	1	0.7325
316	55	20.254740	2	21.000000	26.353854	2	2.366791	6	4	1	1	1	1.1267
317	56	20.254740	1	21.000000	16.257919	2	0.825283	8	4	1	1	1	0.6723
318	57	20.254740	2	21.000000	27.170389	1	1.293327	3	2	1	1	1	0.7208
319	58	20.254740	1	21.000000	16.429581	2	2.195501	3	7	1	2	2	0.5944
320	59	20.254740	1	21.000000	18.534253	1	1.586093	3	5	2	2	2	0.9700
321	60	20.254740	1	21.000000	14.305269	1	1.674706	7	8	1	2	2	0.7192
322	61	20.254740	2	21.000000	25.419384	2	1.346052	3	4	1	1	1	0.7635
323	62	20.254740	2	21.000000	27.841515	1	1.140370	3	2	1	1	1	0.7506
324	63	20.254740	2	21.000000	24.346069	2	0.960033	5	2	1	1	1	0.6973
325	64	20.254740	2	21.000000	24.878240	2	4.996814	4	3	1	1	1	2.1955
326	65	20.254740	2	21.000000	27.849951	2	1.176477	5	2	1	1	1	0.8427
327	66	20.254740	1	21.000000	16.528471	2	0.886939	5	3	1	1	1	0.2594
328	67	20.254740	2	21.000000	27.184198	2	0.897173	5	3	1	2	1	1.1491
329	68	20.254740	2	21.000000	23.928792	2	0.662299	4	3	1	2	2	0.5235
330	69	20.254740	1	21.000000	15.950743	2	1.062623	7	6	1	2	1	0.9556
331	70	20.254740	1	21.000000	14.864308	1	0.956923	3	7	1	1	1	0.6146
332	71	20.254740	1	21.000000	18.625611	2	2.213587	7	4	1	2	1	0.5877
333	72	20.254740	2	21.000000	27.141859	1	0.235955	2	8	1	2	2	0.1709
334	73	20.254740	1	21.000000	17.216447	1	0.148356	8	5	2	1	2	0.0226
335	74	20.254740	1	21.000000	18.768789	1	0.742244	6	2	1	2	2	1.0808
336	75	20.254740	1	21.000000	17.495161	1	0.884570	7	8	1	2	1	1.0091
337	76	20.254740	2	21.000000	24.070084	1	1.016256	3	2	1	2	2	0.3595
338	77	20.254740	2	21.000000	22.158719	1	0.745229	2	4	1	1	1	1.0111
339	78	20.254740	1	21.000000	16.940870	2	0.761833	4	3	1	2	1	0.2349
340	79	20.254740	2	21.000000	26.323971	1	0.697533	4	6	1	2	1	0.7896
341	80	20.254740	1	21.000000	17.940900	2	0.165728	7	6	1	2	2	0.1194
342	81	20.254740	2	21.000000	26.572536	1	0.274744	6	3	1	1	2	0.0341
343	82	20.254740	1	21.000000	14.202629	1	0.079062	7	6	1	2	1	0.1400
344	83	20.254740	1	21.000000	18.558306	1	0.022716	4	3	1	2	2	0.1025
345	84	20.254740	1	21.000000	14.479747	2	0.706586	2	3	2	2	2	0.5023
346	85	20.254740	1	21.000000	17.563648	1	0.730364	8	6	1	1	1	0.6848
347	86	20.254740	1	21.000000	15.686250	1	0.681005	2	3	2	2	2	0.8216
348	87	20.254740	1	21.000000	17.037794	1	2.364373	5	4	2	1	1	0.6764
349	88	20.254740	2	21.000000	25.898756	1	3.472748	5	2	2	1	1	1.2279
350	89	20.254740	2	21.000000	22.001236	1	1.721676	6	5	1	1	2	1.8682
351	90	20.254740	2	21.000000	27.838864	1	0.912161	4	8	1	2	2	1.2513
352	91	20.254740	2	21.000000	25.861726	1	0.480336	8	5	2	1	2	0.0211
353	92	20.254740	2	21.000000	27.031349	1	0.837216	2	8	1	2	2	0.8111
354	93	20.254740	1	21.000000	15.713952	1	0.513870	3	2	1	1	1	0.8133
355	94	20.254740	1	21.000000	14.000388	2	1.476053	6	8	2	2	2	2.0087
356	95	20.254740	1	21.000000	14.907869	1	1.391284	7	5	2	1	2	1.7515
357	96	20.254740	1	21.000000	15.848964	1	1.440053	3	2	1	1	1	1.0961
358	97	20.254740	2	21.000000	21.726663	2	2.283261	8	6	1	1	1	1.4130
359	98	20.254740	2	21.000000	22.016561	2	1.235260	5	3	1	1	1	0.6733
360	99	20.254740	2	21.000000	27.591580	2	1.606252	7	6	1	1	1	0.7736
361	100	20.254740	1	21.000000	15.005424	1	2.222241	2	5	1	1	1	1.1886
362	101	20.254740	2	21.000000	24.572196	1	1.396328	5	3	1	2	2	2.4932
363	102	20.254740	2	21.000000	21.673018	1	1.406719	6	3	1	1	1	0.9421
364	103	20.254740	2	21.000000	23.087929	2	1.032147	8	6	1	2	2	0.9265
365	104	20.254740	2	21.000000	24.742011	2	0.705170	4	2	1	2	2	0.9091
366	105	20.254740	2	21.000000	23.962087	2	0.656421	4	2	1	1	1	0.9023
367	106	20.254740	1	21.000000	15.470425	2	1.329715	7	5	2	1	2	1.3800
368	107	20.254740	1	21.000000	15.990355	1	0.859731	3	2	1	2	2	1.0729
369	108	20.254740	2	21.000000	26.484184	2	0.901386	2	3	1	2	2	0.7692
370	109	20.254740	1	21.000000	17.647694	1	2.025937	2	3	1	2	2	0.9923
371	110	20.254740	2	21.000000	27.112259	1	1.280432	7	8	1	1	1	1.1564
372	111	20.254740	2	21.000000	24.881012	2	1.597738	5	2	1	1	1	0.4288
373	112	20.254740	2	21.000000	23.148362	2	1.419476	5	3	1	1	1	0.6501
374	113	20.254740	2	21.000000	23.296313	2	0.655546	3	6	1	2	2	0.6697
375	114	20.254740	1	21.000000	15.812109	2	0.706642	5	3	1	1	1	1.3026
376	115	20.254740	2	21.000000	25.808044	2	0.553601	7	2	1	1	1	1.1158
377	116	20.254740	1	21.000000	18.108934	2	0.654304	4	6	1	1	2	1.4843
378	117	20.254740	1	21.000000	16.997286	2	1.279817	4	3	2	1	1	1.0201
379	118	20.254740	2	21.000000	24.446796	1	0.898750	4	3	1	2	2	2.4704
380	119	20.254740	1	21.000000	18.768171	1	0.585835	2	4	1	2	2	0.8027
381	120	20.254740	2	21.000000	24.068205	2	0.642133	6	5	1	1	1	1.1841
382	121	20.254740	2	21.000000	27.349859	2	0.927935	2	4	1	2	2	0.7546
383	122	20.254740	2	21.000000	22.065584	2	1.563927	4	2	1	2	2	0.5425
384	123	20.254740	1	21.000000	14.657823	1	2.630915	5	3	1	1	1	1.0540
385	124	20.254740	2	21.000000	25.329248	2	0.809479	8	3	2	1	1	1.4406
386	125	20.254740	2	21.000000	24.800088	2	0.830191	5	6	1	1	1	0.9967
387	126	20.254740	2	21.000000	25.598114	2	0.675897	3	5	1	2	2	0.8905
388	127	20.254740	2	21.000000	26.310954	2	0.972705	2	3	2	2	2	1.1098
389	128	20.254740	1	21.000000	18.697568	1	2.137059	5	2	1	1	1	0.7547
390	129	20.254740	2	21.000000	22.377946	2	0.660086	3	4	1	1	2	1.2893
391	130	20.254740	1	21.000000	15.122480	2	1.772999	5	7	1	1	2	1.7254
392	131	20.254740	1	21.000000	17.548556	1	0.975570	3	5	1	2	2	0.9047
393	1	75.111432	1	77.000000	70.197210	4	5.477544	4	3	1	1	0	0.0000
394	2	75.111432	1	77.000000	72.197792	2	0.520672	4	2	2	1	0	0.0000
395	3	75.111432	2	77.000000	82.287180	1	0.478854	2	8	1	2	0	0.0000
396	4	75.111432	2	77.000000	82.630831	2	0.671790	3	2	1	1	0	0.0000
397	5	75.111432	2	77.000000	77.817572	2	0.626784	4	3	1	2	0	0.0000
398	6	75.111432	2	77.000000	79.814662	2	0.396350	2	3	1	2	0	0.0000
399	7	75.111432	1	77.000000	71.711746	1	0.568652	8	4	1	2	0	0.0000
400	8	75.111432	1	77.000000	70.603136	1	0.645948	3	2	1	2	0	0.0000
401	9	75.111432	2	77.000000	79.731116	2	0.520492	4	2	1	1	0	0.0000
402	10	75.111432	1	77.000000	70.069740	1	0.623412	3	2	1	2	0	0.0000
403	11	75.111432	2	77.000000	78.783807	1	0.866910	2	5	1	2	0	0.0000
404	12	75.111432	2	77.000000	82.979204	1	0.827914	3	4	2	2	0	0.0000
405	13	75.111432	1	77.000000	73.286075	1	0.502664	8	7	1	1	0	0.0000
406	14	75.111432	2	77.000000	79.377436	2	0.694605	3	5	2	2	0	0.0000
407	15	75.111432	2	77.000000	81.371080	2	0.398826	7	6	1	1	0	0.0000
408	16	75.111432	2	77.000000	77.681472	2	0.522686	5	7	1	2	0	0.0000
409	17	75.111432	2	77.000000	76.841125	2	0.418274	5	7	1	2	0	0.0000
410	18	75.111432	2	77.000000	77.947460	2	0.397794	2	3	1	2	0	0.0000
411	19	75.111432	1	77.000000	72.605939	1	0.554007	5	3	1	1	0	0.0000
412	20	75.111432	2	77.000000	76.757250	2	0.503971	5	4	2	1	0	0.0000
413	21	75.111432	1	77.000000	71.013227	2	0.393934	7	3	1	2	0	0.0000
414	22	75.111432	2	77.000000	83.452853	2	0.444381	2	3	1	1	0	0.0000
415	23	75.111432	2	77.000000	81.172709	1	0.854555	5	7	1	2	0	0.0000
416	24	75.111432	1	77.000000	72.911776	1	0.696407	2	4	2	2	0	0.0000
417	25	75.111432	2	77.000000	83.064629	2	0.392340	2	3	2	2	0	0.0000
418	26	75.111432	2	77.000000	82.269288	2	0.444491	8	7	1	2	0	0.0000
419	27	75.111432	1	77.000000	70.363379	2	0.406698	2	5	2	2	0	0.0000
420	28	75.111432	1	77.000000	72.528967	1	0.626936	8	2	1	2	0	0.0000
421	29	75.111432	1	77.000000	73.612802	1	0.445513	5	3	1	1	0	0.0000
422	30	75.111432	1	77.000000	71.114187	1	0.439685	4	2	2	1	0	0.0000
423	31	75.111432	1	77.000000	72.677301	1	0.466550	2	3	1	2	0	0.0000
424	32	75.111432	1	77.000000	72.820640	1	0.453340	6	7	1	1	0	0.0000
425	33	75.111432	1	77.000000	73.485657	1	0.502215	4	6	1	1	0	0.0000
426	34	75.111432	2	77.000000	78.101468	1	0.654379	2	3	1	1	0	0.0000
427	35	75.111432	1	77.000000	71.019287	2	0.520313	6	2	1	2	0	0.0000
428	36	75.111432	2	77.000000	79.888966	2	0.743764	2	5	1	1	0	0.0000
429	37	75.111432	2	77.000000	79.792477	2	1.085821	2	3	1	2	0	0.0000
430	38	75.111432	1	77.000000	70.216348	1	0.686081	5	8	1	1	0	0.0000
431	39	75.111432	2	77.000000	77.061424	1	0.470684	8	2	1	2	0	0.0000
432	40	75.111432	1	77.000000	70.745303	1	0.680053	2	3	1	2	0	0.0000
433	41	75.111432	1	77.000000	72.144262	1	1.015964	4	2	1	2	0	0.0000
434	42	75.111432	1	77.000000	71.185381	2	0.843702	7	4	2	1	0	0.0000
435	43	75.111432	2	77.000000	79.991467	2	0.773702	7	6	1	1	0	0.0000
436	44	75.111432	2	77.000000	79.158791	2	0.778946	5	8	1	1	0	0.0000
437	45	75.111432	2	77.000000	80.050367	4	5.775575	3	2	1	2	0	0.0000
438	46	75.111432	1	77.000000	72.434215	2	1.799219	2	3	1	2	0	0.0000
439	47	75.111432	2	77.000000	82.160824	2	1.232618	8	6	1	2	0	0.0000
440	48	75.111432	2	77.000000	82.451608	2	0.602774	4	5	2	2	0	0.0000
441	49	75.111432	1	77.000000	71.544247	2	1.270721	3	8	1	2	0	0.0000
442	50	75.111432	1	77.000000	70.700936	2	1.503595	6	3	1	1	0	0.0000
443	51	75.111432	2	77.000000	77.101377	1	1.152768	8	5	1	1	0	0.0000
444	52	75.111432	2	77.000000	81.207118	2	0.572663	8	7	1	2	0	0.0000
445	53	75.111432	1	77.000000	71.673520	2	2.458011	2	8	1	1	0	0.0000
446	54	75.111432	2	77.000000	83.006746	2	0.746455	8	5	1	1	0	0.0000
447	55	75.111432	1	77.000000	72.063592	2	0.464532	3	4	1	1	0	0.0000
448	56	75.111432	2	77.000000	77.847288	2	0.890019	3	2	1	2	0	0.0000
449	57	75.111432	2	77.000000	82.596537	1	0.554575	2	3	1	1	0	0.0000
450	58	75.111432	2	77.000000	80.113710	1	0.496702	4	2	1	1	0	0.0000
451	59	75.111432	2	77.000000	82.709317	1	0.570554	3	7	1	2	0	0.0000
452	60	75.111432	2	77.000000	79.399997	1	0.782169	6	8	1	1	0	0.0000
453	61	75.111432	1	77.000000	73.331022	1	2.090611	5	6	1	1	0	0.0000
454	62	75.111432	2	77.000000	82.786609	1	0.794253	3	2	1	2	0	0.0000
455	63	75.111432	1	77.000000	73.064145	2	0.262162	3	4	2	2	0	0.0000
456	64	75.111432	2	77.000000	80.130263	2	0.911924	5	4	1	2	0	0.0000
457	65	75.111432	1	77.000000	70.737167	2	0.647014	3	4	1	2	0	0.0000
458	66	75.111432	1	77.000000	70.897828	2	0.216962	8	7	1	1	0	0.0000
459	67	75.111432	2	77.000000	80.943334	2	0.604477	2	5	1	2	0	0.0000
460	68	75.111432	1	77.000000	71.382213	1	0.512638	4	5	1	2	0	0.0000
461	69	75.111432	1	77.000000	70.589507	1	0.496096	3	4	1	1	0	0.0000
462	70	75.111432	1	77.000000	71.328291	1	0.432315	8	4	1	2	0	0.0000
463	71	75.111432	2	77.000000	83.783349	2	0.731021	2	3	1	2	0	0.0000
464	72	75.111432	1	77.000000	71.666312	1	0.361686	5	8	1	1	0	0.0000
465	73	75.111432	2	77.000000	81.256206	2	0.575339	7	8	1	2	0	0.0000
466	74	75.111432	2	77.000000	83.154273	2	0.852706	6	4	1	2	0	0.0000
467	75	75.111432	1	77.000000	73.329110	2	0.638458	6	2	1	1	0	0.0000
468	76	75.111432	2	77.000000	83.189165	2	0.617088	2	3	1	1	0	0.0000
469	77	75.111432	2	77.000000	79.143775	2	0.476684	3	2	1	1	0	0.0000
470	78	75.111432	1	77.000000	73.195239	1	0.639140	2	3	1	2	0	0.0000
471	79	75.111432	1	77.000000	71.321410	2	0.559993	7	4	1	1	0	0.0000
472	80	75.111432	1	77.000000	71.477956	1	0.653438	6	2	1	2	0	0.0000
473	81	75.111432	1	77.000000	73.617331	2	0.503467	2	5	1	2	0	0.0000
474	82	75.111432	1	77.000000	71.974262	1	0.511542	5	7	1	2	0	0.0000
475	83	75.111432	2	77.000000	82.145210	2	0.711098	5	3	1	2	0	0.0000
476	84	75.111432	1	77.000000	71.281607	2	0.606246	6	5	1	1	0	0.0000
477	85	75.111432	1	77.000000	70.893043	1	0.898240	5	6	1	2	0	0.0000
478	86	75.111432	2	77.000000	78.857700	2	0.714132	3	2	1	2	0	0.0000
479	87	75.111432	1	77.000000	70.637382	2	0.617406	4	3	1	2	0	0.0000
480	88	75.111432	2	77.000000	78.716299	2	3.668918	6	3	2	1	0	0.0000
481	89	75.111432	2	77.000000	78.395486	2	1.891857	3	5	1	2	0	0.0000
482	90	75.111432	1	77.000000	71.604342	2	1.261249	5	6	1	2	0	0.0000
483	91	75.111432	2	77.000000	80.139894	2	1.028588	2	4	1	2	0	0.0000
484	92	75.111432	2	77.000000	82.264311	2	0.886806	5	6	1	1	0	0.0000
485	93	75.111432	2	77.000000	82.845803	2	0.879284	6	2	1	2	0	0.0000
486	94	75.111432	1	77.000000	71.964928	1	0.663900	4	6	1	1	0	0.0000
487	95	75.111432	2	77.000000	76.662874	1	0.481143	5	8	2	2	0	0.0000
488	96	75.111432	2	77.000000	76.563963	2	0.649954	7	3	1	2	0	0.0000
489	97	75.111432	2	77.000000	78.309752	2	0.611967	2	3	2	2	0	0.0000
490	98	75.111432	1	77.000000	72.481589	2	0.447313	6	3	1	2	0	0.0000
491	99	75.111432	2	77.000000	82.554662	2	0.521532	2	3	1	2	0	0.0000
492	100	75.111432	1	77.000000	71.927570	1	1.088984	2	3	1	1	0	0.0000
493	101	75.111432	2	77.000000	78.872651	2	0.625190	6	7	2	2	0	0.0000
494	102	75.111432	2	77.000000	78.303531	1	0.692584	3	6	1	2	0	0.0000
495	103	75.111432	1	77.000000	73.268101	1	0.508548	3	6	1	1	0	0.0000
496	104	75.111432	1	77.000000	72.204748	1	0.932764	2	3	1	2	0	0.0000
497	105	75.111432	2	77.000000	79.057485	1	1.123159	3	4	1	2	0	0.0000
498	106	75.111432	1	77.000000	72.354153	1	0.817745	5	2	1	1	0	0.0000
499	107	75.111432	2	77.000000	83.540932	2	0.989400	5	6	1	2	0	0.0000
500	108	75.111432	1	77.000000	70.498726	1	0.473878	2	7	1	1	0	0.0000
501	109	75.111432	1	77.000000	72.646403	1	0.629031	4	6	1	1	0	0.0000
502	110	75.111432	2	77.000000	81.139777	2	1.215604	8	7	1	2	0	0.0000
503	111	75.111432	1	77.000000	71.185622	1	0.553032	4	5	2	2	0	0.0000
504	112	75.111432	1	77.000000	73.084391	1	0.446959	5	4	1	1	0	0.0000
505	113	75.111432	1	77.000000	71.413999	2	0.601085	5	3	1	2	0	0.0000
506	114	75.111432	1	77.000000	72.433372	1	0.541197	4	3	1	1	0	0.0000
507	115	75.111432	2	77.000000	83.437480	2	0.635856	8	6	1	2	0	0.0000
508	116	75.111432	1	77.000000	70.704093	1	0.488098	2	3	1	2	0	0.0000
509	117	75.111432	1	77.000000	71.353592	1	1.345102	5	8	1	2	0	0.0000
510	118	75.111432	2	77.000000	78.466336	2	1.229920	2	3	1	1	0	0.0000
511	119	75.111432	1	77.000000	71.351053	1	1.127146	4	8	1	1	0	0.0000
512	1	92.825878	2	91.000000	97.588330	2	1.357838	5	6	1	1	1	1.2954
