1	1	51.306432	2	49.000000	54.398602	4	6.022635	8	5	2	1	0	0.0000
2	2	51.306432	2	49.000000	54.325971	1	0.957165	4	5	1	2	0	0.0000
3	3	51.306432	2	49.000000	52.798240	2	0.828308	5	3	1	1	0	0.0000
4	4	51.306432	1	49.000000	49.593166	2	0.790500	3	4	1	1	0	0.0000
5	5	51.306432	2	49.000000	54.723878	2	1.227044	4	2	1	2	0	0.0000
6	6	51.306432	2	49.000000	55.507221	1	0.901790	5	3	1	2	0	0.0000
7	7	51.306432	1	49.000000	44.736359	2	0.829577	4	6	1	2	0	0.0000
8	8	51.306432	1	49.000000	47.056473	2	0.999922	6	3	1	1	0	0.0000
9	9	51.306432	2	49.000000	53.169879	2	0.963387	7	5	1	1	0	0.0000
10	10	51.306432	1	49.000000	48.766308	1	0.592366	4	6	2	2	0	0.0000
11	11	51.306432	1	49.000000	43.028501	2	0.492763	6	5	1	2	0	0.0000
12	12	51.306432	1	49.000000	44.398431	2	0.925581	5	2	2	1	0	0.0000
13	13	51.306432	2	49.000000	55.639847	1	1.124437	4	5	2	2	0	0.0000
14	14	51.306432	2	49.000000	52.803204	2	1.075447	6	2	1	1	0	0.0000
15	15	51.306432	2	49.000000	55.866180	2	0.444149	4	3	1	2	0	0.0000
16	16	51.306432	2	49.000000	55.693147	1	0.390051	4	2	1	1	0	0.0000
17	17	51.306432	2	49.000000	54.459891	2	0.706708	4	5	1	1	0	0.0000
18	18	51.306432	2	49.000000	55.140555	1	0.474786	7	8	1	1	0	0.0000
19	19	51.306432	1	49.000000	48.803959	2	0.435947	2	5	1	1	0	0.0000
20	20	51.306432	1	49.000000	46.569751	2	0.286756	7	4	1	1	0	0.0000
21	21	51.306432	1	49.000000	49.813054	2	0.311492	4	8	1	2	0	0.0000
22	22	51.306432	1	49.000000	47.723117	2	0.319040	2	4	1	1	0	0.0000
23	23	51.306432	1	49.000000	48.977331	2	0.270484	2	3	1	2	0	0.0000
24	24	51.306432	2	49.000000	54.085393	2	0.263942	3	2	1	1	0	0.0000
25	25	51.306432	2	49.000000	52.834720	2	0.281440	2	6	1	1	0	0.0000
26	26	51.306432	1	49.000000	43.761867	2	0.378030	4	6	1	2	0	0.0000
27	27	51.306432	1	49.000000	46.527762	1	0.331032	3	5	1	1	0	0.0000
28	28	51.306432	2	49.000000	52.788875	1	0.989732	7	2	1	2	0	0.0000
29	29	51.306432	1	49.000000	48.601044	2	1.641968	3	8	1	1	0	0.0000
30	30	51.306432	1	49.000000	45.337631	1	1.235722	7	6	2	1	0	0.0000
31	31	51.306432	2	49.000000	55.908105	2	0.349836	2	3	1	1	0	0.0000
32	32	51.306432	1	49.000000	43.636667	1	0.371911	4	3	2	1	0	0.0000
33	33	51.306432	2	49.000000	52.872215	2	0.249218	7	4	1	1	0	0.0000
34	34	51.306432	2	49.000000	55.694593	2	0.267440	3	2	1	2	0	0.0000
35	35	51.306432	2	49.000000	55.843485	1	0.253003	2	4	1	2	0	0.0000
36	36	51.306432	1	49.000000	48.700709	1	0.487053	3	5	1	1	0	0.0000
37	37	51.306432	2	49.000000	52.721384	2	0.383546	8	2	1	2	0	0.0000
38	38	51.306432	1	49.000000	47.546503	2	0.396236	3	4	1	1	0	0.0000
39	39	51.306432	2	49.000000	52.865568	1	0.280476	2	5	1	2	0	0.0000
40	40	51.306432	1	49.000000	47.393585	2	1.041448	3	2	1	2	0	0.0000
41	41	51.306432	2	49.000000	55.667890	1	1.939463	3	2	2	1	0	0.0000
42	42	51.306432	2	49.000000	53.122936	2	2.114541	2	6	1	1	0	0.0000
43	43	51.306432	1	49.000000	46.703963	2	1.279084	3	8	1	1	0	0.0000
44	44	51.306432	2	49.000000	53.229567	1	1.335174	4	5	1	1	0	0.0000
45	45	51.306432	2	49.000000	55.949347	2	1.852833	2	3	1	2	0	0.0000
46	46	51.306432	1	49.000000	43.172231	2	2.621999	7	2	1	2	0	0.0000
47	47	51.306432	2	49.000000	54.541813	2	1.079538	8	3	1	2	0	0.0000
48	48	51.306432	2	49.000000	54.157359	2	1.007751	5	3	1	1	0	0.0000
49	49	51.306432	1	49.000000	46.407958	2	1.427204	6	5	1	1	0	0.0000
50	50	51.306432	2	49.000000	54.412786	1	1.325986	3	4	1	1	0	0.0000
51	51	51.306432	1	49.000000	42.090784	2	1.596486	7	5	1	2	0	0.0000
52	52	51.306432	2	49.000000	53.458507	2	1.488902	5	6	2	2	0	0.0000
53	53	51.306432	2	49.000000	54.160093	1	0.951456	5	3	1	2	0	0.0000
54	54	51.306432	2	49.000000	53.071014	1	0.917128	7	4	2	1	0	0.0000
55	55	51.306432	2	49.000000	55.683011	2	2.475854	5	2	1	1	0	0.0000
56	56	51.306432	1	49.000000	47.324039	2	1.371649	3	2	1	1	0	0.0000
57	57	51.306432	2	49.000000	54.134002	1	1.520307	2	5	2	2	0	0.0000
58	58	51.306432	1	49.000000	44.473612	1	0.510723	7	4	1	1	0	0.0000
59	59	51.306432	2	49.000000	54.928458	2	0.813980	4	2	1	2	0	0.0000
60	60	51.306432	2	49.000000	53.692102	1	1.097024	7	6	1	2	0	0.0000
61	61	51.306432	1	49.000000	49.610122	2	1.336708	8	4	1	2	0	0.0000
62	62	51.306432	2	49.000000	55.867757	1	1.166687	5	3	1	2	0	0.0000
63	63	51.306432	2	49.000000	53.906232	1	0.291284	5	4	1	1	0	0.0000
64	64	51.306432	1	49.000000	47.902696	2	0.300156	6	7	1	2	0	0.0000
65	65	51.306432	1	49.000000	43.962635	2	0.364214	2	5	2	2	0	0.0000
66	66	51.306432	2	49.000000	52.958208	2	0.681977	2	3	1	1	0	0.0000
67	67	51.306432	1	49.000000	44.927761	2	1.130259	2	5	1	1	0	0.0000
68	68	51.306432	2	49.000000	53.758312	1	1.634976	3	2	1	2	0	0.0000
69	69	51.306432	2	49.000000	53.745324	2	0.698152	8	3	1	1	0	0.0000
70	70	51.306432	2	49.000000	53.863079	1	1.161929	3	7	1	1	0	0.0000
71	71	51.306432	1	49.000000	46.331051	2	2.566702	3	6	1	2	0	0.0000
72	72	51.306432	1	49.000000	42.322369	1	1.738193	2	3	1	2	0	0.0000
73	73	51.306432	1	49.000000	45.864939	1	1.983774	4	3	1	2	0	0.0000
74	74	51.306432	1	49.000000	42.184872	1	1.099324	3	2	1	1	0	0.0000
75	75	51.306432	1	49.000000	43.911170	1	0.826802	7	5	1	2	0	0.0000
76	76	51.306432	1	49.000000	43.810816	1	0.549909	2	7	1	1	0	0.0000
77	77	51.306432	2	49.000000	55.354127	1	0.483853	3	6	1	1	0	0.0000
78	78	51.306432	1	49.000000	48.192882	2	1.492629	8	5	1	2	0	0.0000
79	79	51.306432	1	49.000000	44.410190	1	1.116475	6	3	1	2	0	0.0000
80	80	51.306432	2	49.000000	53.227507	1	0.795225	4	6	1	2	0	0.0000
81	81	51.306432	1	49.000000	44.447535	1	1.903020	3	4	1	2	0	0.0000
82	82	51.306432	1	49.000000	49.870459	2	1.165872	2	8	2	2	0	0.0000
83	83	51.306432	2	49.000000	53.450079	1	0.458560	5	2	1	2	0	0.0000
84	84	51.306432	1	49.000000	44.505001	1	0.292566	2	4	1	2	0	0.0000
85	85	51.306432	1	49.000000	43.480980	1	0.405376	6	2	1	2	0	0.0000
86	86	51.306432	1	49.000000	49.786167	2	0.633485	7	4	1	1	0	0.0000
87	87	51.306432	2	49.000000	55.399026	1	0.355905	4	6	1	2	0	0.0000
88	88	51.306432	2	49.000000	54.706797	1	0.610044	3	2	1	1	0	0.0000
89	89	51.306432	1	49.000000	44.586673	1	0.349877	7	5	1	1	0	0.0000
90	90	51.306432	1	49.000000	46.226661	1	0.332010	8	4	2	1	0	0.0000
91	91	51.306432	2	49.000000	53.659569	1	0.290784	7	8	1	2	0	0.0000
92	92	51.306432	1	49.000000	44.669101	2	0.243458	3	5	1	1	0	0.0000
93	93	51.306432	1	49.000000	42.849400	1	0.286474	4	3	1	1	0	0.0000
94	94	51.306432	1	49.000000	45.060475	1	0.263277	8	5	1	2	0	0.0000
95	95	51.306432	1	49.000000	49.641272	1	0.232803	6	7	1	2	0	0.0000
96	96	51.306432	2	49.000000	55.180658	1	0.251561	6	2	1	2	0	0.0000
97	97	51.306432	1	49.000000	42.489535	1	0.157708	3	5	1	1	0	0.0000
98	98	51.306432	1	49.000000	49.900680	1	0.291933	4	5	1	1	0	0.0000
99	99	51.306432	1	49.000000	45.622297	1	0.276772	4	2	1	2	0	0.0000
100	100	51.306432	1	49.000000	49.686814	1	0.254372	5	4	1	1	0	0.0000
101	101	51.306432	1	49.000000	45.975964	1	0.296478	4	7	1	1	0	0.0000
102	102	51.306432	2	49.000000	54.536877	1	0.248811	7	5	2	1	0	0.0000
103	103	51.306432	2	49.000000	53.867801	1	0.242838	5	2	1	2	0	0.0000
104	104	51.306432	2	49.000000	53.820389	2	0.319090	7	3	1	2	0	0.0000
105	105	51.306432	2	49.000000	53.951844	1	0.565058	8	2	2	1	0	0.0000
106	106	51.306432	1	49.000000	42.590976	1	0.290331	2	6	1	1	0	0.0000
107	107	51.306432	2	49.000000	53.721616	2	0.283099	5	2	1	1	0	0.0000
108	108	51.306432	2	49.000000	55.813402	1	0.259944	5	3	1	2	0	0.0000
109	109	51.306432	1	49.000000	48.352612	1	0.198225	8	3	1	1	0	0.0000
110	110	51.306432	1	49.000000	49.683579	1	0.122369	6	8	1	2	0	0.0000
111	111	51.306432	2	49.000000	54.489102	1	0.273917	6	5	1	1	0	0.0000
112	112	51.306432	1	49.000000	42.953555	1	0.251474	5	8	1	1	0	0.0000
113	113	51.306432	1	49.000000	45.999435	2	0.277716	5	3	1	1	0	0.0000
114	114	51.306432	1	49.000000	49.575933	1	1.470686	3	2	1	1	0	0.0000
115	115	51.306432	1	49.000000	45.342779	2	0.719125	6	7	1	1	0	0.0000
116	116	51.306432	2	49.000000	53.498383	2	2.326140	8	2	1	2	0	0.0000
117	117	51.306432	1	49.000000	43.263256	2	1.620058	8	5	1	1	0	0.0000
118	118	51.306432	2	49.000000	55.991539	1	0.542445	8	4	1	2	0	0.0000
119	119	51.306432	2	49.000000	55.715990	1	1.181029	3	8	1	1	0	0.0000
120	120	51.306432	2	49.000000	53.844274	1	1.737177	5	6	1	1	0	0.0000
121	121	51.306432	1	49.000000	47.718219	2	0.838729	2	6	1	2	0	0.0000
122	122	51.306432	1	49.000000	47.997858	1	1.489099	3	6	2	2	0	0.0000
123	123	51.306432	1	49.000000	43.115375	1	0.304942	4	2	1	2	0	0.0000
124	124	51.306432	2	49.000000	52.816714	2	0.585188	3	2	1	2	0	0.0000
125	125	51.306432	2	49.000000	53.724600	1	0.621719	5	7	1	2	0	0.0000
126	126	51.306432	2	49.000000	53.687651	2	0.545020	5	4	2	1	0	0.0000
127	127	51.306432	2	49.000000	53.579912	2	2.710694	6	4	2	1	0	0.0000
128	128	51.306432	1	49.000000	44.771199	1	1.165181	3	2	1	2	0	0.0000
129	129	51.306432	2	49.000000	53.171194	2	0.825649	5	7	1	2	0	0.0000
130	130	51.306432	1	49.000000	44.745040	1	0.852855	2	3	1	2	0	0.0000
131	131	51.306432	1	49.000000	48.698864	1	0.838436	8	4	2	1	0	0.0000
132	132	51.306432	1	49.000000	47.298147	1	0.824926	5	6	1	2	0	0.0000
133	133	51.306432	2	49.000000	53.847634	2	0.755868	7	3	1	2	0	0.0000
134	134	51.306432	1	49.000000	45.532759	2	0.937875	5	4	1	1	0	0.0000
135	135	51.306432	2	49.000000	53.945472	2	0.840015	3	2	1	1	0	0.0000
136	136	51.306432	2	49.000000	54.851669	1	0.674364	4	2	1	2	0	0.0000
137	137	51.306432	2	49.000000	52.738175	1	1.667535	5	2	1	1	0	0.0000
138	138	51.306432	1	49.000000	43.674765	1	0.779907	3	4	1	1	0	0.0000
139	139	51.306432	1	49.000000	45.606329	2	1.416261	3	5	1	1	0	0.0000
140	140	51.306432	1	49.000000	49.805777	2	1.050942	7	5	1	1	0	0.0000
141	141	51.306432	1	49.000000	45.160556	1	0.604302	6	2	1	1	0	0.0000
142	142	51.306432	1	49.000000	46.993101	1	0.864363	6	2	1	1	0	0.0000
143	143	51.306432	2	49.000000	53.571187	1	0.865317	6	8	1	2	0	0.0000
144	144	51.306432	1	49.000000	49.785400	2	0.690280	5	4	1	2	0	0.0000
145	145	51.306432	2	49.000000	53.708356	1	1.594740	2	3	2	2	0	0.0000
146	146	51.306432	2	49.000000	53.138128	2	0.974571	5	8	1	2	0	0.0000
147	147	51.306432	1	49.000000	45.354633	1	1.235481	2	6	2	2	0	0.0000
148	148	51.306432	1	49.000000	47.516675	2	1.909503	7	8	1	2	0	0.0000
149	149	51.306432	2	49.000000	55.152205	2	0.040454	5	6	1	1	0	0.0000
150	150	51.306432	2	49.000000	55.261192	1	1.087320	3	4	1	1	0	0.0000
151	151	51.306432	1	49.000000	43.424177	2	0.415608	3	2	1	1	0	0.0000
152	152	51.306432	1	49.000000	45.389676	1	0.554959	5	6	1	1	0	0.0000
153	153	51.306432	1	49.000000	43.524244	1	0.952877	3	4	1	2	0	0.0000
154	154	51.306432	1	49.000000	46.845280	2	0.446586	3	2	2	1	0	0.0000
155	155	51.306432	2	49.000000	55.059526	1	0.336603	5	3	1	2	0	0.0000
156	156	51.306432	2	49.000000	53.982675	2	0.327175	3	4	1	1	0	0.0000
157	157	51.306432	1	49.000000	49.608880	1	0.862008	2	3	2	2	0	0.0000
158	158	51.306432	2	49.000000	55.990774	2	0.463092	4	3	1	1	0	0.0000
159	159	51.306432	1	49.000000	48.346000	2	0.640460	5	3	1	1	0	0.0000
160	160	51.306432	1	49.000000	45.574779	1	0.418737	3	2	1	1	0	0.0000
161	161	51.306432	2	49.000000	52.835454	1	0.390131	3	4	1	2	0	0.0000
162	162	51.306432	1	49.000000	47.093403	1	0.267067	8	2	2	1	0	0.0000
163	163	51.306432	1	49.000000	45.577930	1	0.284524	2	4	1	2	0	0.0000
164	164	51.306432	2	49.000000	54.070556	1	0.309397	2	4	2	2	0	0.0000
165	165	51.306432	2	49.000000	54.875945	2	1.397465	7	4	2	1	0	0.0000
166	166	51.306432	1	49.000000	44.151339	1	1.224661	2	3	2	2	0	0.0000
167	167	51.306432	2	49.000000	55.790510	2	1.003417	4	5	1	1	0	0.0000
168	168	51.306432	1	49.000000	46.027986	2	0.983106	3	8	1	2	0	0.0000
169	169	51.306432	2	49.000000	55.853526	1	1.403194	7	4	1	1	0	0.0000
170	170	51.306432	2	49.000000	55.943633	1	0.838538	3	7	2	2	0	0.0000
171	171	51.306432	1	49.000000	42.456148	1	1.240887	4	2	2	1	0	0.0000
172	172	51.306432	1	49.000000	42.448533	1	0.618909	8	2	1	1	0	0.0000
173	173	51.306432	2	49.000000	54.535245	1	0.710166	5	6	1	1	0	0.0000
174	174	51.306432	2	49.000000	55.273443	2	0.758009	2	6	1	1	0	0.0000
175	175	51.306432	2	49.000000	53.922563	1	0.779660	7	5	1	1	0	0.0000
176	176	51.306432	1	49.000000	45.535757	1	0.560244	2	3	1	1	0	0.0000
177	177	51.306432	2	49.000000	54.125162	1	1.462089	5	2	1	1	0	0.0000
178	178	51.306432	2	49.000000	53.854746	2	0.694551	2	3	1	2	0	0.0000
179	179	51.306432	1	49.000000	48.687692	2	0.582371	2	3	1	1	0	0.0000
180	180	51.306432	1	49.000000	49.579125	2	1.083149	2	3	1	1	0	0.0000
181	181	51.306432	1	49.000000	44.341029	1	0.683226	6	8	1	2	0	0.0000
182	182	51.306432	1	49.000000	42.941628	1	0.643576	3	4	1	1	0	0.0000
183	183	51.306432	1	49.000000	43.323875	1	0.582198	7	8	1	2	0	0.0000
184	184	51.306432	2	49.000000	54.337839	1	0.586930	3	5	1	1	0	0.0000
185	185	51.306432	1	49.000000	48.867260	2	0.303203	3	4	1	1	0	0.0000
186	186	51.306432	1	49.000000	43.913953	2	0.055457	3	4	1	1	0	0.0000
187	187	51.306432	1	49.000000	48.348776	2	0.337678	5	2	1	1	0	0.0000
188	188	51.306432	1	49.000000	43.743528	1	0.408589	7	5	1	2	0	0.0000
189	189	51.306432	1	49.000000	49.367028	1	0.284522	5	6	1	1	0	0.0000
190	190	51.306432	1	49.000000	45.644301	2	0.333435	6	2	1	2	0	0.0000
191	191	51.306432	1	49.000000	49.023707	1	0.364112	2	3	2	2	0	0.0000
192	192	51.306432	2	49.000000	54.433654	1	0.569619	3	2	1	2	0	0.0000
193	193	51.306432	1	49.000000	44.905953	1	0.246979	5	4	1	1	0	0.0000
194	194	51.306432	1	49.000000	48.072620	2	0.385195	7	3	1	2	0	0.0000
195	195	51.306432	2	49.000000	55.841706	1	0.645753	5	6	1	1	0	0.0000
196	196	51.306432	1	49.000000	44.628985	2	0.303602	2	3	1	1	0	0.0000
197	197	51.306432	1	49.000000	42.643629	1	0.287729	3	2	1	2	0	0.0000
198	198	51.306432	1	49.000000	47.463229	2	0.728641	7	3	1	2	0	0.0000
199	199	51.306432	1	49.000000	45.589926	2	0.326978	6	2	2	1	0	0.0000
200	200	51.306432	2	49.000000	54.522113	2	0.334526	3	7	1	1	0	0.0000
201	201	51.306432	1	49.000000	49.587523	2	0.333155	5	7	1	1	0	0.0000
202	202	51.306432	1	49.000000	44.547677	2	0.283930	3	2	2	1	0	0.0000
203	203	51.306432	2	49.000000	55.423063	2	0.324783	2	8	2	2	0	0.0000
204	204	51.306432	2	49.000000	53.287541	2	0.340241	8	6	1	1	0	0.0000
205	205	51.306432	2	49.000000	55.183131	2	0.427077	2	3	2	2	0	0.0000
206	206	51.306432	2	49.000000	54.129695	2	0.694513	2	4	1	1	0	0.0000
207	207	51.306432	2	49.000000	54.489793	2	0.822252	3	5	1	2	0	0.0000
208	208	51.306432	2	49.000000	54.318656	1	0.417451	7	6	1	1	0	0.0000
209	209	51.306432	1	49.000000	43.865144	1	0.348931	7	2	1	1	0	0.0000
210	210	51.306432	2	49.000000	52.789865	1	0.274730	4	3	1	2	0	0.0000
211	211	51.306432	1	49.000000	45.417956	1	0.324204	2	4	1	2	0	0.0000
212	212	51.306432	2	49.000000	52.849768	1	0.403658	6	2	1	2	0	0.0000
213	213	51.306432	2	49.000000	54.889401	1	0.415802	4	3	1	1	0	0.0000
214	214	51.306432	2	49.000000	54.614107	2	0.195114	2	6	1	1	0	0.0000
215	215	51.306432	2	49.000000	55.119364	1	0.447403	5	8	1	1	0	0.0000
216	216	51.306432	2	49.000000	55.546390	1	0.377419	3	4	2	2	0	0.0000
217	217	51.306432	1	49.000000	47.846581	1	0.197894	3	4	1	2	0	0.0000
218	218	51.306432	2	49.000000	54.626705	1	0.370292	5	8	1	2	0	0.0000
219	219	51.306432	2	49.000000	52.797496	1	0.303617	3	2	1	2	0	0.0000
220	220	51.306432	1	49.000000	44.888207	1	0.327906	6	2	1	1	0	0.0000
221	221	51.306432	2	49.000000	53.658052	1	0.390666	3	2	2	1	0	0.0000
222	222	51.306432	1	49.000000	46.061733	1	0.267444	4	7	1	2	0	0.0000
223	223	51.306432	1	49.000000	49.092647	1	0.268929	4	6	1	1	0	0.0000
224	224	51.306432	1	49.000000	44.221004	2	0.334340	4	5	1	2	0	0.0000
225	225	51.306432	1	49.000000	43.008312	1	0.332963	2	6	1	1	0	0.0000
226	226	51.306432	2	49.000000	53.884757	1	0.243999	3	4	1	1	0	0.0000
227	227	51.306432	2	49.000000	55.504022	1	0.342031	7	8	2	2	0	0.0000
228	228	51.306432	1	49.000000	43.131709	1	0.051085	5	8	1	2	0	0.0000
229	229	51.306432	1	49.000000	45.667177	1	0.095262	5	2	1	2	0	0.0000
230	230	51.306432	1	49.000000	44.544444	1	0.279449	3	4	1	2	0	0.0000
231	231	51.306432	1	49.000000	47.539037	1	0.464304	3	8	1	2	0	0.0000
232	232	51.306432	1	49.000000	46.949130	1	1.201708	3	7	1	1	0	0.0000
233	233	51.306432	2	49.000000	53.828364	1	0.316957	8	2	1	1	0	0.0000
234	234	51.306432	1	49.000000	43.940061	1	0.716492	2	4	2	2	0	0.0000
235	235	51.306432	1	49.000000	49.245187	1	1.579765	2	3	1	2	0	0.0000
236	236	51.306432	2	49.000000	54.283324	2	1.255390	8	6	1	2	0	0.0000
237	237	51.306432	1	49.000000	46.134780	2	1.056753	5	4	1	1	0	0.0000
238	238	51.306432	1	49.000000	43.932144	2	1.266308	4	3	1	2	0	0.0000
239	239	51.306432	2	49.000000	54.897627	2	0.058945	7	3	1	1	0	0.0000
240	240	51.306432	1	49.000000	45.222706	1	1.221320	3	2	1	2	0	0.0000
241	241	51.306432	2	49.000000	54.614276	2	0.504073	4	5	1	1	0	0.0000
242	242	51.306432	2	49.000000	54.986906	1	0.311990	7	6	2	1	0	0.0000
243	243	51.306432	2	49.000000	53.008289	2	0.295531	5	2	1	1	0	0.0000
244	244	51.306432	1	49.000000	49.165617	1	0.471662	2	3	1	2	0	0.0000
245	245	51.306432	1	49.000000	49.457875	2	0.008820	3	8	1	1	0	0.0000
246	246	51.306432	1	49.000000	43.661261	2	0.541297	8	7	1	2	0	0.0000
247	247	51.306432	2	49.000000	55.003553	1	0.596135	6	5	1	2	0	0.0000
248	248	51.306432	2	49.000000	54.258346	2	0.271711	5	3	1	2	0	0.0000
249	249	51.306432	1	49.000000	43.542617	1	1.105223	6	5	1	1	0	0.0000
250	250	51.306432	2	49.000000	53.935515	1	0.384730	6	4	1	1	0	0.0000
251	251	51.306432	1	49.000000	44.828952	1	0.277562	4	6	1	2	0	0.0000
252	252	51.306432	2	49.000000	52.786965	1	0.254315	8	4	1	1	0	0.0000
253	253	51.306432	2	49.000000	53.971486	1	0.736435	6	2	1	1	0	0.0000
254	254	51.306432	1	49.000000	42.697127	1	0.302844	5	4	2	1	0	0.0000
255	255	51.306432	2	49.000000	53.139275	1	0.439161	2	3	2	2	0	0.0000
256	256	51.306432	1	49.000000	47.042788	1	0.377862	3	7	1	1	0	0.0000
257	257	51.306432	1	49.000000	48.135780	1	0.310509	8	7	1	2	0	0.0000
258	258	51.306432	1	49.000000	47.037454	2	0.182166	5	6	1	2	0	0.0000
259	259	51.306432	1	49.000000	47.401925	1	0.466892	3	5	1	1	0	0.0000
260	260	51.306432	1	49.000000	45.331277	2	1.252242	4	3	1	2	0	0.0000
261	261	51.306432	1	49.000000	48.323495	1	0.277679	6	5	1	1	0	0.0000
262	262	51.306432	2	49.000000	54.121931	1	0.494431	3	2	1	2	0	0.0000
263	263	51.306432	1	49.000000	49.124109	2	0.894417	3	5	1	2	0	0.0000
264	264	51.306432	1	49.000000	49.772239	2	0.437938	8	3	1	2	0	0.0000
265	265	51.306432	1	49.000000	47.195920	2	0.424780	2	3	2	2	0	0.0000
266	266	51.306432	1	49.000000	49.395848	1	0.820075	2	4	2	2	0	0.0000
267	267	51.306432	2	49.000000	55.583980	1	0.431169	2	3	1	2	0	0.0000
268	268	51.306432	2	49.000000	54.999016	2	0.545669	3	2	1	2	0	0.0000
269	269	51.306432	2	49.000000	53.299554	2	0.631823	8	4	1	2	0	0.0000
270	270	51.306432	1	49.000000	47.419942	2	0.266362	2	3	1	1	0	0.0000
271	271	51.306432	2	49.000000	55.255367	1	0.307738	5	4	2	1	0	0.0000
272	272	51.306432	1	49.000000	49.548332	2	0.323778	4	3	2	1	0	0.0000
273	273	51.306432	1	49.000000	45.866649	1	0.283385	3	8	1	1	0	0.0000
274	274	51.306432	1	49.000000	48.608321	1	0.460191	5	3	2	1	0	0.0000
275	275	51.306432	2	49.000000	53.971066	1	0.390203	7	4	1	2	0	0.0000
276	276	51.306432	1	49.000000	47.254882	2	0.042940	6	7	1	2	0	0.0000
277	277	51.306432	2	49.000000	53.494779	2	0.445851	6	7	1	2	0	0.0000
278	278	51.306432	1	49.000000	44.837050	2	0.216017	5	6	1	1	0	0.0000
279	279	51.306432	2	49.000000	55.136207	1	0.227509	2	4	1	2	0	0.0000
280	280	51.306432	1	49.000000	49.435235	1	0.438415	2	5	1	1	0	0.0000
281	281	51.306432	1	49.000000	42.160837	1	0.305037	4	7	2	2	0	0.0000
282	282	51.306432	2	49.000000	53.089282	2	1.929464	6	8	1	2	0	0.0000
283	283	51.306432	1	49.000000	46.621509	2	2.502736	5	6	1	1	0	0.0000
284	284	51.306432	2	49.000000	55.547071	1	2.669209	8	2	1	2	0	0.0000
285	285	51.306432	2	49.000000	54.262222	2	2.236512	3	6	1	2	0	0.0000
286	286	51.306432	2	49.000000	54.972975	2	2.293814	7	4	1	2	0	0.0000
287	287	51.306432	1	49.000000	44.356271	2	2.156984	3	2	1	1	0	0.0000
288	288	51.306432	2	49.000000	55.729195	2	2.137781	3	2	1	2	0	0.0000
289	289	51.306432	1	49.000000	47.158215	2	2.990892	2	8	1	2	0	0.0000
290	290	51.306432	1	49.000000	43.923520	2	1.929708	5	3	1	2	0	0.0000
291	291	51.306432	1	49.000000	46.394491	1	0.190971	6	7	1	1	0	0.0000
292	292	51.306432	1	49.000000	46.863982	2	0.588057	5	6	1	1	0	0.0000
293	293	51.306432	2	49.000000	53.025770	2	0.376711	2	8	1	1	0	0.0000
294	294	51.306432	1	49.000000	48.698500	1	0.357909	3	5	1	2	0	0.0000
295	295	51.306432	2	49.000000	55.484879	2	0.460129	2	6	1	1	0	0.0000
296	296	51.306432	1	49.000000	46.683894	2	1.053961	4	2	1	1	0	0.0000
297	297	51.306432	2	49.000000	52.767876	2	0.303551	2	3	1	2	0	0.0000
298	298	51.306432	1	49.000000	49.369678	1	0.327696	3	2	2	1	0	0.0000
299	299	51.306432	1	49.000000	43.831227	1	0.414517	5	3	1	2	0	0.0000
300	300	51.306432	2	49.000000	55.345714	2	0.665842	2	4	1	2	0	0.0000
301	301	51.306432	1	49.000000	42.577380	2	0.490929	2	6	2	2	0	0.0000
302	302	51.306432	2	49.000000	55.540042	2	0.155539	4	5	1	2	0	0.0000
303	303	51.306432	1	49.000000	45.050415	1	0.180432	8	2	1	2	0	0.0000
304	304	51.306432	1	49.000000	48.255949	1	0.286880	2	3	1	2	0	0.0000
305	305	51.306432	1	49.000000	42.339909	1	0.311607	6	7	1	1	0	0.0000
306	306	51.306432	2	49.000000	52.757317	2	0.335152	3	2	1	1	0	0.0000
307	307	51.306432	1	49.000000	43.121394	2	0.406006	4	8	1	1	0	0.0000
308	308	51.306432	2	49.000000	53.969389	2	0.530066	3	6	1	2	0	0.0000
309	309	51.306432	2	49.000000	52.781844	2	0.512455	2	4	2	2	0	0.0000
310	310	51.306432	2	49.000000	53.891902	2	0.271878	7	8	1	2	0	0.0000
311	311	51.306432	1	49.000000	45.811138	2	0.345358	2	3	1	2	0	0.0000
312	312	51.306432	1	49.000000	44.265622	1	0.383471	2	5	1	1	0	0.0000
313	313	51.306432	2	49.000000	55.329382	2	1.020205	2	7	1	1	0	0.0000
314	314	51.306432	2	49.000000	53.309884	2	0.327094	6	4	1	2	0	0.0000
315	315	51.306432	2	49.000000	53.449734	2	0.334290	6	4	1	2	0	0.0000
316	316	51.306432	2	49.000000	54.307230	2	0.405253	7	2	2	1	0	0.0000
317	317	51.306432	1	49.000000	42.164777	2	0.793403	2	5	2	2	0	0.0000
318	318	51.306432	2	49.000000	53.391033	2	0.445908	6	2	1	2	0	0.0000
319	319	51.306432	1	49.000000	42.016518	2	0.135822	3	6	1	1	0	0.0000
320	320	51.306432	2	49.000000	54.227071	1	0.030083	7	6	1	1	0	0.0000
321	321	51.306432	1	49.000000	42.956016	2	0.225660	2	7	1	1	0	0.0000
322	322	51.306432	2	49.000000	55.068598	2	0.341245	6	2	1	2	0	0.0000
323	323	51.306432	2	49.000000	55.833952	2	0.483983	3	5	1	2	0	0.0000
324	324	51.306432	2	49.000000	54.422820	2	0.588681	5	6	1	1	0	0.0000
325	325	51.306432	2	49.000000	54.396091	2	0.425146	3	2	1	2	0	0.0000
326	326	51.306432	2	49.000000	53.565802	1	1.988742	4	2	1	1	0	0.0000
327	327	51.306432	1	49.000000	47.969327	2	0.440114	4	2	2	1	0	0.0000
328	328	51.306432	1	49.000000	44.720067	2	1.130817	4	6	1	2	0	0.0000
329	329	51.306432	1	49.000000	48.508870	1	0.217000	3	2	1	1	0	0.0000
330	330	51.306432	1	49.000000	45.104080	2	0.009148	3	2	1	2	0	0.0000
331	331	51.306432	1	49.000000	44.163146	2	0.712810	3	5	1	2	0	0.0000
332	332	51.306432	1	49.000000	42.221789	1	0.647934	6	5	1	2	0	0.0000
333	333	51.306432	2	49.000000	54.771939	2	0.953685	3	7	1	1	0	0.0000
334	334	51.306432	1	49.000000	45.962445	1	2.319573	6	8	1	2	0	0.0000
335	335	51.306432	1	49.000000	44.364078	2	0.981256	2	3	1	2	0	0.0000
336	336	51.306432	2	49.000000	54.197712	2	0.449561	3	2	1	1	0	0.0000
337	337	51.306432	1	49.000000	44.500971	2	1.347656	4	5	2	2	0	0.0000
338	338	51.306432	2	49.000000	52.920419	2	0.224779	8	4	1	1	0	0.0000
339	339	51.306432	1	49.000000	42.289058	2	0.692269	8	4	1	2	0	0.0000
340	340	51.306432	2	49.000000	54.258308	2	0.910186	4	3	1	2	0	0.0000
341	341	51.306432	1	49.000000	45.627726	2	0.004196	4	3	1	2	0	0.0000
342	342	51.306432	1	49.000000	46.599635	1	0.512718	4	5	1	2	0	0.0000
343	343	51.306432	1	49.000000	47.081970	1	1.328117	8	7	1	2	0	0.0000
344	344	51.306432	2	49.000000	54.098767	1	0.574092	2	5	1	2	0	0.0000
345	345	51.306432	1	49.000000	46.710056	1	0.059272	7	3	1	2	0	0.0000
346	346	51.306432	1	49.000000	43.979947	2	0.693763	6	5	1	2	0	0.0000
347	347	51.306432	2	49.000000	54.834601	1	0.526135	8	2	1	2	0	0.0000
348	348	51.306432	2	49.000000	55.591019	1	0.413532	5	4	1	2	0	0.0000
349	349	51.306432	1	49.000000	43.042679	1	0.552848	5	2	1	1	0	0.0000
350	350	51.306432	1	49.000000	47.342278	1	0.334773	2	3	1	1	0	0.0000
351	351	51.306432	2	49.000000	55.525969	1	0.637662	2	7	1	2	0	0.0000
352	352	51.306432	2	49.000000	55.863977	2	0.308253	2	5	1	2	0	0.0000
353	353	51.306432	2	49.000000	53.582051	2	0.284242	5	2	1	1	0	0.0000
354	354	51.306432	2	49.000000	55.915677	2	0.083802	4	2	1	1	0	0.0000
355	355	51.306432	1	49.000000	44.420558	2	0.083706	2	8	1	1	0	0.0000
356	356	51.306432	2	49.000000	55.952767	2	0.083827	2	5	1	1	0	0.0000
357	357	51.306432	2	49.000000	55.323289	2	0.083816	4	5	1	1	0	0.0000
358	358	51.306432	2	49.000000	53.752639	2	0.083759	4	7	1	1	0	0.0000
359	359	51.306432	1	49.000000	47.354658	2	0.083664	5	3	1	2	0	0.0000
360	360	51.306432	1	49.000000	42.105289	2	0.083787	7	2	1	2	0	0.0000
361	361	51.306432	1	49.000000	44.742763	2	0.083890	2	3	1	2	0	0.0000
362	362	51.306432	2	49.000000	54.485011	2	0.083820	3	2	1	2	0	0.0000
363	363	51.306432	1	49.000000	44.588726	2	0.083855	6	4	2	1	0	0.0000
364	364	51.306432	2	49.000000	54.157460	2	0.083799	3	7	1	2	0	0.0000
365	365	51.306432	2	49.000000	54.738357	2	0.083696	8	3	1	2	0	0.0000
366	366	51.306432	1	49.000000	48.107545	2	0.085318	6	2	1	2	0	0.0000
367	367	51.306432	2	49.000000	53.384141	2	0.052282	5	2	1	1	0	0.0000
368	368	51.306432	1	49.000000	45.279030	2	0.003834	7	3	2	1	0	0.0000
369	369	51.306432	2	49.000000	52.773460	2	0.284417	5	4	1	1	0	0.0000
370	370	51.306432	2	49.000000	53.588903	1	0.229239	5	2	1	1	0	0.0000
371	371	51.306432	2	49.000000	53.201453	2	0.464305	7	4	1	2	0	0.0000
372	372	51.306432	1	49.000000	46.918438	1	0.218980	2	8	2	2	0	0.0000
373	373	51.306432	2	49.000000	55.306137	1	0.276953	2	7	1	2	0	0.0000
374	374	51.306432	2	49.000000	54.343511	1	0.158451	6	5	1	2	0	0.0000
375	375	51.306432	2	49.000000	52.800299	1	0.276643	2	4	1	1	0	0.0000
376	376	51.306432	1	49.000000	44.945817	1	0.166194	6	2	1	1	0	0.0000
377	377	51.306432	1	49.000000	46.725440	1	0.259838	5	2	1	1	0	0.0000
378	378	51.306432	2	49.000000	53.147722	2	0.221949	2	4	1	2	0	0.0000
379	379	51.306432	2	49.000000	54.914262	1	0.090748	2	4	1	2	0	0.0000
380	380	51.306432	2	49.000000	53.776832	2	0.242986	8	3	1	2	0	0.0000
381	381	51.306432	1	49.000000	49.824932	1	0.789235	6	5	1	1	0	0.0000
382	382	51.306432	1	49.000000	42.407446	1	0.445705	2	5	1	2	0	0.0000
383	383	51.306432	2	49.000000	54.911110	2	0.267811	6	8	1	2	0	0.0000
384	384	51.306432	2	49.000000	52.888364	1	0.029133	6	2	1	2	0	0.0000
385	385	51.306432	1	49.000000	48.574558	2	0.240283	8	4	1	1	0	0.0000
386	386	51.306432	1	49.000000	49.240600	1	0.083083	3	7	1	2	0	0.0000
387	387	51.306432	2	49.000000	52.762206	1	0.340067	7	2	1	2	0	0.0000
388	388	51.306432	2	49.000000	55.308252	2	0.434865	2	3	1	2	0	0.0000
389	389	51.306432	2	49.000000	53.856500	2	0.141436	4	3	1	1	0	0.0000
390	390	51.306432	2	49.000000	54.638165	2	0.212423	2	7	1	2	0	0.0000
391	391	51.306432	1	49.000000	48.356309	2	0.255979	4	5	1	2	0	0.0000
392	392	51.306432	1	49.000000	44.195915	1	0.274220	3	5	1	1	0	0.0000
393	393	51.306432	2	49.000000	55.630157	2	0.467799	8	6	1	2	0	0.0000
394	394	51.306432	2	49.000000	54.377782	2	0.140898	4	3	1	1	0	0.0000
395	395	51.306432	2	49.000000	53.091909	2	0.171807	2	3	1	2	0	0.0000
396	396	51.306432	2	49.000000	53.503017	2	0.257510	7	2	1	1	0	0.0000
397	397	51.306432	2	49.000000	54.880021	2	0.995597	2	5	1	1	0	0.0000
398	398	51.306432	2	49.000000	54.505086	1	0.287217	5	3	2	1	0	0.0000
399	399	51.306432	2	49.000000	52.962699	1	0.013519	2	4	1	2	0	0.0000
400	400	51.306432	1	49.000000	43.996372	2	0.595708	6	8	1	2	0	0.0000
401	401	51.306432	2	49.000000	53.250281	2	0.247648	2	4	1	2	0	0.0000
402	402	51.306432	1	49.000000	43.716346	2	0.393821	4	3	1	2	0	0.0000
403	403	51.306432	1	49.000000	47.362801	2	0.497696	3	4	1	1	0	0.0000
404	404	51.306432	2	49.000000	53.303009	2	0.047673	4	2	2	1	0	0.0000
405	405	51.306432	2	49.000000	54.001844	2	0.312051	5	8	1	1	0	0.0000
406	406	51.306432	1	49.000000	46.258091	1	0.167752	5	3	1	1	0	0.0000
407	407	51.306432	2	49.000000	54.178489	2	0.044868	3	2	1	2	0	0.0000
408	408	51.306432	2	49.000000	55.849073	2	0.103402	6	7	1	2	0	0.0000
409	409	51.306432	2	49.000000	54.788714	1	0.063491	8	3	1	1	0	0.0000
410	410	51.306432	2	49.000000	53.589452	2	0.033325	4	3	1	2	0	0.0000
411	411	51.306432	1	49.000000	47.483780	2	0.340510	4	3	1	1	0	0.0000
412	412	51.306432	1	49.000000	46.549683	1	0.579252	6	4	1	2	0	0.0000
413	413	51.306432	1	49.000000	47.268501	1	0.375871	3	2	1	1	0	0.0000
414	414	51.306432	2	49.000000	54.436007	3	0.197267	7	6	1	1	0	0.0000
415	415	51.306432	2	49.000000	55.708449	1	0.253114	2	6	1	2	0	0.0000
416	416	51.306432	2	49.000000	53.925856	1	0.367711	2	3	2	2	0	0.0000
417	417	51.306432	2	49.000000	53.649229	1	0.308697	3	6	2	2	0	0.0000
418	418	51.306432	1	49.000000	48.777253	1	0.101024	3	7	2	2	0	0.0000
419	419	51.306432	2	49.000000	55.789904	2	0.405518	7	2	1	2	0	0.0000
420	420	51.306432	1	49.000000	49.601531	1	0.409356	5	6	1	1	0	0.0000
421	421	51.306432	2	49.000000	53.806102	1	0.005041	8	6	1	1	0	0.0000
422	422	51.306432	2	49.000000	55.629896	2	0.273798	7	4	1	1	0	0.0000
423	423	51.306432	2	49.000000	55.031988	1	0.395462	6	5	2	1	0	0.0000
424	424	51.306432	2	49.000000	55.379195	2	0.439545	6	8	1	1	0	0.0000
425	425	51.306432	2	49.000000	54.313421	1	0.786128	4	5	1	2	0	0.0000
426	426	51.306432	2	49.000000	54.874937	1	0.278425	2	5	1	2	0	0.0000
427	427	51.306432	2	49.000000	52.736029	1	0.519075	5	8	1	1	0	0.0000
428	428	51.306432	1	49.000000	46.837851	1	0.310631	2	5	1	1	0	0.0000
429	429	51.306432	1	49.000000	49.600930	2	0.341886	3	5	1	1	0	0.0000
430	430	51.306432	1	49.000000	43.542583	1	1.116817	4	6	1	2	0	0.0000
431	431	51.306432	2	49.000000	52.827772	1	1.035584	2	3	1	2	0	0.0000
432	432	51.306432	1	49.000000	43.678669	1	0.265776	7	4	1	1	0	0.0000
433	433	51.306432	1	49.000000	47.926941	1	0.391271	3	2	1	2	0	0.0000
434	434	51.306432	2	49.000000	55.293112	1	0.619920	4	3	1	1	0	0.0000
435	435	51.306432	2	49.000000	55.593255	1	0.783090	4	3	2	1	0	0.0000
436	436	51.306432	2	49.000000	53.189406	1	0.411664	4	2	1	1	0	0.0000
437	437	51.306432	2	49.000000	54.900379	1	0.438926	5	6	1	1	0	0.0000
438	438	51.306432	2	49.000000	54.190354	1	0.305631	2	3	1	2	0	0.0000
439	439	51.306432	2	49.000000	52.873022	1	0.449887	4	2	1	1	0	0.0000
440	440	51.306432	2	49.000000	54.656987	1	0.683926	3	4	1	1	0	0.0000
441	441	51.306432	1	49.000000	47.297090	2	0.043198	6	2	1	2	0	0.0000
442	442	51.306432	2	49.000000	54.109340	1	0.359262	3	2	1	2	0	0.0000
443	443	51.306432	2	49.000000	55.300243	1	0.325271	3	5	2	2	0	0.0000
444	444	51.306432	1	49.000000	43.096398	1	0.540842	4	5	2	2	0	0.0000
445	445	51.306432	2	49.000000	55.563887	1	0.355474	3	2	1	1	0	0.0000
446	446	51.306432	2	49.000000	53.410083	1	0.345623	3	2	1	1	0	0.0000
447	447	51.306432	1	49.000000	42.518758	2	0.351440	2	3	2	2	0	0.0000
448	448	51.306432	1	49.000000	47.209744	2	0.805933	6	4	1	1	0	0.0000
449	449	51.306432	2	49.000000	55.492630	1	0.513606	6	2	1	1	0	0.0000
450	450	51.306432	2	49.000000	52.808215	1	0.416776	2	3	1	2	0	0.0000
451	451	51.306432	1	49.000000	48.767047	1	0.284126	3	2	1	1	0	0.0000
452	452	51.306432	1	49.000000	45.601998	1	0.421135	7	2	1	2	0	0.0000
453	453	51.306432	2	49.000000	55.419947	1	0.256370	5	4	1	1	0	0.0000
454	454	51.306432	1	49.000000	45.569470	2	0.322513	3	5	1	2	0	0.0000
455	455	51.306432	1	49.000000	46.118299	1	0.410116	3	5	1	2	0	0.0000
456	456	51.306432	2	49.000000	53.918977	1	0.053925	8	7	2	1	0	0.0000
457	457	51.306432	1	49.000000	42.592689	2	0.008141	6	3	1	1	0	0.0000
458	458	51.306432	2	49.000000	53.886440	2	0.280933	3	7	2	2	0	0.0000
459	459	51.306432	1	49.000000	46.181476	1	0.141581	4	3	2	1	0	0.0000
460	460	51.306432	2	49.000000	55.908077	1	0.244595	4	3	1	2	0	0.0000
461	461	51.306432	1	49.000000	42.348607	1	0.062561	6	8	1	1	0	0.0000
462	462	51.306432	1	49.000000	48.179803	1	0.488387	7	2	1	1	0	0.0000
463	463	51.306432	1	49.000000	49.057169	1	0.232964	3	4	1	1	0	0.0000
464	464	51.306432	1	49.000000	42.215989	1	1.131751	2	8	1	1	0	0.0000
465	465	51.306432	1	49.000000	48.739622	1	0.426093	2	4	1	1	0	0.0000
466	466	51.306432	2	49.000000	55.550240	1	0.381374	6	5	2	1	0	0.0000
467	467	51.306432	2	49.000000	54.469309	1	0.394084	4	5	1	1	0	0.0000
468	468	51.306432	1	49.000000	44.690753	2	0.278034	6	7	2	2	0	0.0000
469	469	51.306432	2	49.000000	53.095275	2	0.422906	2	3	1	1	0	0.0000
470	470	51.306432	1	49.000000	43.752131	1	0.466353	2	4	1	1	0	0.0000
471	471	51.306432	2	49.000000	54.388025	2	0.131526	3	4	1	2	0	0.0000
472	472	51.306432	1	49.000000	45.012057	1	0.090585	7	5	1	2	0	0.0000
473	473	51.306432	1	49.000000	47.927563	2	0.307577	4	3	1	1	0	0.0000
474	474	51.306432	2	49.000000	53.149728	2	0.819603	5	3	1	2	0	0.0000
475	475	51.306432	2	49.000000	54.418193	2	0.318669	3	7	1	1	0	0.0000
476	476	51.306432	1	49.000000	47.688545	2	2.198241	6	7	1	2	0	0.0000
477	477	51.306432	2	49.000000	54.986856	2	0.404884	4	8	2	2	0	0.0000
478	478	51.306432	2	49.000000	54.795738	2	0.236684	4	2	1	1	0	0.0000
479	479	51.306432	1	49.000000	43.905846	2	0.447481	3	5	1	2	0	0.0000
480	480	51.306432	2	49.000000	53.466184	2	0.089733	8	6	2	1	0	0.0000
481	481	51.306432	1	49.000000	45.209219	2	1.162644	8	7	1	1	0	0.0000
482	482	51.306432	2	49.000000	53.918101	2	0.175349	5	2	1	2	0	0.0000
483	483	51.306432	2	49.000000	55.721159	1	0.120979	5	2	1	1	0	0.0000
484	484	51.306432	2	49.000000	54.858168	1	0.292569	7	5	1	1	0	0.0000
485	485	51.306432	1	49.000000	44.939208	2	0.349510	4	5	1	1	0	0.0000
486	486	51.306432	1	49.000000	48.399970	1	0.555560	4	3	1	1	0	0.0000
487	487	51.306432	2	49.000000	55.393973	2	1.241537	5	3	1	2	0	0.0000
488	488	51.306432	2	49.000000	54.745163	1	0.147413	5	6	1	2	0	0.0000
489	489	51.306432	2	49.000000	52.813948	2	0.433728	2	4	1	1	0	0.0000
490	490	51.306432	1	49.000000	42.527367	2	0.532629	2	3	1	2	0	0.0000
491	491	51.306432	2	49.000000	55.515077	2	0.042968	3	5	1	2	0	0.0000
492	492	51.306432	1	49.000000	49.059936	2	1.214075	5	4	1	1	0	0.0000
493	493	51.306432	1	49.000000	47.477840	2	0.848889	3	2	1	1	0	0.0000
494	494	51.306432	1	49.000000	42.382552	2	1.642604	6	7	1	1	0	0.0000
495	495	51.306432	2	49.000000	52.957678	2	3.348135	2	4	1	1	0	0.0000
496	496	51.306432	2	49.000000	54.693806	2	1.487971	3	6	1	2	0	0.0000
497	497	51.306432	1	49.000000	46.749004	1	0.519899	3	2	2	1	0	0.0000
498	498	51.306432	2	49.000000	54.751815	2	0.019089	6	7	2	2	0	0.0000
499	499	51.306432	2	49.000000	52.844079	1	0.017120	4	3	1	1	0	0.0000
500	500	51.306432	1	49.000000	45.811114	1	0.178630	4	3	1	2	0	0.0000
501	501	51.306432	2	49.000000	55.978307	2	0.299416	7	8	1	2	0	0.0000
502	502	51.306432	2	49.000000	52.805235	1	1.275693	4	8	1	1	0	0.0000
503	503	51.306432	1	49.000000	49.547634	2	0.748122	3	7	1	2	0	0.0000
504	504	51.306432	2	49.000000	54.485203	2	0.305893	2	6	1	1	0	0.0000
505	505	51.306432	1	49.000000	45.791690	2	0.417995	4	3	1	1	0	0.0000
506	506	51.306432	1	49.000000	45.709621	2	0.012868	6	5	1	2	0	0.0000
507	507	51.306432	1	49.000000	46.811925	2	0.168923	3	5	1	2	0	0.0000
508	508	51.306432	2	49.000000	54.204768	1	0.206691	2	3	1	2	0	0.0000
509	509	51.306432	2	49.000000	53.114060	1	0.314829	4	5	1	2	0	0.0000
510	510	51.306432	1	49.000000	46.477827	1	0.386478	4	3	1	1	0	0.0000
511	511	51.306432	1	49.000000	45.037369	2	0.559176	2	5	1	2	0	0.0000
512	512	51.306432	2	49.000000	55.476181	1	0.261144	7	2	1	1	0	0.0000
