1	1	59.625620	2	63.000000	65.581643	2	2.310399	3	6	1	2	0	0.0000
2	2	59.625620	2	63.000000	69.894955	2	1.694120	4	3	2	1	0	0.0000
3	3	59.625620	1	63.000000	57.859504	2	1.311972	3	4	1	1	0	0.0000
4	4	59.625620	2	63.000000	62.788194	2	1.766756	2	3	1	1	0	0.0000
5	5	59.625620	1	63.000000	57.316161	1	0.843006	4	3	1	2	0	0.0000
6	6	59.625620	2	63.000000	64.540153	1	1.757467	4	5	1	1	0	0.0000
7	7	59.625620	2	63.000000	66.693013	2	1.418215	7	6	1	1	0	0.0000
8	8	59.625620	2	63.000000	67.751506	2	2.932796	4	2	2	1	0	0.0000
9	9	59.625620	1	63.000000	56.912890	1	1.865662	3	2	2	1	0	0.0000
10	10	59.625620	2	63.000000	68.853687	1	1.329617	2	4	1	1	0	0.0000
11	11	59.625620	2	63.000000	65.799114	1	1.967686	2	4	1	1	0	0.0000
12	12	59.625620	1	63.000000	56.724605	1	1.675856	2	4	1	2	0	0.0000
13	13	59.625620	1	63.000000	57.503188	2	1.044187	3	2	1	2	0	0.0000
14	14	59.625620	1	63.000000	57.471368	2	1.062344	5	6	1	2	0	0.0000
15	15	59.625620	1	63.000000	58.217192	4	6.271349	4	8	1	2	0	0.0000
16	16	59.625620	2	63.000000	65.431922	2	1.224313	7	6	1	1	0	0.0000
17	17	59.625620	2	63.000000	65.447891	2	0.962866	2	3	1	1	0	0.0000
18	18	59.625620	2	63.000000	66.582810	2	0.871846	3	5	1	1	0	0.0000
19	19	59.625620	1	63.000000	56.522666	1	0.720819	6	2	1	2	0	0.0000
20	20	59.625620	2	63.000000	68.400291	2	0.679969	7	5	1	1	0	0.0000
21	21	59.625620	1	63.000000	58.135756	2	1.008474	4	5	1	2	0	0.0000
22	22	59.625620	2	63.000000	66.399435	2	0.964114	3	2	1	1	0	0.0000
23	23	59.625620	2	63.000000	68.919960	2	0.921090	6	3	1	1	0	0.0000
24	24	59.625620	1	63.000000	56.636291	1	0.647879	3	2	2	1	0	0.0000
25	25	59.625620	1	63.000000	57.321343	1	0.785731	3	5	2	2	0	0.0000
26	26	59.625620	2	63.000000	69.975080	2	0.726194	2	3	1	2	0	0.0000
27	27	59.625620	1	63.000000	56.903059	1	0.733355	5	3	1	2	0	0.0000
28	28	59.625620	1	63.000000	56.299556	1	0.763886	2	7	1	1	0	0.0000
29	29	59.625620	2	63.000000	66.099914	2	0.856768	5	6	1	2	0	0.0000
30	1	20.437076	1	21.000000	15.977114	1	2.764436	2	3	2	2	2	1.9824
31	2	20.437076	1	21.000000	17.932284	1	2.594912	5	4	1	1	1	1.5700
32	3	20.437076	2	21.000000	24.078279	1	2.057956	6	4	1	2	2	1.8548
33	4	20.437076	2	21.000000	24.107386	1	3.267096	4	8	2	2	2	1.3106
34	5	20.437076	1	21.000000	16.064574	1	2.400658	2	3	1	2	2	1.2471
35	6	20.437076	2	21.000000	24.399284	1	2.123847	6	3	1	1	1	1.0060
36	7	20.437076	2	21.000000	24.785690	1	2.485080	4	7	1	1	1	1.5204
37	8	20.437076	2	21.000000	23.033397	2	2.002184	7	8	1	2	2	1.0409
38	9	20.437076	2	21.000000	25.731308	2	2.198798	3	4	1	2	2	1.2055
39	10	20.437076	2	21.000000	22.233460	2	1.988339	8	2	1	2	2	1.1561
40	11	20.437076	1	21.000000	16.934376	2	2.044723	6	5	1	1	1	0.9783
41	12	20.437076	1	21.000000	16.742563	1	1.594052	2	8	1	1	1	0.6821
42	13	20.437076	1	21.000000	18.423015	1	1.078045	5	2	1	2	2	1.8344
43	14	20.437076	1	21.000000	14.531121	1	2.591205	5	3	1	1	1	0.8225
44	15	20.437076	2	21.000000	24.771414	1	1.780941	3	4	1	1	1	0.7647
45	16	20.437076	2	21.000000	22.439877	1	1.924980	7	4	1	2	1	0.9595
46	17	20.437076	2	21.000000	27.602478	1	2.832406	3	6	1	2	2	1.0696
47	18	20.437076	2	21.000000	27.321931	2	1.801864	6	2	1	1	1	0.7128
48	19	20.437076	1	21.000000	14.273814	1	2.067307	3	2	2	1	1	0.6316
49	20	20.437076	2	21.000000	25.235456	2	2.717529	4	6	1	2	2	1.1113
50	21	20.437076	2	21.000000	23.955513	2	2.097523	8	6	1	2	2	1.8922
51	22	20.437076	2	21.000000	26.474606	1	2.695202	8	2	1	1	1	0.6897
52	23	20.437076	2	21.000000	23.726778	2	1.301598	8	6	1	1	1	0.7850
53	24	20.437076	1	21.000000	15.871529	1	1.624793	3	7	1	1	2	2.7037
54	25	20.437076	1	21.000000	14.422157	1	1.705027	3	2	1	2	2	0.7162
55	26	20.437076	1	21.000000	14.797315	1	1.702767	7	8	1	2	2	0.9062
56	27	20.437076	1	21.000000	15.676380	1	2.668976	3	7	1	1	1	1.0488
57	28	20.437076	1	21.000000	18.174499	1	1.237669	5	6	2	2	2	0.9641
58	29	20.437076	1	21.000000	16.817468	1	1.612284	2	3	1	1	1	0.6428
59	30	20.437076	2	21.000000	23.361420	2	1.528776	4	5	2	2	2	0.8349
60	31	20.437076	2	21.000000	22.227454	1	2.208494	3	5	1	1	1	1.1113
61	32	20.437076	1	21.000000	14.310092	1	1.329585	2	4	1	1	1	1.3077
62	33	20.437076	2	21.000000	23.439372	1	1.510443	2	6	1	2	2	0.9618
63	34	20.437076	1	21.000000	14.777830	1	1.642123	3	2	1	1	1	1.4324
64	35	20.437076	2	21.000000	26.445453	2	1.821503	7	5	1	2	2	1.2598
65	36	20.437076	1	21.000000	17.869126	2	1.392593	3	6	2	2	1	0.8247
66	37	20.437076	2	21.000000	22.619072	1	2.759218	2	5	1	2	2	0.7595
67	38	20.437076	1	21.000000	14.520853	1	1.872686	8	3	1	2	2	2.1572
68	39	20.437076	1	21.000000	18.299138	1	1.333207	4	5	1	2	2	0.9034
69	40	20.437076	1	21.000000	17.633658	1	3.306357	5	2	1	2	2	1.6042
70	41	20.437076	1	21.000000	18.949213	1	1.522755	4	8	1	1	1	1.5094
71	42	20.437076	1	21.000000	17.018664	1	2.032037	7	4	1	1	1	0.7817
72	43	20.437076	2	21.000000	25.011829	1	1.685289	2	8	1	1	1	1.6653
73	44	20.437076	2	21.000000	23.755819	1	2.237089	5	3	1	1	1	0.5225
74	45	20.437076	1	21.000000	14.196884	2	2.149297	4	8	2	2	2	0.7901
75	46	20.437076	1	21.000000	18.668789	1	2.589874	4	7	1	2	2	1.0371
76	47	20.437076	2	21.000000	22.190424	2	3.282575	3	5	1	2	2	0.7491
77	48	20.437076	1	21.000000	17.194364	1	2.142359	4	8	1	1	1	1.0320
78	49	20.437076	2	21.000000	25.944956	2	1.813585	4	2	1	1	1	1.1161
79	50	20.437076	2	21.000000	24.019802	1	1.894149	3	7	1	2	2	0.8019
80	51	20.437076	1	21.000000	16.577302	1	2.401097	3	4	1	1	1	1.2077
81	52	20.437076	1	21.000000	18.754377	2	2.934386	2	5	1	1	1	1.3674
82	53	20.437076	2	21.000000	27.208250	1	1.407520	2	7	1	1	1	1.0067
83	54	20.437076	1	21.000000	15.406041	1	1.205717	7	5	1	1	1	0.7095
84	55	20.437076	1	21.000000	18.690317	1	2.640547	8	2	1	2	2	1.6375
85	56	20.437076	2	21.000000	22.412546	2	2.890730	4	6	1	2	2	1.2138
86	57	20.437076	1	21.000000	16.379951	2	2.884365	3	2	1	1	1	0.8408
87	58	20.437076	1	21.000000	14.281542	1	1.372539	5	7	1	1	1	0.9493
88	59	20.437076	1	21.000000	18.167377	1	1.646317	3	2	1	1	1	0.5716
89	60	20.437076	1	21.000000	16.209861	1	1.244218	3	4	1	1	2	0.5706
90	61	20.437076	1	21.000000	17.268752	1	1.107111	2	3	2	2	2	0.8469
91	62	20.437076	1	21.000000	14.217862	1	1.551503	3	2	2	1	1	1.0053
92	63	20.437076	2	21.000000	25.833364	1	1.588293	7	3	1	2	2	0.9482
93	64	20.437076	2	21.000000	26.405978	2	1.613226	3	5	1	2	2	0.8518
94	65	20.437076	2	21.000000	27.121723	1	1.289431	3	4	1	2	1	0.7091
95	66	20.437076	2	21.000000	22.110804	2	1.712260	2	3	1	2	2	0.7950
96	67	20.437076	2	21.000000	23.016940	2	1.889873	4	2	1	1	1	0.8695
97	68	20.437076	2	21.000000	25.862230	2	2.450125	4	2	1	2	2	1.1907
98	69	20.437076	2	21.000000	24.783458	2	1.694130	3	2	1	1	1	1.0341
99	70	20.437076	1	21.000000	14.118290	1	1.327370	6	3	1	1	1	0.6985
100	71	20.437076	2	21.000000	25.980157	2	1.621787	4	5	1	1	1	0.5803
101	72	20.437076	1	21.000000	15.539154	1	1.444412	3	6	1	1	1	1.0184
102	73	20.437076	1	21.000000	15.599441	1	1.024655	3	2	1	1	1	0.7677
103	74	20.437076	1	21.000000	18.259175	1	2.080178	3	2	1	2	2	1.1957
104	75	20.437076	2	21.000000	23.818207	2	1.594599	3	4	2	2	2	0.9625
105	76	20.437076	2	21.000000	23.854092	2	1.666709	8	3	2	1	1	0.5113
106	77	20.437076	2	21.000000	24.078964	2	1.618025	3	7	1	1	1	1.9048
107	1	48.845445	1	49.000000	47.079407	4	7.793129	3	6	1	1	0	0.0000
108	2	48.845445	1	49.000000	46.548388	2	1.196366	5	4	1	2	0	0.0000
109	3	48.845445	2	49.000000	52.835487	2	0.967812	4	3	1	2	0	0.0000
110	4	48.845445	2	49.000000	55.344034	2	0.764622	7	3	1	1	0	0.0000
111	5	48.845445	1	49.000000	45.872991	2	1.153625	2	4	1	1	0	0.0000
112	6	48.845445	1	49.000000	44.916143	2	0.663169	6	2	1	1	0	0.0000
113	7	48.845445	1	49.000000	47.272460	1	1.136431	5	8	1	2	0	0.0000
114	8	48.845445	1	49.000000	46.696400	1	1.046362	2	3	1	1	0	0.0000
115	9	48.845445	2	49.000000	54.693999	2	0.679999	7	2	1	2	0	0.0000
116	10	48.845445	1	49.000000	42.864829	1	1.024586	8	4	1	2	0	0.0000
117	11	48.845445	2	49.000000	54.035262	2	0.987438	5	2	1	2	0	0.0000
118	12	48.845445	1	49.000000	44.601355	1	0.727703	5	3	1	1	0	0.0000
119	13	48.845445	2	49.000000	52.540337	1	1.158186	3	4	1	2	0	0.0000
120	14	48.845445	2	49.000000	55.582547	2	0.491651	4	3	1	2	0	0.0000
121	15	48.845445	2	49.000000	51.205497	2	0.684254	5	4	2	1	0	0.0000
122	16	48.845445	2	49.000000	53.963501	2	0.660665	3	2	2	1	0	0.0000
123	17	48.845445	1	49.000000	45.402019	1	0.685787	3	5	1	1	0	0.0000
124	18	48.845445	2	49.000000	54.358499	2	0.726359	3	2	1	2	0	0.0000
125	19	48.845445	1	49.000000	45.534749	1	0.869384	3	8	1	1	0	0.0000
126	20	48.845445	1	49.000000	42.780881	1	0.678504	3	2	1	2	0	0.0000
127	1	80.092037	1	77.000000	70.835603	2	1.795326	4	3	1	2	2	1.1864
128	2	80.092037	2	77.000000	82.815534	2	1.793872	5	6	1	2	2	0.9377
129	3	80.092037	2	77.000000	81.662238	2	1.091333	5	3	2	1	1	0.8878
130	4	80.092037	1	77.000000	74.553596	2	1.315427	3	2	1	2	2	0.6222
131	5	80.092037	1	77.000000	76.307592	1	1.341032	2	3	1	2	2	0.7351
132	6	80.092037	1	77.000000	75.741276	1	1.425166	4	8	1	2	2	0.7758
133	7	80.092037	2	77.000000	83.627397	2	1.608228	8	3	2	1	2	0.7355
134	8	80.092037	1	77.000000	72.497527	1	1.337385	2	3	1	1	1	0.6433
135	9	80.092037	2	77.000000	83.473170	1	1.192688	2	8	2	2	2	1.1131
136	10	80.092037	2	77.000000	83.233427	2	1.507236	2	4	1	1	1	0.6146
137	11	80.092037	2	77.000000	83.134118	1	1.405352	4	5	1	1	1	1.4687
138	12	80.092037	1	77.000000	76.227197	1	1.736616	5	3	1	1	1	0.8104
139	13	80.092037	1	77.000000	77.233312	2	1.928869	3	4	1	2	2	0.9545
140	14	80.092037	1	77.000000	72.382011	1	1.563796	4	6	1	2	2	0.7241
141	15	80.092037	1	77.000000	73.234998	1	1.334675	6	4	1	2	2	1.2170
142	16	80.092037	2	77.000000	83.297602	1	2.287168	3	7	1	2	2	0.9545
143	17	80.092037	1	77.000000	74.259787	1	1.531420	5	8	1	1	1	0.6534
144	18	80.092037	1	77.000000	70.345919	1	2.002695	4	6	1	1	1	1.0257
145	19	80.092037	1	77.000000	76.622897	1	1.339774	5	3	1	1	1	0.9622
146	20	80.092037	1	77.000000	71.555728	1	1.066646	2	3	2	2	2	0.6956
147	21	80.092037	1	77.000000	74.316422	1	0.922790	2	5	1	1	1	0.4859
148	22	80.092037	2	77.000000	81.967607	2	1.714011	3	6	1	2	2	1.0204
149	23	80.092037	1	77.000000	75.544461	1	1.938720	4	6	1	1	1	0.5005
150	24	80.092037	1	77.000000	77.601418	1	1.503993	6	5	1	1	2	0.4113
151	25	80.092037	2	77.000000	81.969609	1	1.241964	3	2	1	2	2	0.9924
152	26	80.092037	1	77.000000	78.358582	2	1.528062	7	8	1	1	1	0.6180
153	27	80.092037	2	77.000000	83.851058	2	2.088538	3	5	1	2	2	0.7561
154	28	80.092037	1	77.000000	74.589961	2	1.941391	4	2	1	1	1	1.1670
155	29	80.092037	2	77.000000	83.747067	2	1.367144	4	3	1	1	1	0.6318
156	30	80.092037	1	77.000000	76.551906	1	2.381885	7	5	1	2	1	0.7811
157	31	80.092037	2	77.000000	82.303566	2	1.852871	3	4	1	1	1	1.1539
158	32	80.092037	2	77.000000	83.710637	2	1.986621	4	6	2	2	2	0.6186
159	33	80.092037	1	77.000000	70.181407	1	1.025137	5	4	1	1	1	0.9121
160	34	80.092037	2	77.000000	82.467444	2	1.618603	4	8	2	2	2	1.1692
161	35	80.092037	1	77.000000	71.063920	1	1.369322	4	6	1	1	1	0.6021
162	36	80.092037	1	77.000000	75.662113	1	1.233267	3	6	1	2	2	1.1198
163	37	80.092037	2	77.000000	83.376634	2	1.401825	5	8	1	2	2	0.7854
164	38	80.092037	2	77.000000	83.049924	2	1.209272	5	7	1	2	2	0.7286
165	39	80.092037	1	77.000000	70.396228	1	1.090653	7	4	1	1	1	0.7030
166	40	80.092037	2	77.000000	83.236969	2	1.106002	3	7	1	1	1	0.6058
167	1	88.811897	1	91.000000	86.075703	2	1.115128	6	3	1	2	0	0.0000
168	2	88.811897	1	91.000000	84.163280	2	1.290102	6	5	1	1	0	0.0000
169	3	88.811897	2	91.000000	91.517578	2	0.729961	3	2	1	2	0	0.0000
170	4	88.811897	1	91.000000	84.843487	1	1.432551	7	6	1	2	0	0.0000
171	5	88.811897	1	91.000000	85.293632	2	1.794398	7	8	2	2	0	0.0000
172	6	88.811897	2	91.000000	91.887677	1	0.790037	8	3	1	1	0	0.0000
173	7	88.811897	1	91.000000	84.158876	1	2.762514	7	3	1	1	0	0.0000
174	8	88.811897	1	91.000000	84.673963	1	1.157931	6	7	1	1	0	0.0000
175	9	88.811897	1	91.000000	85.574274	2	0.939158	4	2	1	1	0	0.0000
176	10	88.811897	1	91.000000	86.833542	2	0.793545	3	4	1	2	0	0.0000
177	11	88.811897	1	91.000000	87.066602	2	0.933874	3	5	1	1	0	0.0000
178	12	88.811897	2	91.000000	96.308374	2	0.876226	7	4	1	1	0	0.0000
179	13	88.811897	1	91.000000	85.909658	2	3.045190	4	3	1	2	0	0.0000
180	14	88.811897	2	91.000000	94.483761	2	0.837893	3	4	1	2	0	0.0000
181	15	88.811897	2	91.000000	90.462334	2	0.696202	7	6	1	1	0	0.0000
182	16	88.811897	2	91.000000	95.683436	2	0.648150	4	3	1	1	0	0.0000
183	17	88.811897	2	91.000000	90.220630	2	1.185874	4	2	1	1	0	0.0000
184	18	88.811897	2	91.000000	92.182211	2	0.821992	6	3	1	1	0	0.0000
185	19	88.811897	1	91.000000	85.068596	1	0.833087	2	7	2	2	0	0.0000
186	20	88.811897	2	91.000000	93.609382	2	1.779459	3	5	1	2	0	0.0000
187	21	88.811897	2	91.000000	95.719617	2	0.791000	8	6	1	2	0	0.0000
188	22	88.811897	1	91.000000	85.430910	1	0.851420	6	4	1	1	0	0.0000
189	23	88.811897	2	91.000000	95.198723	2	0.845150	2	4	1	1	0	0.0000
190	24	88.811897	1	91.000000	86.509826	1	1.054990	2	3	1	2	0	0.0000
191	25	88.811897	2	91.000000	96.842563	1	1.036329	4	3	1	2	0	0.0000
192	1	6.503541	2	7.000000	8.082170	1	1.537685	5	7	1	1	1	1.0130
193	2	6.503541	2	7.000000	9.652236	1	1.705933	4	5	1	1	1	0.4530
194	3	6.503541	2	7.000000	12.010638	2	0.786568	2	3	1	2	2	0.4111
195	4	6.503541	2	7.000000	12.239069	2	2.441994	2	6	2	2	2	0.9512
196	5	6.503541	1	7.000000	2.819456	1	1.632273	7	4	2	1	1	0.7502
197	6	6.503541	1	7.000000	3.975067	1	1.847353	8	6	1	1	1	0.6203
198	7	6.503541	1	7.000000	2.301428	1	1.179090	5	3	1	2	1	0.8672
199	8	6.503541	1	7.000000	3.853453	1	1.347778	2	3	1	2	2	0.8970
200	9	6.503541	2	7.000000	11.679921	2	1.468236	8	5	1	2	2	0.7928
201	10	6.503541	2	7.000000	12.682113	2	1.248796	4	6	1	2	2	1.3663
202	11	6.503541	1	7.000000	0.545057	2	1.934284	8	4	1	2	1	1.2242
203	12	6.503541	2	7.000000	10.813415	1	1.846098	3	6	1	2	2	0.7151
204	13	6.503541	2	7.000000	13.321321	2	1.709774	3	4	2	2	2	0.8328
205	14	6.503541	1	7.000000	1.211749	1	1.918633	5	2	1	1	1	1.0411
206	15	6.503541	1	7.000000	2.745702	1	1.742745	5	4	1	2	2	1.4244
207	16	6.503541	1	7.000000	2.390442	2	1.694403	3	4	1	1	1	0.7304
208	17	6.503541	1	7.000000	2.192882	1	0.916413	7	5	1	1	1	0.7914
209	18	6.503541	2	7.000000	12.673497	2	2.983233	8	6	1	1	2	0.5020
210	19	6.503541	1	7.000000	3.363641	1	1.657461	2	8	2	2	2	0.8547
211	20	6.503541	1	7.000000	4.519067	2	2.027788	3	2	1	2	2	0.8742
212	21	6.503541	1	7.000000	0.034193	1	1.174544	6	4	1	2	2	0.9674
213	22	6.503541	1	7.000000	2.631453	2	1.983772	3	6	2	2	2	0.7194
214	23	6.503541	2	7.000000	11.495641	1	1.194058	7	2	1	2	2	1.3382
215	24	6.503541	2	7.000000	8.872700	2	2.075589	4	2	1	2	2	1.1118
216	25	6.503541	2	7.000000	10.915371	2	1.393933	4	7	1	2	2	0.7782
217	26	6.503541	2	7.000000	12.415017	2	1.026012	2	8	1	2	2	0.8972
218	27	6.503541	2	7.000000	11.299833	2	1.012151	4	5	1	1	1	0.6912
219	28	6.503541	2	7.000000	9.799773	2	1.311041	8	3	1	2	2	0.8666
220	29	6.503541	2	7.000000	12.822574	1	1.322866	2	3	1	1	1	0.9379
221	30	6.503541	2	7.000000	13.772524	2	1.227413	5	2	1	1	1	0.8665
222	31	6.503541	1	7.000000	1.351270	1	1.342897	4	2	1	2	2	0.9531
223	32	6.503541	1	7.000000	1.375153	1	1.538043	3	2	1	2	2	0.6681
224	33	6.503541	1	7.000000	4.602423	1	1.072633	4	5	1	2	2	0.8536
225	34	6.503541	2	7.000000	11.116818	2	1.362690	8	6	1	1	2	0.8115
226	35	6.503541	1	7.000000	1.994652	1	2.034091	2	3	1	2	2	0.8237
227	36	6.503541	2	7.000000	11.100433	2	1.781986	2	3	1	1	1	0.6219
228	37	6.503541	2	7.000000	8.659627	2	1.948516	3	2	2	1	1	1.8455
229	1	33.160080	2	35.000000	36.749973	1	1.421428	4	3	1	2	0	0.0000
230	2	33.160080	1	35.000000	31.169589	2	0.935969	4	2	1	2	0	0.0000
231	3	33.160080	1	35.000000	29.157514	1	1.110297	7	5	1	2	0	0.0000
232	4	33.160080	2	35.000000	37.615251	1	0.717865	4	2	2	1	0	0.0000
233	5	33.160080	2	35.000000	36.567259	1	0.869253	4	3	1	1	0	0.0000
234	6	33.160080	2	35.000000	35.514513	2	1.381913	7	5	2	1	0	0.0000
235	7	33.160080	2	35.000000	39.871161	2	0.793875	3	6	2	2	0	0.0000
236	8	33.160080	1	35.000000	30.095568	1	0.734291	7	4	1	2	0	0.0000
237	9	33.160080	1	35.000000	31.023351	1	0.732464	2	7	1	1	0	0.0000
238	10	33.160080	2	35.000000	36.166873	1	1.083280	3	5	2	2	0	0.0000
239	11	33.160080	2	35.000000	37.431585	2	2.171350	2	5	1	2	0	0.0000
240	12	33.160080	1	35.000000	30.922839	1	0.887182	4	5	1	2	0	0.0000
241	13	33.160080	2	35.000000	41.746367	2	0.815369	5	3	1	2	0	0.0000
242	14	33.160080	1	35.000000	31.420565	1	0.706535	5	6	1	1	0	0.0000
243	15	33.160080	2	35.000000	38.340015	2	0.962412	3	7	1	1	0	0.0000
244	16	33.160080	1	35.000000	28.065317	1	0.895484	8	4	1	1	0	0.0000
245	17	33.160080	1	35.000000	29.200061	1	0.759008	4	5	1	2	0	0.0000
246	18	33.160080	1	35.000000	28.955569	1	0.684818	7	4	1	2	0	0.0000
247	19	33.160080	2	35.000000	41.829158	2	1.173291	3	6	1	1	0	0.0000
248	1	64.282355	2	69.250521	63.000000	2	1.961501	2	3	1	1	1	0.8739
249	2	64.282355	1	57.268592	63.000000	1	1.942105	3	4	1	2	2	0.9038
250	3	64.282355	1	58.796884	63.000000	1	1.186967	6	7	1	2	2	0.7471
251	4	64.282355	2	67.411399	63.000000	2	1.100305	2	3	1	1	1	0.5680
252	5	64.282355	2	68.937009	63.000000	2	1.291172	2	3	2	2	2	0.7489
253	6	64.282355	1	60.528374	63.000000	2	2.030144	3	2	1	1	1	0.7318
254	7	64.282355	1	59.272235	63.000000	1	1.773464	7	3	1	1	1	0.8779
255	8	64.282355	1	61.737648	63.000000	1	1.185799	2	4	1	1	1	0.5380
256	9	64.282355	2	68.631392	63.000000	2	0.844043	2	6	2	2	2	0.5627
257	10	64.282355	1	61.685999	63.000000	1	1.267222	7	4	1	2	2	0.6002
258	11	64.282355	1	56.015994	63.000000	1	1.215550	4	2	2	1	1	1.0143
259	12	64.282355	1	59.980255	63.000000	2	1.028644	6	2	1	2	2	0.9790
260	13	64.282355	1	59.483760	63.000000	1	1.754544	6	2	1	2	2	0.7158
261	14	64.282355	1	62.389304	63.000000	2	1.462396	3	7	1	1	2	2.2272
262	15	64.282355	2	69.191758	63.000000	2	0.848405	5	2	1	1	1	0.9904
263	16	64.282355	2	68.752315	63.000000	2	1.221849	5	4	1	1	1	0.7569
264	17	64.282355	1	59.112462	63.000000	1	0.942029	3	2	1	2	2	0.8806
265	18	64.282355	2	66.453743	63.000000	2	3.676288	2	4	2	2	2	1.5753
266	19	64.282355	2	67.856329	63.000000	2	0.951192	4	2	1	1	1	0.6891
267	20	64.282355	1	56.943274	63.000000	1	0.868756	5	7	1	2	2	0.7541
268	21	64.282355	2	66.539890	63.000000	2	1.523120	6	2	1	1	1	0.6139
269	22	64.282355	1	56.606867	63.000000	1	0.876588	3	4	1	1	1	0.5617
270	23	64.282355	1	61.989962	63.000000	2	1.338269	5	7	1	1	1	0.7566
271	24	64.282355	2	68.932730	63.000000	2	0.877912	5	7	1	2	2	0.7942
272	25	64.282355	2	66.683522	63.000000	2	0.825358	4	6	1	1	1	0.4887
273	26	64.282355	1	57.404139	63.000000	1	0.844729	3	5	2	2	2	0.7464
274	27	64.282355	1	56.325318	63.000000	1	1.091709	4	6	1	1	2	2.0241
275	28	64.282355	1	59.210474	63.000000	2	1.437514	4	2	1	2	2	0.5235
276	29	64.282355	2	66.552367	63.000000	2	1.038275	3	5	1	2	1	1.0769
277	30	64.282355	1	59.959199	63.000000	1	1.113137	5	4	1	2	2	0.9399
278	31	64.282355	1	60.020422	63.000000	1	0.941874	2	4	1	2	2	0.6853
279	32	64.282355	2	65.891222	63.000000	2	1.404044	2	6	1	2	2	0.8035
280	33	64.282355	1	62.533531	63.000000	1	0.930714	4	7	1	2	2	0.7893
281	34	64.282355	2	69.053398	63.000000	2	0.812876	4	8	1	1	1	0.9324
282	35	64.282355	2	68.818715	63.000000	2	0.781880	3	8	1	1	1	0.6866
283	36	64.282355	2	67.942000	63.000000	2	0.714460	3	2	1	1	1	1.0859
284	37	64.282355	2	69.445425	63.000000	2	0.689436	7	2	1	2	2	1.2140
285	1	21.870746	2	26.508039	21.000000	1	1.045625	5	4	1	2	0	0.0000
286	2	21.870746	1	19.714854	21.000000	2	0.847137	7	8	1	2	0	0.0000
287	3	21.870746	1	16.884503	21.000000	1	0.889003	2	6	1	1	0	0.0000
288	4	21.870746	1	15.082194	21.000000	1	0.609195	3	6	2	2	0	0.0000
289	5	21.870746	1	14.920956	21.000000	1	0.765184	4	8	1	2	0	0.0000
290	6	21.870746	2	24.523471	21.000000	2	0.906106	2	5	1	2	0	0.0000
291	7	21.870746	2	25.519794	21.000000	2	0.673825	2	6	1	1	0	0.0000
292	8	21.870746	1	15.635133	21.000000	1	0.547095	8	6	1	2	0	0.0000
293	9	21.870746	2	23.388197	21.000000	2	0.763489	2	3	2	2	0	0.0000
294	10	21.870746	1	16.118301	21.000000	2	0.998129	5	3	2	1	0	0.0000
295	11	21.870746	1	19.097890	21.000000	1	0.601786	7	2	2	1	0	0.0000
296	12	21.870746	2	27.505012	21.000000	2	0.773570	2	7	2	2	0	0.0000
297	13	21.870746	1	17.564048	21.000000	2	2.474537	6	7	1	2	0	0.0000
298	14	21.870746	2	25.195295	21.000000	2	0.834191	5	7	1	2	0	0.0000
299	15	21.870746	2	26.011610	21.000000	2	1.452673	2	8	1	1	0	0.0000
300	16	21.870746	1	17.250556	21.000000	1	1.213916	4	8	1	2	0	0.0000
301	17	21.870746	1	15.682916	21.000000	1	2.320634	3	2	2	1	0	0.0000
302	18	21.870746	2	25.475104	21.000000	2	1.622376	6	4	1	2	0	0.0000
303	19	21.870746	1	16.728615	21.000000	1	1.584922	6	7	1	1	0	0.0000
304	20	21.870746	1	18.959991	21.000000	1	1.452554	5	2	2	1	0	0.0000
305	21	21.870746	1	17.024706	21.000000	1	1.117849	2	7	2	2	0	0.0000
306	22	21.870746	1	15.894918	21.000000	1	0.804527	2	3	1	2	0	0.0000
307	23	21.870746	1	19.194567	21.000000	2	1.136416	2	3	1	1	0	0.0000
308	24	21.870746	1	16.995654	21.000000	1	0.926490	5	4	1	2	0	0.0000
309	1	46.179900	1	42.455316	49.000000	2	1.254927	4	3	1	2	2	0.8643
310	2	46.179900	2	54.937042	49.000000	2	1.105078	7	6	1	1	1	0.5647
311	3	46.179900	2	55.879345	49.000000	2	0.925256	2	8	1	1	1	0.5686
312	4	46.179900	1	42.349161	49.000000	1	1.117488	8	2	1	2	2	1.1241
313	5	46.179900	2	49.338148	49.000000	2	0.814392	5	4	1	2	2	1.0536
314	6	46.179900	1	42.048695	49.000000	1	0.994402	2	5	1	1	1	0.6663
315	7	46.179900	2	47.930404	49.000000	1	1.478937	4	2	1	1	1	0.9549
316	8	46.179900	1	42.875451	49.000000	1	1.219938	7	4	1	2	1	1.0988
317	9	46.179900	1	43.674925	49.000000	1	1.277711	3	7	1	2	2	1.3947
318	10	46.179900	2	48.314381	49.000000	1	2.569286	5	8	1	2	2	0.9291
319	11	46.179900	2	52.440257	49.000000	2	1.218821	8	6	1	2	2	1.7536
320	12	46.179900	2	55.754271	49.000000	2	0.962102	2	5	1	1	1	0.9472
321	13	46.179900	1	43.585400	49.000000	1	0.956180	6	7	1	1	1	1.5980
322	14	46.179900	2	49.021126	49.000000	1	1.356532	4	5	1	2	2	0.9180
323	15	46.179900	2	50.739546	49.000000	2	1.232524	4	2	1	1	1	0.9345
324	16	46.179900	2	51.769450	49.000000	2	1.192283	3	2	1	2	2	0.8406
325	17	46.179900	2	51.083056	49.000000	1	1.342430	8	4	1	2	2	1.0566
326	18	46.179900	1	44.210331	49.000000	2	2.917525	8	6	1	1	1	1.1189
327	19	46.179900	2	52.143320	49.000000	2	2.825362	7	2	2	1	1	1.0388
328	20	46.179900	2	48.284310	49.000000	1	1.460495	6	4	1	1	1	0.9618
329	21	46.179900	1	43.584355	49.000000	1	0.978094	5	2	1	2	2	0.8063
330	22	46.179900	2	50.375429	49.000000	2	1.505823	3	2	2	1	1	1.8932
331	23	46.179900	1	44.085764	49.000000	2	1.216117	5	4	1	1	1	1.2550
332	24	46.179900	1	43.586194	49.000000	1	2.563751	2	3	1	1	1	0.9556
333	25	46.179900	2	48.527482	49.000000	2	1.788705	8	5	1	2	2	0.7564
334	26	46.179900	1	43.760368	49.000000	1	1.029554	2	8	2	2	2	0.6921
335	27	46.179900	1	42.520464	49.000000	1	1.039859	4	2	1	1	1	0.9663
336	28	46.179900	2	50.738863	49.000000	2	1.590574	4	7	1	2	2	0.7586
337	29	46.179900	2	49.063100	49.000000	2	1.367771	6	5	1	1	1	0.7925
338	30	46.179900	1	43.761325	49.000000	1	1.112244	5	7	1	2	2	0.9154
339	31	46.179900	1	43.808716	49.000000	1	1.533872	6	8	1	1	1	1.3518
340	32	46.179900	1	44.532417	49.000000	2	1.136369	8	7	1	1	1	1.3788
341	33	46.179900	2	54.499551	49.000000	2	1.226015	4	3	1	1	1	1.0897
342	34	46.179900	2	48.773929	49.000000	1	1.084643	2	4	1	2	2	0.7609
343	35	46.179900	2	53.231714	49.000000	2	1.161396	2	3	1	1	1	0.9545
344	36	46.179900	1	43.458153	49.000000	1	0.939458	5	2	1	1	1	1.0140
345	37	46.179900	2	50.000249	49.000000	2	1.172266	4	3	1	1	1	1.0131
346	38	46.179900	1	42.690961	49.000000	1	1.339374	4	6	2	2	2	1.0697
347	39	46.179900	2	47.636295	49.000000	1	2.025747	5	4	1	1	1	0.8964
348	40	46.179900	2	48.127641	49.000000	1	1.299108	4	5	1	1	1	1.1827
349	41	46.179900	1	44.273858	49.000000	1	1.166249	7	8	1	2	2	1.3912
350	42	46.179900	1	44.091632	49.000000	1	1.110539	4	3	1	2	2	1.7055
351	43	46.179900	1	44.320719	49.000000	1	1.180070	7	4	1	1	1	1.1081
352	44	46.179900	1	44.679062	49.000000	1	1.663145	7	3	2	1	1	0.4277
353	45	46.179900	1	44.602785	49.000000	1	1.689655	6	3	2	1	1	0.9016
354	46	46.179900	2	53.344986	49.000000	2	1.024819	5	8	1	1	1	1.1758
355	47	46.179900	2	48.965963	49.000000	2	1.663982	7	4	1	2	2	0.7963
356	48	46.179900	1	44.055229	49.000000	1	0.851627	6	4	1	1	1	0.8413
357	49	46.179900	1	42.870564	49.000000	1	0.807411	4	3	1	1	1	0.9913
358	50	46.179900	1	42.519745	49.000000	1	1.023002	3	2	1	1	1	0.8621
359	51	46.179900	2	50.134025	49.000000	2	0.794246	2	3	2	2	2	0.8903
360	52	46.179900	2	54.132785	49.000000	2	0.854081	7	6	1	2	1	0.6918
361	53	46.179900	2	54.710015	49.000000	2	1.015963	7	3	2	1	1	0.5350
362	1	76.161108	2	79.820892	77.000000	2	1.229862	8	7	1	2	0	0.0000
363	2	76.161108	1	71.877252	77.000000	2	0.792152	2	4	1	1	0	0.0000
364	3	76.161108	2	82.616581	77.000000	2	0.724564	6	3	1	1	0	0.0000
365	4	76.161108	2	83.940742	77.000000	2	1.059780	4	7	2	2	0	0.0000
366	5	76.161108	2	82.744354	77.000000	2	0.981086	6	5	1	2	0	0.0000
367	6	76.161108	1	74.516236	77.000000	1	1.113439	2	6	1	2	0	0.0000
368	7	76.161108	1	73.458051	77.000000	1	1.464199	5	2	1	2	0	0.0000
369	8	76.161108	1	72.153499	77.000000	1	1.272685	3	7	1	1	0	0.0000
370	9	76.161108	1	71.868140	77.000000	1	1.544897	8	7	1	1	0	0.0000
371	10	76.161108	2	82.406067	77.000000	2	1.230638	4	5	1	2	0	0.0000
372	11	76.161108	1	74.132892	77.000000	1	1.448438	8	4	1	1	0	0.0000
373	12	76.161108	2	81.106254	77.000000	2	1.241652	6	5	1	1	0	0.0000
374	13	76.161108	2	78.938145	77.000000	1	1.051807	6	2	1	1	0	0.0000
375	14	76.161108	2	83.788807	77.000000	2	0.861287	3	2	1	1	0	0.0000
376	1	93.232017	2	96.205900	91.000000	2	1.006749	6	2	1	1	1	1.1343
377	2	93.232017	1	86.680952	91.000000	2	0.991951	4	6	1	2	2	0.8004
378	3	93.232017	1	85.448526	91.000000	2	1.623516	5	3	1	2	2	0.4943
379	4	93.232017	2	96.648892	91.000000	2	0.817660	5	3	1	2	1	1.0807
380	5	93.232017	1	89.068095	91.000000	2	1.036219	2	3	1	1	1	1.0107
381	6	93.232017	2	96.369820	91.000000	2	0.697104	8	7	1	1	1	1.0051
382	7	93.232017	2	97.984768	91.000000	2	1.340148	4	3	1	2	1	0.8062
383	8	93.232017	1	86.663791	91.000000	1	1.093144	5	2	2	1	1	0.5378
384	9	93.232017	1	84.466935	91.000000	1	0.883706	2	3	2	2	2	1.0803
385	10	93.232017	1	85.872014	91.000000	2	1.243962	3	6	1	1	1	1.0413
386	11	93.232017	1	88.048763	91.000000	2	1.559110	3	2	1	2	2	0.6003
387	12	93.232017	1	91.016603	91.000000	2	0.935521	5	6	1	2	2	0.7141
388	13	93.232017	2	95.962678	91.000000	2	1.180776	4	7	1	1	1	0.8849
389	14	93.232017	1	86.730482	91.000000	1	0.960719	2	3	2	2	2	0.8906
390	15	93.232017	1	86.461079	91.000000	1	0.894364	8	4	1	1	1	0.6820
391	16	93.232017	2	97.676995	91.000000	1	0.835292	2	7	1	2	2	0.8685
392	17	93.232017	1	88.228828	91.000000	1	1.016910	3	7	1	2	3	1.4000
393	18	93.232017	2	97.510062	91.000000	2	1.734678	3	4	1	2	2	0.9045
394	19	93.232017	1	87.516519	91.000000	1	1.299732	2	8	1	1	1	1.6405
395	20	93.232017	1	84.780941	91.000000	1	0.996176	6	7	1	2	2	0.6040
396	21	93.232017	2	96.551981	91.000000	2	0.771297	4	6	1	2	2	0.7164
397	22	93.232017	2	96.787020	91.000000	2	0.711083	2	6	1	2	2	0.7864
398	23	93.232017	2	97.365343	91.000000	2	0.674249	3	2	1	1	1	1.1757
399	24	93.232017	1	85.606543	91.000000	1	0.919605	4	8	1	2	2	0.7070
400	25	93.232017	2	96.849562	91.000000	2	0.694628	6	2	1	2	2	0.7302
401	26	93.232017	1	86.552643	91.000000	1	0.996072	8	4	1	1	1	1.0278
402	1	7.212370	1	4.640852	7.000000	1	2.410496	7	4	2	1	0	0.0000
403	2	7.212370	1	0.676709	7.000000	1	0.844735	3	6	1	1	0	0.0000
404	3	7.212370	2	10.562689	7.000000	1	0.542625	5	7	1	1	0	0.0000
405	4	7.212370	1	3.197715	7.000000	1	0.557340	3	7	1	2	0	0.0000
406	5	7.212370	2	8.940448	7.000000	2	1.027035	6	3	2	1	0	0.0000
407	6	7.212370	2	13.085135	7.000000	2	0.678096	6	8	1	2	0	0.0000
408	7	7.212370	1	5.765263	7.000000	2	2.318488	2	3	1	2	0	0.0000
409	8	7.212370	2	11.637439	7.000000	2	0.852413	7	4	2	1	0	0.0000
410	9	7.212370	1	5.178218	7.000000	1	1.070063	8	2	1	2	0	0.0000
411	10	7.212370	2	12.810039	7.000000	1	0.751000	4	3	1	2	0	0.0000
412	11	7.212370	2	13.788969	7.000000	2	0.940721	5	3	1	1	0	0.0000
413	12	7.212370	2	11.093638	7.000000	2	0.826947	5	2	1	1	0	0.0000
414	13	7.212370	2	11.462328	7.000000	2	0.630013	6	2	2	1	0	0.0000
415	14	7.212370	2	13.015766	7.000000	2	0.824444	5	4	1	2	0	0.0000
416	15	7.212370	1	2.418041	7.000000	1	0.459632	6	2	1	1	0	0.0000
417	16	7.212370	1	4.846281	7.000000	1	0.717682	2	4	1	1	0	0.0000
418	17	7.212370	2	12.575004	7.000000	2	0.756982	7	2	2	1	0	0.0000
419	18	7.212370	2	10.006040	7.000000	2	0.690571	7	2	1	2	0	0.0000
420	19	7.212370	2	13.490605	7.000000	1	0.851038	2	4	2	2	0	0.0000
421	20	7.212370	1	2.198201	7.000000	1	0.588803	7	6	1	2	0	0.0000
422	21	7.212370	1	5.406583	7.000000	1	0.585251	3	5	1	1	0	0.0000
423	22	7.212370	1	0.180406	7.000000	1	1.013772	8	4	1	2	0	0.0000
424	23	7.212370	1	1.295045	7.000000	2	1.240721	2	8	1	1	0	0.0000
425	24	7.212370	2	10.620271	7.000000	2	0.634714	7	6	1	2	0	0.0000
426	25	7.212370	2	13.947070	7.000000	2	0.669185	6	5	2	1	0	0.0000
427	26	7.212370	2	8.818053	7.000000	2	1.310450	3	2	1	2	0	0.0000
428	27	7.212370	2	11.032394	7.000000	2	0.597736	3	2	1	1	0	0.0000
429	28	7.212370	1	4.991100	7.000000	2	0.921719	5	6	1	2	0	0.0000
430	29	7.212370	2	13.370654	7.000000	2	0.848738	7	6	1	2	0	0.0000
431	30	7.212370	2	13.527045	7.000000	2	0.746412	4	5	1	2	0	0.0000
432	31	7.212370	2	11.159528	7.000000	1	0.632067	4	3	2	1	0	0.0000
433	32	7.212370	1	1.344203	7.000000	1	0.674554	3	4	1	2	0	0.0000
434	33	7.212370	1	2.340718	7.000000	1	0.707744	5	3	1	1	0	0.0000
435	34	7.212370	2	11.126190	7.000000	2	0.923503	2	3	1	1	0	0.0000
436	35	7.212370	2	11.042966	7.000000	2	0.866567	2	7	1	2	0	0.0000
437	36	7.212370	1	1.952549	7.000000	2	0.579535	3	5	1	2	0	0.0000
438	37	7.212370	1	0.914042	7.000000	2	2.127979	2	3	1	1	0	0.0000
439	38	7.212370	2	13.862778	7.000000	2	0.669414	2	3	1	1	0	0.0000
440	39	7.212370	1	4.452938	7.000000	1	0.798512	2	3	1	1	0	0.0000
441	40	7.212370	1	4.523295	7.000000	1	1.242230	4	7	1	1	0	0.0000
442	41	7.212370	1	4.843638	7.000000	2	1.412772	4	6	1	2	0	0.0000
443	42	7.212370	1	3.828869	7.000000	1	0.982898	4	2	1	2	0	0.0000
444	43	7.212370	2	9.199279	7.000000	2	0.884505	4	2	1	1	0	0.0000
445	44	7.212370	1	2.936340	7.000000	2	0.803338	3	2	1	1	0	0.0000
446	45	7.212370	1	2.038666	7.000000	1	0.871186	8	6	1	1	0	0.0000
447	46	7.212370	2	12.392287	7.000000	2	0.768118	6	5	2	1	0	0.0000
448	47	7.212370	2	9.704838	7.000000	2	0.725245	3	2	1	1	0	0.0000
449	48	7.212370	1	1.328270	7.000000	1	1.028550	8	6	1	1	0	0.0000
450	49	7.212370	2	9.405698	7.000000	2	0.814593	2	3	1	2	0	0.0000
451	50	7.212370	2	13.574925	7.000000	2	0.658036	6	3	1	2	0	0.0000
452	51	7.212370	1	2.496935	7.000000	1	0.763706	7	4	2	1	0	0.0000
453	52	7.212370	1	2.862183	7.000000	2	0.680726	3	2	1	2	0	0.0000
454	53	7.212370	1	1.537780	7.000000	2	0.713031	3	6	1	2	0	0.0000
455	54	7.212370	2	12.956974	7.000000	1	0.600086	3	4	1	1	0	0.0000
456	55	7.212370	2	9.150477	7.000000	2	0.836011	8	3	1	2	0	0.0000
457	56	7.212370	2	10.701170	7.000000	2	0.582344	6	3	1	1	0	0.0000
458	57	7.212370	2	9.290618	7.000000	2	0.986974	2	3	1	1	0	0.0000
459	58	7.212370	2	12.617585	7.000000	2	0.767308	2	3	1	1	0	0.0000
460	59	7.212370	2	10.631179	7.000000	2	0.572296	5	3	1	1	0	0.0000
461	60	7.212370	2	9.557756	7.000000	2	1.265473	3	2	1	2	0	0.0000
462	61	7.212370	2	11.629986	7.000000	2	0.762261	4	6	1	2	0	0.0000
463	62	7.212370	2	10.010984	7.000000	1	1.527370	2	4	1	2	0	0.0000
464	63	7.212370	2	13.602031	7.000000	2	0.845926	3	2	1	2	0	0.0000
465	64	7.212370	1	2.867374	7.000000	1	0.623740	5	4	1	1	0	0.0000
466	65	7.212370	2	13.796934	7.000000	2	0.890758	5	3	1	2	0	0.0000
467	66	7.212370	2	11.481690	7.000000	2	0.787433	8	2	1	2	0	0.0000
468	67	7.212370	1	3.956235	7.000000	1	1.271462	7	4	1	1	0	0.0000
469	68	7.212370	2	10.111595	7.000000	1	0.648252	3	5	1	1	0	0.0000
470	69	7.212370	1	4.528340	7.000000	1	0.585991	4	3	1	2	0	0.0000
471	70	7.212370	2	9.855539	7.000000	2	1.238713	8	2	1	2	0	0.0000
472	71	7.212370	2	11.970729	7.000000	2	0.696574	4	2	2	1	0	0.0000
473	72	7.212370	2	9.053815	7.000000	2	0.888441	5	4	1	1	0	0.0000
474	73	7.212370	2	12.322618	7.000000	2	1.008751	6	4	1	2	0	0.0000
475	74	7.212370	2	9.710063	7.000000	2	0.724228	3	6	2	2	0	0.0000
476	75	7.212370	1	1.875964	7.000000	2	0.891466	7	4	1	2	0	0.0000
477	76	7.212370	2	11.770590	7.000000	2	0.627868	2	8	1	1	0	0.0000
478	77	7.212370	1	5.082164	7.000000	2	1.326341	2	3	1	2	0	0.0000
479	78	7.212370	2	9.841284	7.000000	2	0.973045	7	5	1	2	0	0.0000
480	79	7.212370	1	5.645414	7.000000	2	1.401853	5	4	2	1	0	0.0000
481	80	7.212370	2	11.839862	7.000000	2	0.589266	2	4	1	2	0	0.0000
482	81	7.212370	2	9.304798	7.000000	1	0.665713	8	5	1	1	0	0.0000
483	82	7.212370	1	4.329627	7.000000	2	0.698853	2	3	1	1	0	0.0000
484	83	7.212370	1	0.569264	7.000000	2	0.898721	3	4	1	2	0	0.0000
485	84	7.212370	1	2.680894	7.000000	1	2.114483	4	6	1	1	0	0.0000
486	85	7.212370	1	4.671470	7.000000	1	0.800381	8	7	2	1	0	0.0000
487	86	7.212370	1	1.792538	7.000000	1	1.132133	2	3	1	2	0	0.0000
488	87	7.212370	2	10.552737	7.000000	1	2.513997	8	2	1	1	0	0.0000
489	88	7.212370	2	11.494204	7.000000	2	0.663959	5	8	1	1	0	0.0000
490	89	7.212370	1	5.016280	7.000000	1	1.233063	4	7	1	1	0	0.0000
491	90	7.212370	2	8.683216	7.000000	2	2.850985	4	3	1	1	0	0.0000
492	91	7.212370	1	1.406055	7.000000	1	1.106981	5	2	1	2	0	0.0000
493	92	7.212370	2	9.758690	7.000000	2	2.258584	3	2	1	2	0	0.0000
494	93	7.212370	2	13.868952	7.000000	2	0.739089	5	7	1	1	0	0.0000
495	94	7.212370	1	3.427974	7.000000	1	0.825676	8	4	1	1	0	0.0000
496	95	7.212370	1	3.752264	7.000000	1	0.796696	6	8	1	2	0	0.0000
497	96	7.212370	2	11.927387	7.000000	2	1.368458	2	4	1	2	0	0.0000
498	97	7.212370	2	8.964667	7.000000	2	0.717054	6	4	1	1	0	0.0000
499	1	37.727578	1	35.747623	35.000000	2	1.602020	3	8	1	2	2	0.5854
500	2	37.727578	1	29.092881	35.000000	1	0.809382	8	7	1	1	1	0.7133
501	3	37.727578	2	39.157633	35.000000	1	0.915862	2	3	1	2	2	0.8071
502	4	37.727578	1	30.255022	35.000000	2	0.974232	4	5	1	2	2	0.8794
503	5	37.727578	1	33.180496	35.000000	2	2.379104	2	5	1	2	2	2.3224
504	6	37.727578	2	41.221303	35.000000	2	1.747543	7	8	1	2	2	0.7487
505	7	37.727578	1	28.592862	35.000000	1	0.822034	2	5	1	2	2	0.7732
506	8	37.727578	1	33.571485	35.000000	1	0.981444	2	4	1	1	1	0.6061
507	9	37.727578	2	39.167969	35.000000	1	0.741570	5	7	1	1	1	0.6721
508	10	37.727578	2	41.656277	35.000000	2	1.188670	8	3	1	2	2	0.8769
509	11	37.727578	1	29.163589	35.000000	1	0.672660	4	3	1	1	1	0.4780
510	12	37.727578	2	41.423882	35.000000	1	1.698164	2	4	1	1	1	0.3252
511	13	37.727578	2	41.020506	35.000000	1	0.896241	3	2	1	1	1	0.8681
512	14	37.727578	1	35.608475	35.000000	1	1.232370	2	5	2	2	2	0.4148
