1	1	89.778793	1	91.000000	85.694355	2	1.001777
2	2	89.778793	1	91.000000	86.436222	1	1.104603
3	3	89.778793	1	91.000000	84.311993	1	0.603230
4	4	89.778793	2	91.000000	91.402529	1	0.682268
5	5	89.778793	2	91.000000	96.678119	2	1.197488
6	6	89.778793	1	91.000000	84.840437	1	1.428895
7	7	89.778793	2	91.000000	95.772628	2	1.818560
8	8	89.778793	2	91.000000	97.511136	2	1.361724
9	9	89.778793	2	91.000000	93.721448	2	3.336347
10	10	89.778793	1	91.000000	84.298520	1	0.727920
11	11	89.778793	2	91.000000	96.766483	1	1.337920
12	12	89.778793	1	91.000000	87.675043	1	0.579072
13	13	89.778793	2	91.000000	92.926241	1	1.211468
14	14	89.778793	1	91.000000	86.853417	2	0.610068
15	15	89.778793	2	91.000000	94.741140	2	1.736230
16	16	89.778793	2	91.000000	97.933064	2	0.776901
17	17	89.778793	1	91.000000	86.546931	1	0.473183
18	18	89.778793	1	91.000000	86.829112	1	0.605636
19	19	89.778793	1	91.000000	87.151784	1	0.508718
20	20	89.778793	1	91.000000	84.686286	1	0.623696
21	21	89.778793	1	91.000000	87.584179	1	0.789930
22	22	89.778793	2	91.000000	93.679857	2	0.613412
23	23	89.778793	2	91.000000	91.282982	1	0.524276
24	24	89.778793	2	91.000000	94.072830	2	0.966750
25	25	89.778793	1	91.000000	84.355307	1	0.862697
26	26	89.778793	1	91.000000	84.414158	1	1.179391
27	27	89.778793	2	91.000000	97.633024	2	0.403377
28	28	89.778793	1	91.000000	85.339202	1	1.042395
29	1	74.233465	2	77.000000	76.233727	2	1.186673
30	2	74.233465	1	77.000000	71.548543	2	0.643744
31	3	74.233465	1	77.000000	71.648039	1	0.767440
32	4	74.233465	2	77.000000	78.519979	1	0.679613
33	5	74.233465	2	77.000000	79.182091	1	1.163950
34	6	74.233465	1	77.000000	72.815749	2	0.540676
35	7	74.233465	2	77.000000	77.204414	2	0.878206
36	8	74.233465	2	77.000000	77.595530	2	0.698223
37	9	74.233465	2	77.000000	81.183550	2	0.557825
38	10	74.233465	1	77.000000	72.133679	2	0.526954
39	11	74.233465	2	77.000000	83.639337	1	1.257277
40	12	74.233465	2	77.000000	77.824249	2	1.077558
41	13	74.233465	2	77.000000	82.149950	2	0.515341
42	14	74.233465	1	77.000000	72.213924	2	0.492809
43	15	74.233465	1	77.000000	71.818530	2	1.072382
44	16	74.233465	2	77.000000	78.232552	1	1.044430
45	17	74.233465	2	77.000000	79.792013	2	0.633551
46	18	74.233465	2	77.000000	83.875774	2	1.071237
47	19	74.233465	1	77.000000	71.464005	2	1.155155
48	20	74.233465	2	77.000000	79.709491	2	0.523714
49	21	74.233465	2	77.000000	79.557971	1	0.838066
50	22	74.233465	2	77.000000	75.749771	2	0.547552
51	23	74.233465	2	77.000000	76.354587	2	0.493217
52	24	74.233465	1	77.000000	71.905754	2	0.456928
53	25	74.233465	1	77.000000	72.519715	1	0.638060
54	26	74.233465	2	77.000000	78.557823	2	1.195692
55	27	74.233465	1	77.000000	70.818662	2	0.883073
56	28	74.233465	1	77.000000	71.117777	2	0.878338
57	29	74.233465	2	77.000000	80.346490	2	0.339809
58	30	74.233465	2	77.000000	82.399032	2	1.556231
59	31	74.233465	2	77.000000	76.466808	2	0.876458
60	32	74.233465	1	77.000000	72.235753	2	0.952661
61	33	74.233465	1	77.000000	71.815293	2	0.609150
62	34	74.233465	2	77.000000	76.983728	1	1.376195
63	35	74.233465	2	77.000000	77.974821	1	2.304038
64	36	74.233465	2	77.000000	76.429447	2	0.929577
65	37	74.233465	1	77.000000	70.672053	1	1.323659
66	38	74.233465	2	77.000000	78.629627	1	0.909379
67	39	74.233465	2	77.000000	76.008219	2	1.256165
68	40	74.233465	1	77.000000	71.200470	2	1.188532
69	41	74.233465	1	77.000000	70.017441	2	1.307732
70	42	74.233465	1	77.000000	71.087722	2	0.998261
71	43	74.233465	1	77.000000	71.118050	1	0.461686
72	44	74.233465	1	77.000000	72.004203	2	0.890601
73	45	74.233465	2	77.000000	78.299331	2	0.694009
74	46	74.233465	1	77.000000	71.231984	1	0.625566
75	47	74.233465	2	77.000000	82.122054	2	0.848082
76	48	74.233465	1	77.000000	71.491265	1	0.613396
77	49	74.233465	2	77.000000	83.674460	2	0.732552
78	50	74.233465	2	77.000000	83.035760	2	0.573993
79	51	74.233465	2	77.000000	79.944389	2	0.574243
80	52	74.233465	2	77.000000	79.698844	2	0.527913
81	53	74.233465	2	77.000000	78.012432	2	0.584836
82	54	74.233465	1	77.000000	70.347805	1	0.488586
83	55	74.233465	1	77.000000	71.563380	1	0.516207
84	56	74.233465	1	77.000000	72.037042	1	0.478540
85	1	22.058943	2	21.000000	25.673382	1	2.250019
86	2	22.058943	2	21.000000	25.530878	2	1.157506
87	3	22.058943	1	21.000000	18.102068	2	0.430011
88	4	22.058943	1	21.000000	19.944467	2	1.772519
89	5	22.058943	1	21.000000	14.712529	1	0.827854
90	6	22.058943	2	21.000000	24.820655	2	1.194111
91	7	22.058943	1	21.000000	18.505360	1	1.321396
92	8	22.058943	2	21.000000	26.804885	2	1.011007
93	9	22.058943	1	21.000000	18.970097	1	1.113661
94	10	22.058943	2	21.000000	26.799716	2	0.916425
95	11	22.058943	2	21.000000	23.729719	2	1.294552
96	12	22.058943	1	21.000000	20.158360	1	1.617445
97	13	22.058943	1	21.000000	16.547367	1	0.791012
98	14	22.058943	1	21.000000	14.612968	1	0.686512
99	15	22.058943	1	21.000000	17.533844	1	0.778090
100	16	22.058943	2	21.000000	23.925766	2	1.282153
101	17	22.058943	2	21.000000	23.645247	2	1.453911
102	1	38.283053	2	35.000000	40.933908	2	2.143259
103	2	38.283053	1	35.000000	29.335361	2	0.959674
104	3	38.283053	2	35.000000	40.002604	2	1.392280
105	4	38.283053	1	35.000000	33.549611	2	1.503316
106	5	38.283053	2	35.000000	40.403133	2	1.281579
107	6	38.283053	2	35.000000	40.475537	1	0.557464
108	7	38.283053	1	35.000000	30.252199	2	1.078358
109	8	38.283053	1	35.000000	31.712264	1	1.666452
110	9	38.283053	2	35.000000	41.604418	1	1.781963
111	10	38.283053	2	35.000000	41.838322	1	1.045207
112	11	38.283053	1	35.000000	28.172534	3	0.618615
113	12	38.283053	2	35.000000	40.941748	2	0.677982
114	13	38.283053	2	35.000000	40.520098	2	0.842111
115	14	38.283053	2	35.000000	39.730948	2	0.783638
116	15	38.283053	1	35.000000	36.343877	2	1.232889
117	16	38.283053	1	35.000000	36.125586	2	1.380901
118	17	38.283053	2	35.000000	41.640139	1	1.220500
119	18	38.283053	2	35.000000	40.894541	2	1.138444
120	19	38.283053	2	35.000000	40.368548	1	2.515868
121	20	38.283053	2	35.000000	40.768948	2	1.023055
122	21	38.283053	1	35.000000	28.204383	1	1.843157
123	22	38.283053	2	35.000000	40.614461	2	0.967923
124	23	38.283053	2	35.000000	41.768486	2	1.064057
125	24	38.283053	1	35.000000	28.775786	1	1.628592
126	25	38.283053	1	35.000000	28.538031	1	0.978132
127	26	38.283053	2	35.000000	39.716177	2	1.459485
128	27	38.283053	1	35.000000	29.494115	1	0.886637
129	28	38.283053	2	35.000000	40.367390	2	1.386021
130	29	38.283053	1	35.000000	35.083869	2	0.728795
131	30	38.283053	1	35.000000	33.774573	2	1.419124
132	31	38.283053	2	35.000000	41.345650	2	1.096696
133	32	38.283053	2	35.000000	39.911127	2	0.828089
134	33	38.283053	2	35.000000	40.101300	2	0.890147
135	34	38.283053	2	35.000000	41.843222	2	1.581300
136	35	38.283053	2	35.000000	40.527095	2	1.181115
137	36	38.283053	1	35.000000	28.952339	1	1.277024
138	37	38.283053	1	35.000000	31.990090	1	0.936766
139	38	38.283053	1	35.000000	29.489429	1	1.130136
140	39	38.283053	2	35.000000	40.375777	2	1.028029
141	40	38.283053	1	35.000000	36.633338	2	1.402014
142	41	38.283053	1	35.000000	30.878906	1	1.552395
143	42	38.283053	1	35.000000	36.121503	1	1.384614
144	43	38.283053	1	35.000000	33.259192	1	0.967689
145	1	4.055350	2	7.000000	7.595428	2	2.184681
146	2	4.055350	2	7.000000	13.948369	2	0.975225
147	3	4.055350	2	7.000000	10.779734	2	0.759232
148	4	4.055350	1	7.000000	2.221296	1	1.224148
149	5	4.055350	1	7.000000	0.158021	1	0.925972
150	6	4.055350	1	7.000000	2.157186	1	1.040106
151	7	4.055350	2	7.000000	7.670998	2	0.965214
152	8	4.055350	1	7.000000	0.113781	1	0.871464
153	9	4.055350	1	7.000000	1.698545	1	0.810133
154	10	4.055350	2	7.000000	12.839434	2	0.624759
155	11	4.055350	2	7.000000	9.980822	2	0.647236
156	12	4.055350	1	7.000000	0.731271	1	0.756865
157	13	4.055350	1	7.000000	0.170844	1	1.045621
158	14	4.055350	1	7.000000	1.510186	1	0.707000
159	1	60.412026	1	63.000000	58.567847	2	2.445306
160	2	60.412026	1	63.000000	57.939108	2	1.049714
161	3	60.412026	2	63.000000	66.801692	2	1.990351
162	4	60.412026	2	63.000000	67.530228	2	1.052946
163	5	60.412026	2	63.000000	66.810233	2	1.113478
164	6	60.412026	2	63.000000	66.335500	2	1.028283
165	7	60.412026	2	63.000000	63.094842	1	1.426186
166	8	60.412026	2	63.000000	62.302270	1	1.103685
167	9	60.412026	2	63.000000	68.695604	2	1.210317
168	10	60.412026	1	63.000000	56.262750	1	1.048895
169	11	60.412026	2	63.000000	61.844273	2	1.021463
170	12	60.412026	1	63.000000	58.253446	2	1.355501
171	13	60.412026	2	63.000000	63.900406	2	1.083954
172	14	60.412026	2	63.000000	65.113349	2	0.863247
173	15	60.412026	1	63.000000	56.068758	1	0.756050
174	16	60.412026	2	63.000000	67.826341	2	0.788766
175	17	60.412026	1	63.000000	57.978860	1	0.724375
176	18	60.412026	1	63.000000	56.131108	1	0.830441
177	19	60.412026	2	63.000000	61.949294	2	1.236777
178	20	60.412026	1	63.000000	58.612834	2	1.057561
179	21	60.412026	1	63.000000	57.057636	1	1.216405
180	22	60.412026	1	63.000000	56.701572	1	0.812987
181	23	60.412026	1	63.000000	56.003635	1	0.675779
182	24	60.412026	1	63.000000	57.183885	1	0.976119
183	25	60.412026	1	63.000000	57.763843	1	1.191881
184	26	60.412026	2	63.000000	62.384675	2	0.855395
185	1	49.036126	1	49.000000	42.837114	2	1.424138
186	2	49.036126	2	49.000000	51.737294	2	1.093965
187	3	49.036126	1	49.000000	47.547753	2	1.409030
188	4	49.036126	2	49.000000	54.966471	2	1.127567
189	5	49.036126	2	49.000000	54.580979	2	1.273406
190	6	49.036126	1	49.000000	43.134443	1	1.541259
191	7	49.036126	2	49.000000	52.787560	1	1.254047
192	8	49.036126	2	49.000000	51.695055	2	1.170688
193	9	49.036126	1	49.000000	42.847609	1	0.922440
194	10	49.036126	2	49.000000	53.345465	2	0.876327
195	11	49.036126	2	49.000000	50.749315	1	1.888526
196	12	49.036126	2	49.000000	54.114955	2	0.827339
197	13	49.036126	1	49.000000	44.832827	1	1.009391
198	14	49.036126	2	49.000000	52.855211	1	0.879957
199	15	49.036126	1	49.000000	44.711671	1	0.868860
200	16	49.036126	2	49.000000	53.531942	2	1.048261
201	17	49.036126	1	49.000000	42.568825	1	0.805518
202	18	49.036126	2	49.000000	54.247080	2	1.268248
203	19	49.036126	1	49.000000	45.309833	1	1.024182
204	20	49.036126	2	49.000000	52.744224	1	0.814310
205	21	49.036126	2	49.000000	53.957719	1	1.005032
206	22	49.036126	1	49.000000	44.680124	1	1.509163
207	23	49.036126	1	49.000000	45.849526	1	0.766118
208	24	49.036126	2	49.000000	50.558880	1	1.902122
209	25	49.036126	2	49.000000	50.810137	1	1.264082
210	26	49.036126	2	49.000000	55.812617	2	1.220510
211	27	49.036126	1	49.000000	43.434872	1	0.546295
212	28	49.036126	1	49.000000	43.248574	1	1.300069
213	29	49.036126	1	49.000000	44.131604	1	0.630531
214	30	49.036126	1	49.000000	42.219265	1	1.084737
215	31	49.036126	2	49.000000	55.704205	2	1.049545
216	32	49.036126	1	49.000000	44.666322	1	0.965305
217	33	49.036126	1	49.000000	47.601824	1	1.014052
218	34	49.036126	2	49.000000	53.430392	2	0.740605
219	35	49.036126	2	49.000000	54.559434	2	0.966078
220	36	49.036126	2	49.000000	55.277105	2	0.582243
221	37	49.036126	1	49.000000	42.271547	1	0.943845
222	38	49.036126	1	49.000000	43.434681	1	1.040876
223	1	79.959303	1	70.000215	77.000000	2	1.904690
224	2	79.959303	2	81.940133	77.000000	2	2.020196
225	3	79.959303	1	71.278146	77.000000	2	1.999779
226	4	79.959303	1	76.131192	77.000000	2	2.733725
227	5	79.959303	1	77.451159	77.000000	1	2.093689
228	6	79.959303	2	83.136991	77.000000	2	1.704317
229	7	79.959303	1	77.278874	77.000000	1	1.106338
230	8	79.959303	1	75.172354	77.000000	1	2.109003
231	9	79.959303	1	75.561158	77.000000	2	2.070793
232	10	79.959303	1	77.113758	77.000000	1	1.491805
233	11	79.959303	2	81.872794	77.000000	2	1.263273
234	12	79.959303	1	75.024098	77.000000	1	1.003182
235	13	79.959303	1	74.723968	77.000000	2	0.944157
236	14	79.959303	2	83.337233	77.000000	2	1.073331
237	15	79.959303	1	70.577247	77.000000	1	1.421313
238	16	79.959303	1	76.547910	77.000000	2	1.002974
239	17	79.959303	2	83.984096	77.000000	2	2.051567
240	18	79.959303	2	82.709521	77.000000	2	0.893633
241	19	79.959303	1	77.136427	77.000000	1	0.808981
242	20	79.959303	2	83.867092	77.000000	2	0.895694
243	21	79.959303	1	78.047329	77.000000	1	1.307047
244	22	79.959303	2	83.392626	77.000000	2	0.581694
245	23	79.959303	2	82.237127	77.000000	2	0.590031
246	24	79.959303	1	76.161697	77.000000	1	0.445615
247	25	79.959303	1	77.032790	77.000000	1	0.635259
248	26	79.959303	2	81.658925	77.000000	2	0.681069
249	27	79.959303	1	72.822970	77.000000	1	0.617687
250	1	52.306596	2	54.907383	49.000000	1	0.690160
251	2	52.306596	2	54.851764	49.000000	2	0.789786
252	3	52.306596	2	55.858267	49.000000	2	0.637287
253	4	52.306596	1	46.644331	49.000000	1	0.954856
254	5	52.306596	1	44.121203	49.000000	1	0.675528
255	6	52.306596	2	53.909850	49.000000	2	0.767815
256	7	52.306596	2	53.727230	49.000000	1	0.512015
257	8	52.306596	2	55.588639	49.000000	2	1.242942
258	9	52.306596	2	54.148660	49.000000	2	0.856214
259	10	52.306596	2	55.540372	49.000000	2	0.972951
260	11	52.306596	1	50.358703	49.000000	1	1.037035
261	12	52.306596	2	55.371967	49.000000	1	0.674326
262	13	52.306596	1	47.418595	49.000000	1	0.814382
263	14	52.306596	2	55.385567	49.000000	2	0.717274
264	15	52.306596	2	55.026563	49.000000	2	0.903582
265	16	52.306596	1	48.023616	49.000000	1	0.706329
266	17	52.306596	1	46.067773	49.000000	1	0.621124
267	18	52.306596	1	46.970680	49.000000	1	0.571395
268	19	52.306596	2	54.627169	49.000000	2	0.683725
269	20	52.306596	2	55.418058	49.000000	2	0.703300
270	21	52.306596	2	54.376192	49.000000	2	0.842350
271	1	23.207506	1	19.847190	21.000000	1	0.641802
272	2	23.207506	1	20.549907	21.000000	1	1.215602
273	3	23.207506	2	26.927770	21.000000	2	0.645883
274	4	23.207506	1	19.813870	21.000000	1	0.859644
275	5	23.207506	2	26.196858	21.000000	2	1.000397
276	6	23.207506	2	25.556610	21.000000	2	0.886958
277	7	23.207506	2	27.546010	21.000000	2	0.986350
278	8	23.207506	2	25.205499	21.000000	1	0.497827
279	9	23.207506	2	27.457975	21.000000	2	0.933494
280	10	23.207506	2	25.328769	21.000000	2	0.887016
281	11	23.207506	1	15.340183	21.000000	1	0.850236
282	12	23.207506	1	21.454100	21.000000	2	0.495074
283	13	23.207506	2	26.792726	21.000000	2	0.650732
284	14	23.207506	1	19.319936	21.000000	1	0.615851
285	15	23.207506	2	27.245091	21.000000	2	0.902014
286	16	23.207506	1	19.232420	21.000000	1	0.680798
287	17	23.207506	1	14.986944	21.000000	1	0.573037
288	18	23.207506	1	14.199508	21.000000	1	0.557364
289	19	23.207506	1	14.947053	21.000000	1	0.558269
290	20	23.207506	2	27.390725	21.000000	2	0.527833
291	21	23.207506	2	27.067131	21.000000	2	0.369698
292	22	23.207506	1	18.882644	21.000000	1	0.610362
293	1	8.141854	2	13.983804	7.000000	1	0.684033
294	2	8.141854	2	13.340748	7.000000	2	0.743568
295	3	8.141854	2	13.531348	7.000000	2	0.425133
296	4	8.141854	1	2.752691	7.000000	1	0.751640
297	5	8.141854	1	4.783298	7.000000	1	0.608497
298	6	8.141854	1	3.569669	7.000000	1	0.742488
299	7	8.141854	2	13.581208	7.000000	2	0.673073
300	8	8.141854	2	11.363837	7.000000	1	1.854998
301	9	8.141854	2	9.781827	7.000000	1	0.865258
302	10	8.141854	2	11.064114	7.000000	1	0.726015
303	11	8.141854	1	6.331775	7.000000	1	0.768277
304	12	8.141854	2	11.750129	7.000000	2	0.528505
305	13	8.141854	1	2.409092	7.000000	1	0.562810
306	14	8.141854	2	12.508711	7.000000	2	0.882158
307	15	8.141854	1	1.246000	7.000000	1	0.703318
308	16	8.141854	2	13.258102	7.000000	2	0.770032
309	17	8.141854	2	10.550763	7.000000	2	1.298159
310	18	8.141854	1	1.993452	7.000000	1	0.677277
311	19	8.141854	2	13.330679	7.000000	2	0.513668
312	20	8.141854	2	10.454838	7.000000	1	0.556732
313	21	8.141854	2	10.292604	7.000000	2	1.213783
314	22	8.141854	2	10.916856	7.000000	2	1.156167
315	23	8.141854	1	6.097514	7.000000	1	1.420802
316	1	64.019810	1	60.885576	63.000000	2	1.509118
317	2	64.019810	2	68.250588	63.000000	1	0.935510
318	3	64.019810	2	68.501054	63.000000	2	1.384802
319	4	64.019810	1	56.722978	63.000000	1	0.566735
320	5	64.019810	2	68.752942	63.000000	2	0.496310
321	6	64.019810	1	59.467027	63.000000	1	0.635923
322	7	64.019810	1	58.829406	63.000000	1	0.673584
323	8	64.019810	1	56.351949	63.000000	1	0.621946
324	9	64.019810	2	66.805648	63.000000	2	0.564208
325	10	64.019810	1	58.263380	63.000000	1	0.421126
326	11	64.019810	1	56.718362	63.000000	2	0.659495
327	12	64.019810	1	60.263122	63.000000	1	1.024526
328	13	64.019810	1	62.097828	63.000000	1	0.790509
329	14	64.019810	2	69.872946	63.000000	2	0.621937
330	15	64.019810	1	57.321018	63.000000	1	0.516252
331	16	64.019810	1	60.571127	63.000000	1	1.198602
332	1	92.882368	1	87.539844	91.000000	2	1.189059
333	2	92.882368	2	95.050720	91.000000	2	0.748247
334	3	92.882368	1	89.428782	91.000000	2	0.901879
335	4	92.882368	1	89.536273	91.000000	1	1.000607
336	5	92.882368	2	97.528420	91.000000	2	0.671256
337	6	92.882368	2	96.684814	91.000000	2	0.627469
338	7	92.882368	2	94.816053	91.000000	2	0.609656
339	8	92.882368	2	96.817023	91.000000	2	0.592840
340	9	92.882368	1	84.712839	91.000000	1	0.584441
341	10	92.882368	1	85.723985	91.000000	1	0.728007
342	11	92.882368	2	96.709926	91.000000	2	0.482392
343	12	92.882368	2	95.111045	91.000000	2	0.558056
344	13	92.882368	1	87.259704	91.000000	1	0.943603
345	14	92.882368	1	86.324215	91.000000	1	1.440297
346	15	92.882368	1	87.921636	91.000000	1	0.661522
347	1	36.586358	1	32.290635	35.000000	1	1.024540
348	2	36.586358	1	32.361565	35.000000	2	1.158574
349	3	36.586358	1	31.068084	35.000000	1	0.934945
350	4	36.586358	2	38.058657	35.000000	2	1.265986
351	5	36.586358	1	30.604401	35.000000	1	0.516380
352	6	36.586358	1	32.631873	35.000000	1	0.702782
353	7	36.586358	2	40.844462	35.000000	1	1.161573
354	8	36.586358	2	38.108668	35.000000	2	0.817916
355	9	36.586358	1	32.128241	35.000000	1	0.480253
356	10	36.586358	1	28.276689	35.000000	1	0.532668
357	11	36.586358	1	31.292249	35.000000	2	1.478275
358	12	36.586358	1	30.365172	35.000000	1	0.561847
359	13	36.586358	2	40.320319	35.000000	2	0.547075
360	14	36.586358	1	30.970532	35.000000	1	0.868884
361	15	36.586358	2	41.812666	35.000000	2	0.672788
362	16	36.586358	2	41.650756	35.000000	1	0.796966
363	17	36.586358	2	41.016453	35.000000	2	0.828540
364	18	36.586358	1	28.594588	35.000000	1	0.442713
365	19	36.586358	2	40.846722	35.000000	2	0.976225
366	20	36.586358	2	38.980559	35.000000	2	1.384334
367	21	36.586358	1	28.320130	35.000000	1	0.471564
368	22	36.586358	1	32.858894	35.000000	1	0.555862
369	23	36.586358	1	28.850435	35.000000	1	0.621003
370	24	36.586358	2	38.990273	35.000000	2	1.195062
371	25	36.586358	2	38.768434	35.000000	2	0.794384
