1	1	19.170724	2	26.861061	21.000000	2	2.500353
2	2	19.170724	2	27.394954	21.000000	1	1.205784
3	3	19.170724	1	15.193883	21.000000	2	0.692307
4	4	19.170724	1	17.135854	21.000000	1	1.583692
5	5	19.170724	1	16.595510	21.000000	1	1.070567
6	6	19.170724	2	25.232066	21.000000	1	0.714623
7	7	19.170724	2	25.852096	21.000000	1	0.901371
8	8	19.170724	2	24.369478	21.000000	2	0.672015
9	9	19.170724	1	16.478558	21.000000	2	0.604229
10	10	19.170724	2	21.953511	21.000000	1	1.035350
11	11	19.170724	2	21.761698	21.000000	2	0.696557
12	12	19.170724	1	15.745832	21.000000	2	0.675964
13	13	19.170724	2	22.418471	21.000000	2	0.568022
14	14	19.170724	2	23.249807	21.000000	2	0.616514
15	15	19.170724	2	23.384180	21.000000	2	0.518913
16	16	19.170724	1	14.680678	21.000000	2	0.504837
17	17	19.170724	2	25.096756	21.000000	2	1.763878
18	18	19.170724	1	16.569083	21.000000	2	1.652216
19	19	19.170724	1	14.405958	21.000000	2	0.640158
20	20	19.170724	1	15.596255	21.000000	2	0.709483
21	21	19.170724	2	23.034400	21.000000	1	1.160586
22	22	19.170724	1	14.281011	21.000000	2	1.593096
23	23	19.170724	1	15.131679	21.000000	1	0.759899
24	24	19.170724	1	14.674939	21.000000	1	0.520343
25	25	19.170724	2	25.118220	21.000000	2	1.130891
26	26	19.170724	2	26.529097	21.000000	2	0.708948
27	27	19.170724	2	21.682469	21.000000	2	0.871621
28	28	19.170724	1	15.515433	21.000000	1	1.651566
29	29	19.170724	2	21.517012	21.000000	2	0.799701
30	30	19.170724	2	22.272188	21.000000	2	1.382445
31	31	19.170724	1	14.460269	21.000000	1	0.942119
32	32	19.170724	2	27.112851	21.000000	2	1.183549
33	33	19.170724	1	14.070434	21.000000	1	0.910568
34	34	19.170724	1	17.264875	21.000000	1	0.857534
35	35	19.170724	1	16.462633	21.000000	1	0.998170
36	1	79.846297	2	83.990162	77.000000	2	2.921643
37	2	79.846297	2	81.964154	77.000000	2	0.666686
38	3	79.846297	2	82.361318	77.000000	2	0.566868
39	4	79.846297	1	72.971937	77.000000	2	0.695224
40	5	79.846297	1	78.403068	77.000000	2	0.834500
41	6	79.846297	2	83.729324	77.000000	2	1.719982
42	7	79.846297	1	71.440467	77.000000	1	1.561468
43	8	79.846297	1	71.711497	77.000000	1	1.385703
44	9	79.846297	1	73.365128	77.000000	2	1.248766
45	10	79.846297	1	73.997282	77.000000	1	1.013619
46	11	79.846297	1	73.079180	77.000000	1	0.612481
47	12	79.846297	2	83.926549	77.000000	2	1.003217
48	13	79.846297	1	72.459401	77.000000	1	0.737823
49	14	79.846297	2	83.519255	77.000000	1	0.987197
50	15	79.846297	2	82.279957	77.000000	2	0.858509
51	16	79.846297	1	75.922121	77.000000	1	0.879349
52	17	79.846297	1	75.861084	77.000000	1	0.851354
53	18	79.846297	2	82.658522	77.000000	2	0.737015
54	19	79.846297	2	82.100059	77.000000	2	0.561659
55	20	79.846297	2	82.703640	77.000000	2	0.802472
56	21	79.846297	1	70.194816	77.000000	1	0.689266
57	22	79.846297	1	76.604635	77.000000	1	0.692630
58	23	79.846297	2	83.804483	77.000000	2	0.664327
59	1	7.289553	2	9.580724	7.000000	2	1.695811
60	2	7.289553	2	9.565998	7.000000	2	0.626629
61	3	7.289553	1	4.468001	7.000000	2	0.456874
62	4	7.289553	1	2.376578	7.000000	1	0.829840
63	5	7.289553	1	5.802524	7.000000	1	0.659857
64	6	7.289553	2	10.686224	7.000000	1	0.624811
65	7	7.289553	2	11.809653	7.000000	2	1.119149
66	8	7.289553	1	4.151586	7.000000	1	0.673143
67	9	7.289553	1	2.573872	7.000000	1	0.645037
68	10	7.289553	2	10.960972	7.000000	2	0.794920
69	11	7.289553	1	4.157735	7.000000	1	0.754039
70	12	7.289553	2	8.716746	7.000000	2	0.834915
71	13	7.289553	2	8.863315	7.000000	2	0.848153
72	14	7.289553	1	4.029710	7.000000	1	0.869731
73	15	7.289553	1	2.653962	7.000000	1	0.705721
74	16	7.289553	2	8.777737	7.000000	2	0.572512
75	17	7.289553	2	9.323002	7.000000	2	0.700860
76	1	49.899277	1	46.997569	49.000000	2	0.869773
77	2	49.899277	1	43.154630	49.000000	1	1.561875
78	3	49.899277	1	47.779644	49.000000	1	0.682020
79	4	49.899277	2	54.172579	49.000000	2	0.702516
80	5	49.899277	2	55.194955	49.000000	2	0.680947
81	6	49.899277	1	42.116674	49.000000	1	1.173251
82	7	49.899277	1	43.663475	49.000000	1	0.949048
83	8	49.899277	1	46.331979	49.000000	2	0.662318
84	9	49.899277	2	54.848475	49.000000	2	0.603218
85	10	49.899277	1	44.193071	49.000000	1	0.729914
86	11	49.899277	1	46.635659	49.000000	1	0.860393
87	12	49.899277	1	48.359625	49.000000	1	0.833108
88	13	49.899277	1	45.997380	49.000000	1	0.726507
89	14	49.899277	1	47.866904	49.000000	1	0.688520
90	15	49.899277	2	51.677050	49.000000	1	0.723896
91	16	49.899277	1	48.294521	49.000000	1	0.878195
92	17	49.899277	2	54.279751	49.000000	2	0.658124
93	18	49.899277	2	53.482349	49.000000	2	0.551153
94	19	49.899277	1	46.500868	49.000000	1	0.664075
95	20	49.899277	1	45.769404	49.000000	1	0.693090
96	21	49.899277	1	42.610891	49.000000	1	0.608469
97	22	49.899277	2	52.122923	49.000000	1	0.863282
98	23	49.899277	1	45.315989	49.000000	1	0.764108
99	24	49.899277	2	51.677229	49.000000	1	0.821001
100	25	49.899277	2	54.713908	49.000000	2	0.674959
101	26	49.899277	1	44.810760	49.000000	1	0.767269
102	27	49.899277	1	47.413049	49.000000	1	0.711219
103	28	49.899277	2	53.824917	49.000000	1	0.642215
104	29	49.899277	2	52.351398	49.000000	1	0.887476
105	30	49.899277	2	55.962629	49.000000	2	0.683192
106	31	49.899277	1	42.854384	49.000000	1	0.718590
107	32	49.899277	2	54.077311	49.000000	2	0.584930
108	33	49.899277	2	54.771208	49.000000	2	0.712356
109	34	49.899277	2	53.942580	49.000000	2	0.515323
110	35	49.899277	2	55.059797	49.000000	2	0.638143
111	36	49.899277	2	51.675412	49.000000	2	0.611721
112	37	49.899277	2	55.253436	49.000000	2	0.562595
113	38	49.899277	1	44.233680	49.000000	1	0.875651
114	39	49.899277	2	53.991346	49.000000	2	0.575613
115	40	49.899277	2	52.524846	49.000000	2	1.175925
116	41	49.899277	1	46.697473	49.000000	2	1.143612
117	42	49.899277	1	46.947361	49.000000	1	0.976865
118	1	31.517351	1	29.066547	35.000000	2	1.392952
119	2	31.517351	2	41.056716	35.000000	2	1.408156
120	3	31.517351	2	34.940105	35.000000	1	0.654406
121	4	31.517351	1	28.150907	35.000000	1	0.955649
122	5	31.517351	2	41.845209	35.000000	1	0.827874
123	6	31.517351	1	29.174154	35.000000	1	0.762218
124	7	31.517351	2	35.672660	35.000000	2	0.794787
125	8	31.517351	1	29.043949	35.000000	2	1.034105
126	9	31.517351	1	29.823073	35.000000	1	0.887685
127	10	31.517351	2	33.257488	35.000000	2	0.826798
128	11	31.517351	2	39.606534	35.000000	2	0.689067
129	12	31.517351	1	28.091807	35.000000	1	0.644341
130	13	31.517351	1	29.373517	35.000000	1	1.539591
131	14	31.517351	2	33.076304	35.000000	2	0.691010
132	15	31.517351	2	40.834782	35.000000	2	0.630264
133	16	31.517351	2	41.697853	35.000000	2	0.572599
134	17	31.517351	2	35.759180	35.000000	2	0.716815
135	18	31.517351	2	33.819569	35.000000	2	0.598910
136	19	31.517351	2	37.372880	35.000000	2	0.526110
137	1	63.426055	2	66.466766	63.000000	2	0.743125
138	2	63.426055	2	65.269827	63.000000	2	0.536738
139	3	63.426055	1	59.452603	63.000000	2	1.146404
140	4	63.426055	1	60.593648	63.000000	1	0.915384
141	5	63.426055	2	68.614477	63.000000	2	0.454237
142	6	63.426055	1	60.022635	63.000000	1	1.027361
143	7	63.426055	2	66.549099	63.000000	2	0.561219
144	8	63.426055	2	68.901576	63.000000	2	0.714060
145	9	63.426055	1	59.385372	63.000000	1	0.900725
146	10	63.426055	2	69.850376	63.000000	2	0.527801
147	11	63.426055	1	57.775165	63.000000	1	0.842028
148	12	63.426055	2	68.089875	63.000000	2	0.567549
149	13	63.426055	1	59.520914	63.000000	1	0.799520
150	14	63.426055	2	67.553914	63.000000	2	0.534485
151	1	88.979323	1	85.835906	91.000000	2	0.730365
152	2	88.979323	2	94.716781	91.000000	2	0.820547
153	3	88.979323	2	96.490100	91.000000	2	0.578409
154	4	88.979323	1	86.442632	91.000000	1	0.820320
155	5	88.979323	1	84.975857	91.000000	2	1.280947
156	6	88.979323	1	87.372584	91.000000	1	0.780864
157	7	88.979323	1	85.106391	91.000000	1	0.756817
158	8	88.979323	2	90.502482	91.000000	2	1.341554
159	9	88.979323	2	97.354358	91.000000	2	0.702541
160	10	88.979323	1	87.155484	91.000000	2	1.257360
161	11	88.979323	1	86.728766	91.000000	2	1.189943
162	12	88.979323	2	94.235183	91.000000	2	0.644940
163	13	88.979323	1	85.681029	91.000000	1	0.746644
164	14	88.979323	1	84.862961	91.000000	1	0.843875
165	15	88.979323	2	96.831556	91.000000	2	0.433461
166	16	88.979323	1	84.829595	91.000000	1	0.743054
167	17	88.979323	1	86.570370	91.000000	1	0.720625
168	18	88.979323	2	94.902354	91.000000	2	0.562747
169	19	88.979323	2	94.086404	91.000000	2	0.587666
170	20	88.979323	1	85.269288	91.000000	1	0.763167
171	21	88.979323	2	93.329402	91.000000	2	0.548144
172	22	88.979323	2	94.843095	91.000000	2	0.829531
173	23	88.979323	1	85.244453	91.000000	1	0.739858
174	24	88.979323	2	96.946103	91.000000	2	0.605443
175	1	49.257049	1	49.000000	45.125393	2	1.090043
176	2	49.257049	2	49.000000	54.236499	1	0.877087
177	3	49.257049	1	49.000000	43.348769	1	0.945470
178	4	49.257049	2	49.000000	51.690584	2	0.874711
179	5	49.257049	1	49.000000	42.974823	1	0.638574
180	6	49.257049	1	49.000000	47.462240	2	0.924311
181	7	49.257049	2	49.000000	55.318913	2	1.118476
182	8	49.257049	1	49.000000	42.049750	1	0.752334
183	9	49.257049	2	49.000000	54.593606	2	0.800837
184	10	49.257049	2	49.000000	53.873976	2	0.679646
185	11	49.257049	2	49.000000	52.281264	2	0.715930
186	12	49.257049	2	49.000000	55.026448	2	0.606137
187	13	49.257049	2	49.000000	51.730175	2	0.324807
188	14	49.257049	1	49.000000	45.541402	2	0.767110
189	15	49.257049	1	49.000000	44.198235	1	1.135835
190	16	49.257049	1	49.000000	46.734841	1	0.936785
191	17	49.257049	2	49.000000	51.494430	2	0.593960
192	18	49.257049	1	49.000000	46.394033	2	0.817810
193	19	49.257049	2	49.000000	54.241862	2	0.815622
194	20	49.257049	2	49.000000	53.711528	2	0.769242
195	21	49.257049	1	49.000000	44.727802	1	1.046304
196	22	49.257049	1	49.000000	43.269875	2	1.867915
197	23	49.257049	1	49.000000	47.843943	1	1.415072
198	24	49.257049	2	49.000000	52.417943	2	1.101323
199	25	49.257049	1	49.000000	44.367277	1	1.199641
200	26	49.257049	1	49.000000	42.864249	1	1.910502
201	27	49.257049	2	49.000000	52.929079	2	1.824298
202	28	49.257049	2	49.000000	54.666050	2	1.197455
203	29	49.257049	1	49.000000	44.254414	1	0.924823
204	30	49.257049	2	49.000000	50.799548	2	0.830579
205	31	49.257049	1	49.000000	42.801431	2	2.516866
206	32	49.257049	2	49.000000	53.953414	2	1.093471
207	33	49.257049	2	49.000000	51.900583	2	0.624745
208	34	49.257049	1	49.000000	44.366020	2	0.918738
209	35	49.257049	1	49.000000	47.774375	2	0.833020
210	36	49.257049	2	49.000000	55.874672	2	0.878454
211	37	49.257049	2	49.000000	50.779991	1	0.890579
212	38	49.257049	1	49.000000	44.515285	1	0.894377
213	39	49.257049	1	49.000000	47.707974	1	0.865178
214	40	49.257049	2	49.000000	53.820330	2	0.798064
215	41	49.257049	1	49.000000	47.750730	1	0.869244
216	42	49.257049	2	49.000000	51.389102	1	1.025321
217	43	49.257049	1	49.000000	44.177394	1	0.879271
218	44	49.257049	2	49.000000	52.284714	2	0.635332
219	45	49.257049	2	49.000000	53.453170	2	1.208692
220	46	49.257049	2	49.000000	52.093918	2	0.783285
221	47	49.257049	1	49.000000	43.922707	1	0.663017
222	48	49.257049	1	49.000000	45.115074	2	0.635748
223	49	49.257049	1	49.000000	46.446927	2	0.913359
224	50	49.257049	1	49.000000	43.723987	1	0.955954
225	51	49.257049	1	49.000000	42.964739	1	1.364542
226	52	49.257049	2	49.000000	51.881403	2	0.996884
227	53	49.257049	1	49.000000	44.000566	1	1.404316
228	54	49.257049	1	49.000000	42.215404	2	1.426364
229	55	49.257049	1	49.000000	43.385212	1	1.368321
230	56	49.257049	2	49.000000	52.657660	2	0.671890
231	57	49.257049	2	49.000000	55.251440	2	0.811822
232	58	49.257049	1	49.000000	43.334731	1	0.690572
233	59	49.257049	2	49.000000	51.575690	2	1.438398
234	60	49.257049	1	49.000000	44.385635	1	1.635253
235	61	49.257049	2	49.000000	53.682920	2	1.224004
236	62	49.257049	1	49.000000	46.405360	1	2.085537
237	63	49.257049	1	49.000000	46.720441	2	1.568269
238	64	49.257049	2	49.000000	51.173751	1	1.143677
239	65	49.257049	2	49.000000	54.367526	2	0.792691
240	66	49.257049	2	49.000000	50.933398	2	0.999992
241	67	49.257049	1	49.000000	45.531642	1	0.918863
242	68	49.257049	2	49.000000	51.486647	1	1.217037
243	69	49.257049	2	49.000000	53.078298	2	0.750617
244	70	49.257049	1	49.000000	46.080393	1	0.727496
245	71	49.257049	2	49.000000	55.842772	2	0.689784
246	72	49.257049	2	49.000000	54.111671	2	1.445230
247	73	49.257049	2	49.000000	51.666078	1	3.009967
248	74	49.257049	1	49.000000	47.517065	1	0.903064
249	75	49.257049	1	49.000000	46.149444	1	1.866084
250	76	49.257049	1	49.000000	42.063494	1	0.941778
251	77	49.257049	1	49.000000	46.454435	1	1.103165
252	78	49.257049	2	49.000000	53.779679	2	0.769573
253	79	49.257049	1	49.000000	46.233680	1	1.057590
254	80	49.257049	1	49.000000	46.665702	1	1.054336
255	81	49.257049	1	49.000000	46.067840	2	1.146841
256	82	49.257049	1	49.000000	45.876508	1	1.187898
257	83	49.257049	1	49.000000	43.856493	1	1.147117
258	84	49.257049	2	49.000000	52.360340	2	1.108273
259	85	49.257049	2	49.000000	53.829001	2	0.734773
260	86	49.257049	2	49.000000	54.113106	2	0.616146
261	87	49.257049	2	49.000000	53.478692	2	0.590609
262	1	19.980592	2	21.000000	24.491555	1	1.597569
263	2	19.980592	2	21.000000	23.815198	2	0.876567
264	3	19.980592	2	21.000000	27.132626	2	0.648467
265	4	19.980592	2	21.000000	23.244268	2	0.854330
266	5	19.980592	2	21.000000	26.406030	2	0.730892
267	6	19.980592	1	21.000000	14.583410	1	0.957016
268	7	19.980592	2	21.000000	25.779983	2	0.605474
269	8	19.980592	1	21.000000	15.003012	1	0.876597
270	9	19.980592	2	21.000000	27.899682	2	0.640573
271	10	19.980592	1	21.000000	15.123980	1	0.566170
272	11	19.980592	1	21.000000	15.057714	1	0.854455
273	12	19.980592	2	21.000000	23.605828	1	1.043142
274	13	19.980592	1	21.000000	17.231961	2	0.984666
275	14	19.980592	2	21.000000	23.992378	2	0.751707
276	15	19.980592	1	21.000000	17.653380	1	0.568599
277	16	19.980592	2	21.000000	24.231867	2	0.768810
278	17	19.980592	2	21.000000	27.672645	2	0.665061
279	18	19.980592	2	21.000000	26.593427	2	0.637085
280	19	19.980592	2	21.000000	27.619834	2	0.603910
281	20	19.980592	2	21.000000	26.602640	2	0.849735
282	21	19.980592	2	21.000000	23.153492	2	0.686504
283	22	19.980592	1	21.000000	15.595992	1	0.905683
284	23	19.980592	2	21.000000	27.429825	2	0.764423
285	24	19.980592	1	21.000000	15.513235	1	0.733465
286	25	19.980592	2	21.000000	21.833100	2	1.334936
287	26	19.980592	1	21.000000	17.849056	1	1.063665
288	1	61.639021	2	63.000000	66.293157	2	1.124667
289	2	61.639021	1	63.000000	56.521102	2	0.742953
290	3	61.639021	1	63.000000	57.690044	1	0.872161
291	4	61.639021	1	63.000000	57.274729	2	1.284340
292	5	61.639021	1	63.000000	60.102252	2	1.191062
293	6	61.639021	1	63.000000	59.809789	1	1.158378
294	7	61.639021	2	63.000000	64.340152	2	0.870974
295	8	61.639021	1	63.000000	58.689617	1	0.787046
296	9	61.639021	2	63.000000	68.713889	2	0.786369
297	10	61.639021	2	63.000000	67.579134	2	2.265856
298	11	61.639021	2	63.000000	67.368789	2	0.925601
299	12	61.639021	1	63.000000	58.099135	1	0.703492
300	13	61.639021	1	63.000000	56.207554	1	0.754183
301	14	61.639021	2	63.000000	67.303636	2	1.274975
302	15	61.639021	2	63.000000	68.128726	2	1.302989
303	16	61.639021	2	63.000000	66.332802	1	0.985124
304	17	61.639021	1	63.000000	57.298160	1	0.728436
305	18	61.639021	2	63.000000	67.793010	2	0.914732
306	1	5.743226	1	7.000000	2.329766	1	1.629267
307	2	5.743226	1	7.000000	3.774638	2	1.042776
308	3	5.743226	1	7.000000	0.490139	1	0.552345
309	4	5.743226	2	7.000000	11.423165	1	1.113266
310	5	5.743226	2	7.000000	10.178671	1	1.403747
311	6	5.743226	2	7.000000	9.377037	2	0.929988
312	7	5.743226	1	7.000000	0.411467	1	2.059791
313	8	5.743226	2	7.000000	12.476302	2	0.639817
314	9	5.743226	1	7.000000	1.360863	1	2.077350
315	10	5.743226	2	7.000000	10.340937	2	0.872428
316	11	5.743226	2	7.000000	13.700966	2	0.644496
317	12	5.743226	1	7.000000	1.524961	1	0.585935
318	13	5.743226	2	7.000000	11.973129	2	0.729792
319	14	5.743226	2	7.000000	13.278531	2	0.683843
320	15	5.743226	2	7.000000	8.434074	2	0.951263
321	16	5.743226	1	7.000000	0.367274	2	0.711981
322	17	5.743226	2	7.000000	13.843604	2	0.626923
323	18	5.743226	1	7.000000	3.513568	2	0.833098
324	19	5.743226	1	7.000000	3.857412	2	0.782221
325	20	5.743226	2	7.000000	8.715099	2	0.869980
326	21	5.743226	2	7.000000	11.733410	2	0.537813
327	22	5.743226	1	7.000000	2.285044	1	1.131535
328	23	5.743226	2	7.000000	12.919014	2	0.645597
329	24	5.743226	1	7.000000	0.120495	1	1.514941
330	25	5.743226	2	7.000000	8.588909	2	1.093231
331	26	5.743226	2	7.000000	7.531938	2	0.848321
332	27	5.743226	1	7.000000	4.034929	2	1.525747
333	28	5.743226	2	7.000000	8.628486	2	0.935559
334	29	5.743226	1	7.000000	1.024221	1	1.080820
335	30	5.743226	1	7.000000	3.659638	1	0.828353
336	31	5.743226	1	7.000000	3.144304	1	1.026631
337	32	5.743226	1	7.000000	3.068606	1	1.392627
338	33	5.743226	2	7.000000	11.706906	2	0.839365
339	1	38.086215	1	35.000000	35.169969	2	0.717855
340	2	38.086215	2	35.000000	40.277246	2	0.920200
341	3	38.086215	2	35.000000	41.337027	2	0.642111
342	4	38.086215	1	35.000000	36.259572	1	0.943685
343	5	38.086215	2	35.000000	41.612182	1	0.713229
344	6	38.086215	2	35.000000	41.669395	2	0.811640
345	7	38.086215	1	35.000000	32.347382	1	0.658582
346	8	38.086215	1	35.000000	29.487895	1	0.727561
347	9	38.086215	1	35.000000	31.092911	1	0.544484
348	10	38.086215	1	35.000000	30.729647	1	0.852959
349	11	38.086215	2	35.000000	41.392191	2	1.024037
350	12	38.086215	2	35.000000	41.181412	2	0.965979
351	13	38.086215	2	35.000000	41.506754	1	0.694024
352	14	38.086215	1	35.000000	28.422053	1	0.625532
353	15	38.086215	1	35.000000	33.090543	1	0.879719
354	16	38.086215	1	35.000000	35.283647	1	1.083713
355	17	38.086215	2	35.000000	40.029450	2	0.934868
356	18	38.086215	2	35.000000	41.459268	1	0.944298
357	19	38.086215	2	35.000000	40.033227	1	0.841649
358	20	38.086215	1	35.000000	34.361018	2	0.703153
359	21	38.086215	2	35.000000	41.574933	2	1.721863
360	22	38.086215	2	35.000000	41.084725	1	0.835078
361	23	38.086215	1	35.000000	35.069071	1	1.008666
362	24	38.086215	2	35.000000	41.896775	2	0.887252
363	25	38.086215	1	35.000000	29.836949	1	0.746381
364	26	38.086215	2	35.000000	41.646079	2	1.227810
365	27	38.086215	2	35.000000	41.191784	1	1.921802
366	28	38.086215	1	35.000000	31.358946	1	0.963223
367	29	38.086215	2	35.000000	40.670079	1	1.843699
368	30	38.086215	1	35.000000	30.401040	1	1.256261
369	31	38.086215	2	35.000000	40.043530	2	0.844902
370	32	38.086215	1	35.000000	29.313537	1	0.866064
371	33	38.086215	1	35.000000	35.088567	1	1.430227
372	34	38.086215	2	35.000000	40.349734	2	0.539768
373	35	38.086215	1	35.000000	33.011740	1	1.269521
374	36	38.086215	1	35.000000	34.101322	2	1.473261
375	37	38.086215	2	35.000000	39.868677	1	0.956743
376	38	38.086215	1	35.000000	35.417599	1	2.069497
377	39	38.086215	1	35.000000	28.286507	1	0.712587
378	40	38.086215	2	35.000000	40.450881	2	0.683531
379	41	38.086215	1	35.000000	32.658955	1	0.822996
380	42	38.086215	2	35.000000	39.588089	2	1.188922
381	43	38.086215	1	35.000000	35.965148	2	1.852167
382	44	38.086215	2	35.000000	41.491504	2	1.495982
383	45	38.086215	2	35.000000	41.150900	2	0.730982
384	46	38.086215	1	35.000000	28.572226	1	0.807305
385	47	38.086215	2	35.000000	41.623682	2	1.163826
386	48	38.086215	1	35.000000	32.595134	2	1.340462
387	49	38.086215	1	35.000000	29.968129	1	0.757284
388	50	38.086215	2	35.000000	41.786505	2	0.950341
389	51	38.086215	1	35.000000	28.956899	1	0.670820
390	52	38.086215	1	35.000000	29.280183	1	1.387154
391	53	38.086215	1	35.000000	30.249323	2	1.114007
392	54	38.086215	2	35.000000	39.899487	1	2.564361
393	55	38.086215	1	35.000000	36.082517	1	0.804141
394	56	38.086215	1	35.000000	34.316948	1	1.410761
395	57	38.086215	2	35.000000	41.305006	2	0.728816
396	58	38.086215	2	35.000000	40.112918	2	0.763393
397	59	38.086215	2	35.000000	40.808494	2	0.764020
398	60	38.086215	1	35.000000	28.001797	1	0.692777
399	61	38.086215	1	35.000000	28.629728	1	1.048288
400	62	38.086215	2	35.000000	41.339383	2	1.429602
401	63	38.086215	1	35.000000	30.657709	1	1.035283
402	64	38.086215	1	35.000000	36.492575	2	1.752542
403	65	38.086215	1	35.000000	33.258466	1	0.784516
404	66	38.086215	2	35.000000	40.857260	2	0.743579
405	67	38.086215	2	35.000000	41.898183	1	0.825318
406	68	38.086215	2	35.000000	40.906687	2	1.855694
407	69	38.086215	1	35.000000	35.299550	1	1.395278
408	70	38.086215	1	35.000000	32.658565	2	1.226353
409	71	38.086215	1	35.000000	32.905874	1	0.936172
410	72	38.086215	1	35.000000	32.863602	1	1.185555
411	73	38.086215	1	35.000000	28.654551	1	1.232604
412	74	38.086215	1	35.000000	31.870500	1	1.918370
413	75	38.086215	1	35.000000	31.213161	1	1.407769
414	76	38.086215	2	35.000000	41.451321	2	1.093841
415	77	38.086215	1	35.000000	35.166001	1	1.297059
416	78	38.086215	1	35.000000	28.817864	1	1.516059
417	79	38.086215	1	35.000000	33.810018	1	1.902328
418	80	38.086215	1	35.000000	32.672865	1	1.040334
419	81	38.086215	2	35.000000	40.251290	2	0.885657
420	1	90.612653	2	91.000000	92.466078	2	0.842996
421	2	90.612653	1	91.000000	88.707611	2	0.576678
422	3	90.612653	1	91.000000	87.466547	2	0.704808
423	4	90.612653	2	91.000000	95.835756	1	0.827633
424	5	90.612653	2	91.000000	92.166470	2	0.562308
425	6	90.612653	2	91.000000	96.899926	2	0.722627
426	7	90.612653	1	91.000000	86.122298	1	0.829022
427	8	90.612653	1	91.000000	88.144425	2	0.786911
428	9	90.612653	2	91.000000	96.900812	2	0.538246
429	10	90.612653	1	91.000000	87.688003	1	0.828118
430	11	90.612653	2	91.000000	92.343826	1	0.770111
431	12	90.612653	1	91.000000	86.551453	2	0.138051
432	13	90.612653	1	91.000000	86.742365	2	0.548297
433	14	90.612653	1	91.000000	86.158481	1	0.838042
434	15	90.612653	2	91.000000	96.101639	2	0.659286
435	16	90.612653	2	91.000000	93.031910	2	0.560324
436	17	90.612653	2	91.000000	95.288453	2	0.657090
437	18	90.612653	1	91.000000	86.328225	2	0.597977
438	19	90.612653	1	91.000000	86.162825	1	0.661692
439	20	90.612653	1	91.000000	84.970970	1	0.850525
440	21	90.612653	2	91.000000	92.891786	1	0.623075
441	22	90.612653	2	91.000000	95.546257	2	0.703083
442	23	90.612653	1	91.000000	88.749503	1	0.800155
443	24	90.612653	1	91.000000	85.131192	1	0.918907
444	25	90.612653	2	91.000000	95.088365	1	0.648919
445	26	90.612653	1	91.000000	85.324481	1	0.765729
446	27	90.612653	2	91.000000	97.585476	1	0.678173
447	28	90.612653	1	91.000000	89.165025	1	0.882320
448	29	90.612653	1	91.000000	85.162466	1	1.117403
449	30	90.612653	2	91.000000	93.190125	1	0.695394
450	31	90.612653	1	91.000000	84.508883	1	0.827172
451	32	90.612653	1	91.000000	84.008985	1	0.713020
452	33	90.612653	2	91.000000	92.238443	1	0.707646
453	34	90.612653	1	91.000000	87.636682	2	1.414639
454	35	90.612653	2	91.000000	92.542597	2	0.732968
455	36	90.612653	2	91.000000	92.267277	2	0.686672
456	37	90.612653	1	91.000000	87.384980	1	0.977740
457	38	90.612653	1	91.000000	85.613714	2	0.441881
458	39	90.612653	2	91.000000	94.548615	1	0.423736
459	40	90.612653	1	91.000000	87.354525	2	0.797914
460	41	90.612653	1	91.000000	87.030003	2	0.701476
461	42	90.612653	1	91.000000	86.437507	2	0.704191
462	43	90.612653	1	91.000000	87.704352	2	0.675318
463	44	90.612653	2	91.000000	97.520289	2	0.751302
464	45	90.612653	2	91.000000	93.068701	2	0.640212
465	46	90.612653	2	91.000000	92.345913	2	0.893725
466	47	90.612653	2	91.000000	93.568795	2	1.697099
467	48	90.612653	2	91.000000	96.551336	2	0.659746
468	49	90.612653	2	91.000000	94.178320	2	0.648593
469	50	90.612653	2	91.000000	93.689575	2	0.750171
470	51	90.612653	2	91.000000	92.642695	2	1.110985
471	52	90.612653	1	91.000000	85.137839	1	0.841542
472	53	90.612653	1	91.000000	87.523397	2	0.598891
473	54	90.612653	2	91.000000	96.187575	2	0.645935
474	55	90.612653	1	91.000000	86.557774	2	0.835427
475	56	90.612653	2	91.000000	95.541691	2	0.856978
