1	1	91.509207	1	91.000000	88.280315	2	1.736634
2	2	91.509207	2	91.000000	96.042904	1	1.513519
3	3	91.509207	1	91.000000	85.817847	2	0.667698
4	4	91.509207	2	91.000000	96.638615	1	0.703904
5	5	91.509207	1	91.000000	84.573625	1	1.525927
6	6	91.509207	1	91.000000	89.003355	1	0.732617
7	7	91.509207	2	91.000000	96.088444	1	1.302162
8	8	91.509207	1	91.000000	85.106548	2	0.928542
9	9	91.509207	1	91.000000	87.640563	1	0.826535
10	10	91.509207	1	91.000000	86.931878	1	0.912873
11	11	91.509207	2	91.000000	94.758353	1	0.611480
12	12	91.509207	2	91.000000	94.990775	2	0.842463
13	13	91.509207	2	91.000000	94.100186	2	0.671950
14	14	91.509207	2	91.000000	96.267982	2	0.620306
15	15	91.509207	2	91.000000	97.313234	2	0.986531
16	16	91.509207	2	91.000000	93.149663	1	1.354000
17	17	91.509207	2	91.000000	95.208868	2	0.706128
18	18	91.509207	1	91.000000	88.274894	2	0.861192
19	19	91.509207	1	91.000000	88.855388	2	0.882082
20	20	91.509207	1	91.000000	85.641550	2	2.445382
21	21	91.509207	2	91.000000	93.267403	1	0.592848
22	22	91.509207	2	91.000000	95.201983	2	0.385153
23	23	91.509207	1	91.000000	89.183939	2	0.585130
24	24	91.509207	1	91.000000	85.791158	1	0.032693
25	25	91.509207	1	91.000000	84.663152	2	0.798754
26	26	91.509207	2	91.000000	93.383566	1	0.645674
27	27	91.509207	2	91.000000	93.670915	2	0.739347
28	28	91.509207	1	91.000000	87.322431	1	1.092683
29	29	91.509207	2	91.000000	96.622748	1	0.984066
30	30	91.509207	1	91.000000	87.524518	2	0.695391
31	31	91.509207	1	91.000000	89.197202	1	0.731050
32	32	91.509207	1	91.000000	86.760784	2	0.997240
33	33	91.509207	1	91.000000	86.646707	1	0.604437
34	34	91.509207	2	91.000000	97.817889	1	0.859382
35	35	91.509207	2	91.000000	97.442947	2	1.232363
36	36	91.509207	1	91.000000	84.108313	2	1.774203
37	37	91.509207	1	91.000000	87.985634	1	1.133609
38	38	91.509207	2	91.000000	97.095927	1	1.206983
39	39	91.509207	2	91.000000	95.943799	2	0.837419
40	40	91.509207	1	91.000000	88.478604	2	1.290766
41	41	91.509207	1	91.000000	90.010404	1	0.727647
42	42	91.509207	1	91.000000	87.004536	2	0.785813
43	43	91.509207	1	91.000000	88.317270	1	0.663753
44	44	91.509207	1	91.000000	89.887692	2	0.740572
45	45	91.509207	1	91.000000	88.529123	1	0.566000
46	46	91.509207	2	91.000000	93.634487	1	0.462594
47	47	91.509207	2	91.000000	94.217814	2	0.459593
48	48	91.509207	2	91.000000	94.904653	2	0.560652
49	49	91.509207	1	91.000000	88.098208	1	1.145744
50	50	91.509207	1	91.000000	87.656884	2	0.618948
51	51	91.509207	1	91.000000	86.574922	1	0.321158
52	52	91.509207	1	91.000000	89.870875	2	0.851585
53	53	91.509207	1	91.000000	89.315960	1	0.752571
54	54	91.509207	1	91.000000	84.565294	1	0.913327
55	55	91.509207	1	91.000000	84.649993	1	1.403992
56	56	91.509207	2	91.000000	93.104662	1	0.722443
57	57	91.509207	2	91.000000	93.919471	2	0.612728
58	58	91.509207	2	91.000000	93.839177	2	1.147723
59	59	91.509207	1	91.000000	88.871054	1	1.653224
60	60	91.509207	2	91.000000	93.832972	1	0.688860
61	61	91.509207	1	91.000000	86.106738	2	0.964730
62	62	91.509207	2	91.000000	96.606419	1	0.629511
63	63	91.509207	1	91.000000	84.219207	2	0.515725
64	64	91.509207	1	91.000000	84.532562	2	0.982092
65	65	91.509207	1	91.000000	86.291613	1	0.437853
66	66	91.509207	2	91.000000	97.623564	1	0.483909
67	67	91.509207	2	91.000000	96.701470	1	2.271567
68	68	91.509207	1	91.000000	89.019200	1	1.186672
69	69	91.509207	1	91.000000	84.230726	2	1.345748
70	70	91.509207	2	91.000000	94.176740	1	1.290825
71	71	91.509207	2	91.000000	97.565743	2	0.910110
72	72	91.509207	1	91.000000	89.323608	2	1.296750
73	73	91.509207	2	91.000000	95.321553	1	0.339901
74	74	91.509207	1	91.000000	89.463153	2	0.975741
75	75	91.509207	2	91.000000	96.014387	1	1.821737
76	76	91.509207	1	91.000000	85.613324	2	0.347064
77	77	91.509207	1	91.000000	84.280539	1	0.373019
78	78	91.509207	1	91.000000	89.585242	1	0.677619
79	79	91.509207	1	91.000000	86.554654	1	1.617822
80	80	91.509207	1	91.000000	88.696315	1	0.503294
81	81	91.509207	2	91.000000	93.853089	1	0.506355
82	82	91.509207	2	91.000000	96.724793	1	0.862511
83	83	91.509207	2	91.000000	96.194529	2	0.658312
84	84	91.509207	1	91.000000	86.547815	1	0.902954
85	85	91.509207	2	91.000000	93.948211	2	0.985914
86	86	91.509207	1	91.000000	85.063764	2	1.025025
87	87	91.509207	2	91.000000	93.068631	1	0.583184
88	88	91.509207	2	91.000000	96.681775	2	0.734867
89	89	91.509207	2	91.000000	97.578968	2	2.208334
90	90	91.509207	1	91.000000	87.456835	2	0.958204
91	91	91.509207	2	91.000000	93.188246	1	0.646869
92	92	91.509207	2	91.000000	93.897898	2	0.604447
93	93	91.509207	1	91.000000	89.616867	1	0.563479
94	94	91.509207	2	91.000000	97.654267	1	0.884388
95	95	91.509207	1	91.000000	86.672994	2	0.471821
96	96	91.509207	2	91.000000	95.382082	1	0.572200
97	97	91.509207	2	91.000000	97.056600	2	1.500474
98	98	91.509207	2	91.000000	93.408910	2	2.262931
99	99	91.509207	2	91.000000	93.246916	2	1.466443
100	100	91.509207	1	91.000000	88.761217	2	0.694268
101	101	91.509207	1	91.000000	86.487345	2	0.724613
102	102	91.509207	2	91.000000	96.754279	1	0.356148
103	103	91.509207	1	91.000000	89.751974	2	0.677246
104	104	91.509207	1	91.000000	86.173580	1	1.513439
105	105	91.509207	1	91.000000	89.778117	1	0.731725
106	106	91.509207	2	91.000000	95.453328	1	0.589979
107	107	91.509207	2	91.000000	97.733053	2	0.813704
108	108	91.509207	2	91.000000	95.298038	2	0.636393
109	109	91.509207	2	91.000000	94.534813	2	0.769967
110	110	91.509207	2	91.000000	96.341962	2	0.595316
111	111	91.509207	1	91.000000	85.205022	2	0.569815
112	112	91.509207	1	91.000000	86.350847	1	0.538313
113	113	91.509207	1	91.000000	89.635869	2	0.483909
114	114	91.509207	2	91.000000	93.412255	1	0.415622
115	115	91.509207	2	91.000000	95.301862	2	0.398139
116	116	91.509207	2	91.000000	94.732350	2	0.429956
117	117	91.509207	2	91.000000	94.095505	2	0.532514
118	118	91.509207	1	91.000000	86.869855	2	0.446037
119	119	91.509207	2	91.000000	93.869649	1	0.395813
120	120	91.509207	1	91.000000	88.392960	3	0.379458
121	121	91.509207	1	91.000000	84.705793	2	0.600401
122	122	91.509207	2	91.000000	95.866122	1	0.367407
123	123	91.509207	1	91.000000	88.342786	2	0.592301
124	124	91.509207	1	91.000000	85.787146	1	1.095513
125	125	91.509207	2	91.000000	96.616717	1	0.530974
126	126	91.509207	2	91.000000	95.222035	2	0.349258
127	127	91.509207	1	91.000000	86.334384	1	0.358348
128	128	91.509207	1	91.000000	86.142463	1	0.647580
129	129	91.509207	2	91.000000	96.457451	2	0.373233
130	130	91.509207	1	91.000000	87.266547	2	0.445375
131	131	91.509207	2	91.000000	95.596382	1	0.331395
132	132	91.509207	1	91.000000	86.943527	2	0.702033
133	133	91.509207	1	91.000000	89.012143	1	0.608854
134	134	91.509207	1	91.000000	88.778713	1	0.623844
135	135	91.509207	2	91.000000	93.155779	2	1.822125
136	136	91.509207	2	91.000000	96.923044	2	1.515409
137	137	91.509207	2	91.000000	96.302521	1	1.277672
138	138	91.509207	1	91.000000	88.851727	2	0.385504
139	139	91.509207	1	91.000000	84.925738	2	2.017355
140	140	91.509207	2	91.000000	97.587927	1	0.374609
141	141	91.509207	2	91.000000	97.012548	2	0.711157
142	142	91.509207	1	91.000000	86.783947	1	0.593995
143	143	91.509207	1	91.000000	84.450449	1	2.065449
144	144	91.509207	1	91.000000	84.023455	2	0.661423
145	145	91.509207	1	91.000000	88.737048	1	0.370375
146	146	91.509207	1	91.000000	89.940071	2	1.426946
147	147	91.509207	2	91.000000	94.653416	1	0.752519
148	148	91.509207	2	91.000000	94.216224	2	0.393432
149	149	91.509207	2	91.000000	96.866133	2	0.825375
150	150	91.509207	1	91.000000	88.945722	1	0.567423
151	151	91.509207	1	91.000000	87.201389	2	0.879539
152	152	91.509207	1	91.000000	87.095799	1	0.611885
153	153	91.509207	1	91.000000	87.076392	2	0.858755
154	154	91.509207	2	91.000000	95.605223	1	0.695597
155	155	91.509207	2	91.000000	95.305284	2	0.436698
156	156	91.509207	2	91.000000	93.413989	2	0.480887
157	157	91.509207	2	91.000000	96.521875	2	0.581304
158	158	91.509207	1	91.000000	86.284453	2	0.981675
159	159	91.509207	1	91.000000	85.837549	1	0.509717
160	160	91.509207	2	91.000000	97.052626	1	0.528836
161	161	91.509207	1	91.000000	89.393394	2	0.483125
162	162	91.509207	1	91.000000	85.089951	1	0.510863
163	163	91.509207	2	91.000000	94.708565	1	0.785963
164	164	91.509207	2	91.000000	96.240133	2	0.409360
165	165	91.509207	1	91.000000	86.621140	2	0.560636
166	166	91.509207	2	91.000000	95.718533	1	0.409434
167	167	91.509207	2	91.000000	96.937252	2	0.368697
168	168	91.509207	2	91.000000	97.199765	2	0.425125
169	169	91.509207	2	91.000000	94.815422	2	0.407649
170	170	91.509207	1	91.000000	88.895547	2	0.926786
171	171	91.509207	2	91.000000	94.404468	1	0.456712
172	172	91.509207	1	91.000000	88.125145	2	0.789967
173	173	91.509207	1	91.000000	84.661423	1	0.629365
174	174	91.509207	2	91.000000	97.099437	1	0.723613
175	175	91.509207	2	91.000000	94.668868	2	0.261851
176	176	91.509207	2	91.000000	97.745958	2	0.403286
177	177	91.509207	1	91.000000	85.255087	2	0.466399
178	178	91.509207	2	91.000000	96.510445	1	0.422814
179	179	91.509207	2	91.000000	94.600391	2	0.365063
180	180	91.509207	1	91.000000	87.300735	2	0.342464
181	181	91.509207	1	91.000000	85.061995	1	0.352306
182	182	91.509207	1	91.000000	88.123929	2	1.097330
183	183	91.509207	1	91.000000	87.713739	1	0.332461
184	184	91.509207	2	91.000000	95.625549	2	0.454430
185	185	91.509207	2	91.000000	96.780173	2	0.579496
186	186	91.509207	1	91.000000	86.688627	1	0.611816
187	187	91.509207	1	91.000000	84.122045	1	1.218683
188	188	91.509207	2	91.000000	95.739481	1	0.568649
189	189	91.509207	1	91.000000	84.200907	2	0.345124
190	190	91.509207	1	91.000000	88.795887	1	0.746985
191	191	91.509207	1	91.000000	86.733574	1	0.612184
192	192	91.509207	1	91.000000	84.013748	2	1.731322
193	193	91.509207	1	91.000000	88.830894	1	0.383620
194	194	91.509207	2	91.000000	97.542781	1	0.388619
195	195	91.509207	2	91.000000	96.793031	1	1.340266
196	196	91.509207	2	91.000000	93.727057	2	3.053463
197	197	91.509207	2	91.000000	94.996423	1	2.160552
198	198	91.509207	1	91.000000	84.843040	2	1.224533
199	199	91.509207	1	91.000000	88.887263	1	0.310102
200	200	91.509207	2	91.000000	96.216856	1	1.186002
201	201	91.509207	1	91.000000	85.318636	2	0.416847
202	202	91.509207	1	91.000000	87.035119	1	0.430981
203	203	91.509207	1	91.000000	89.826386	2	0.541530
204	204	91.509207	2	91.000000	95.841688	1	0.375139
205	205	91.509207	2	91.000000	97.581398	2	0.359727
206	206	91.509207	2	91.000000	93.180276	2	0.664889
207	207	91.509207	2	91.000000	95.189457	2	1.293883
208	208	91.509207	1	91.000000	86.255464	2	1.024820
209	209	91.509207	2	91.000000	97.621899	1	0.398829
210	210	91.509207	1	91.000000	86.107281	2	0.501902
211	211	91.509207	1	91.000000	87.031968	1	0.312979
212	212	91.509207	1	91.000000	85.607139	1	0.500357
213	213	91.509207	2	91.000000	97.732517	1	0.919356
214	214	91.509207	1	91.000000	88.985313	2	0.449327
215	215	91.509207	1	91.000000	84.426804	1	0.510508
216	216	91.509207	2	91.000000	94.837433	1	0.745573
217	217	91.509207	1	91.000000	84.270107	2	1.731154
218	218	91.509207	2	91.000000	96.070054	1	0.396512
219	219	91.509207	1	91.000000	87.836334	2	0.372327
220	220	91.509207	2	91.000000	95.285919	1	0.476816
221	221	91.509207	2	91.000000	93.365973	2	2.841172
222	222	91.509207	2	91.000000	92.985350	2	1.181171
223	223	91.509207	1	91.000000	88.804548	2	1.148998
224	224	91.509207	2	91.000000	93.687297	2	1.591577
225	225	91.509207	2	91.000000	96.989096	2	0.764641
226	226	91.509207	2	91.000000	96.747657	2	0.989311
227	227	91.509207	1	91.000000	84.099644	2	0.932770
228	228	91.509207	2	91.000000	93.889528	1	0.494000
229	229	91.509207	1	91.000000	88.444850	2	0.449922
230	230	91.509207	1	91.000000	84.214112	1	0.374829
231	231	91.509207	2	91.000000	93.576299	2	0.623328
232	232	91.509207	1	91.000000	84.905814	1	0.461668
233	233	91.509207	2	91.000000	93.433440	2	0.458839
234	234	91.509207	2	91.000000	97.037717	2	0.559675
235	235	91.509207	2	91.000000	96.976980	2	0.408755
236	236	91.509207	1	91.000000	85.236795	2	0.672024
237	237	91.509207	1	91.000000	89.930411	1	0.484303
238	238	91.509207	1	91.000000	85.460344	2	0.327974
239	239	91.509207	2	91.000000	96.142309	1	0.218412
240	240	91.509207	2	91.000000	97.759470	2	0.265150
241	241	91.509207	2	91.000000	96.768347	2	0.325769
242	242	91.509207	2	91.000000	96.163369	2	0.376174
243	243	91.509207	1	91.000000	84.877518	2	0.360627
244	244	91.509207	1	91.000000	87.216912	1	0.385903
245	245	91.509207	2	91.000000	95.857858	2	0.761696
246	246	91.509207	1	91.000000	87.742156	1	0.386502
247	247	91.509207	2	91.000000	97.966464	2	1.090344
248	248	91.509207	2	91.000000	97.264283	2	1.309663
249	249	91.509207	2	91.000000	93.942468	2	1.072191
250	250	91.509207	1	91.000000	87.502299	2	1.595839
251	251	91.509207	1	91.000000	88.096704	2	1.002951
252	252	91.509207	1	91.000000	89.433266	1	0.673657
253	253	91.509207	2	91.000000	94.803929	1	0.317760
254	254	91.509207	1	91.000000	88.633172	2	0.280243
255	255	91.509207	2	91.000000	95.808295	1	0.340841
256	256	91.509207	1	91.000000	88.933783	2	0.390718
257	257	91.509207	1	91.000000	87.731008	1	0.430671
258	258	91.509207	1	91.000000	88.149504	1	0.276996
259	259	91.509207	1	91.000000	86.370407	2	1.354905
260	260	91.509207	1	91.000000	90.075204	1	0.297781
261	261	91.509207	2	91.000000	93.567591	1	0.317941
262	262	91.509207	1	91.000000	85.353665	2	0.289855
263	263	91.509207	2	91.000000	95.804472	1	0.300257
264	264	91.509207	2	91.000000	96.360878	1	0.335381
265	265	91.509207	1	91.000000	86.499443	2	0.561401
266	266	91.509207	2	91.000000	96.115017	1	0.490432
267	267	91.509207	2	91.000000	95.837989	2	0.405919
268	268	91.509207	1	91.000000	84.346578	2	0.373109
269	269	91.509207	2	91.000000	96.461704	1	0.349723
270	270	91.509207	1	91.000000	85.540191	2	0.414851
271	271	91.509207	1	91.000000	88.587440	1	0.309897
272	272	91.509207	1	91.000000	85.139812	2	1.081223
273	273	91.509207	2	91.000000	97.789592	1	0.404884
274	274	91.509207	2	91.000000	97.219243	2	0.524121
275	275	91.509207	1	91.000000	89.256027	2	0.326459
276	276	91.509207	2	91.000000	97.640872	1	0.409092
277	277	91.509207	1	91.000000	89.448752	2	0.320151
278	278	91.509207	1	91.000000	86.097549	1	0.450816
279	279	91.509207	1	91.000000	88.462971	1	0.495851
280	280	91.509207	2	91.000000	95.713581	1	0.443611
281	281	91.509207	1	91.000000	87.758241	2	0.353410
282	282	91.509207	1	91.000000	85.373049	1	0.394447
283	283	91.509207	2	91.000000	93.824545	1	0.498253
284	284	91.509207	1	91.000000	84.154970	1	0.350038
285	285	91.509207	2	91.000000	94.314137	1	0.431346
286	286	91.509207	2	91.000000	97.192557	2	0.389678
287	287	91.509207	1	91.000000	84.235144	1	0.453377
288	288	91.509207	1	91.000000	87.849612	1	0.442578
289	289	91.509207	2	91.000000	93.439926	1	0.552400
290	290	91.509207	2	91.000000	96.699853	2	0.537173
291	291	91.509207	1	91.000000	89.061111	2	0.723014
292	292	91.509207	2	91.000000	97.336099	1	0.501288
293	293	91.509207	1	91.000000	85.768692	2	0.384335
294	294	91.509207	2	91.000000	95.463617	1	0.296205
295	295	91.509207	1	91.000000	84.453350	2	0.459829
296	296	91.509207	2	91.000000	94.290244	2	0.409120
297	297	91.509207	1	91.000000	86.663927	1	0.448128
298	298	91.509207	1	91.000000	87.237100	2	1.693796
299	299	91.509207	2	91.000000	93.363601	1	0.336468
300	300	91.509207	2	91.000000	95.302294	2	0.386572
301	301	91.509207	2	91.000000	94.957850	1	0.322537
302	302	91.509207	2	91.000000	93.586846	2	0.316778
303	303	91.509207	2	91.000000	93.866019	2	0.513311
304	304	91.509207	2	91.000000	93.784227	2	0.690581
305	305	91.509207	1	91.000000	84.111323	2	0.342183
306	306	91.509207	2	91.000000	93.258549	1	0.263937
307	307	91.509207	2	91.000000	97.213900	2	1.357152
308	308	91.509207	1	91.000000	89.878916	2	0.861611
309	309	91.509207	2	91.000000	97.965801	1	0.346336
310	310	91.509207	1	91.000000	87.122107	2	0.316098
311	311	91.509207	2	91.000000	95.187553	1	0.918713
312	312	91.509207	2	91.000000	94.492988	2	0.424679
313	313	91.509207	2	91.000000	96.005377	2	0.439279
314	314	91.509207	2	91.000000	97.424487	2	0.420866
315	315	91.509207	1	91.000000	85.251151	2	0.419343
316	316	91.509207	1	91.000000	84.189582	1	0.361824
317	317	91.509207	2	91.000000	96.660048	2	0.667028
318	318	91.509207	1	91.000000	84.403222	2	1.871310
319	319	91.509207	1	91.000000	85.695056	1	0.466680
320	320	91.509207	1	91.000000	84.364976	2	1.207161
321	321	91.509207	1	91.000000	86.024410	1	0.437496
322	322	91.509207	1	91.000000	88.849282	2	0.755306
323	323	91.509207	1	91.000000	88.893041	1	0.420233
324	324	91.509207	2	91.000000	94.832553	1	0.402550
325	325	91.509207	2	91.000000	93.925626	2	0.409758
326	326	91.509207	1	91.000000	89.106575	2	0.944762
327	327	91.509207	1	91.000000	89.939943	1	0.706075
328	328	91.509207	1	91.000000	85.814332	1	0.589256
329	329	91.509207	1	91.000000	88.367833	1	0.484769
330	330	91.509207	1	91.000000	84.772639	2	1.232613
331	331	91.509207	1	91.000000	84.914618	1	0.390250
332	332	91.509207	2	91.000000	97.957540	1	0.470417
333	333	91.509207	2	91.000000	95.128519	2	0.426747
334	334	91.509207	1	91.000000	85.891324	2	0.321087
335	335	91.509207	2	91.000000	96.455437	1	0.323393
336	336	91.509207	2	91.000000	94.444703	2	0.368115
337	337	91.509207	2	91.000000	94.502749	2	0.486577
338	338	91.509207	1	91.000000	84.797252	1	0.330177
339	339	91.509207	2	91.000000	93.697330	2	0.412881
340	340	91.509207	1	91.000000	85.011332	2	0.260219
341	341	91.509207	2	91.000000	93.983357	1	0.321308
342	342	91.509207	2	91.000000	97.875223	2	0.371685
343	343	91.509207	2	91.000000	97.175588	2	0.348296
344	344	91.509207	2	91.000000	93.692624	2	0.606057
345	345	91.509207	2	91.000000	93.189138	2	0.732953
346	346	91.509207	1	91.000000	89.596692	2	1.126642
347	347	91.509207	2	91.000000	93.602634	1	0.384276
348	348	91.509207	1	91.000000	90.091252	2	0.320303
349	349	91.509207	2	91.000000	96.215617	1	0.202765
350	350	91.509207	1	91.000000	88.523510	2	1.241992
351	351	91.509207	1	91.000000	87.507485	1	0.375226
352	352	91.509207	1	91.000000	89.591507	1	0.391768
353	353	91.509207	2	91.000000	96.571360	2	1.999458
354	354	91.509207	2	91.000000	97.830823	2	0.990217
355	355	91.509207	2	91.000000	97.349917	2	1.287068
356	356	91.509207	2	91.000000	96.323661	1	0.632529
357	357	91.509207	1	91.000000	86.249660	2	0.374245
358	358	91.509207	2	91.000000	93.555699	1	0.366757
359	359	91.509207	2	91.000000	93.039482	2	0.319266
360	360	91.509207	1	91.000000	86.068950	2	0.617896
361	361	91.509207	2	91.000000	96.774688	1	0.368025
362	362	91.509207	2	91.000000	97.879327	2	0.392438
363	363	91.509207	2	91.000000	96.181338	2	0.680329
364	364	91.509207	1	91.000000	86.709962	2	0.452617
365	365	91.509207	2	91.000000	94.109341	1	0.393612
366	366	91.509207	2	91.000000	97.836556	1	0.409382
367	367	91.509207	2	91.000000	93.941543	2	0.376562
368	368	91.509207	2	91.000000	97.158225	2	0.481117
369	369	91.509207	1	91.000000	85.983253	2	0.517600
370	370	91.509207	1	91.000000	84.342829	1	0.767814
371	371	91.509207	2	91.000000	94.872152	1	1.256000
372	372	91.509207	2	91.000000	95.293487	2	0.796461
373	373	91.509207	1	91.000000	84.018945	2	1.659989
374	374	91.509207	2	91.000000	96.728127	1	0.528162
375	375	91.509207	2	91.000000	93.744523	2	0.434515
376	376	91.509207	1	91.000000	89.404237	2	1.154501
377	377	91.509207	1	91.000000	86.174515	1	0.744933
378	378	91.509207	2	91.000000	93.696096	1	1.042449
379	379	91.509207	2	91.000000	96.708134	2	0.431573
380	380	91.509207	1	91.000000	90.012071	2	1.630221
381	381	91.509207	2	91.000000	97.771764	1	0.347732
382	382	91.509207	2	91.000000	96.588201	2	0.613570
383	383	91.509207	2	91.000000	93.041443	2	0.748594
384	384	91.509207	2	91.000000	94.079848	2	0.830217
385	385	91.509207	2	91.000000	96.398732	1	0.492201
386	386	91.509207	1	91.000000	84.070052	2	0.593778
387	387	91.509207	2	91.000000	94.276817	1	0.519659
388	388	91.509207	1	91.000000	85.354432	2	0.362052
389	389	91.509207	2	91.000000	95.439516	1	0.499013
390	390	91.509207	2	91.000000	94.073363	2	0.558084
391	391	91.509207	1	91.000000	86.886787	1	0.399197
392	392	91.509207	1	91.000000	87.369786	1	0.814186
393	393	91.509207	2	91.000000	93.156454	1	0.573107
394	394	91.509207	2	91.000000	93.341892	2	0.309301
395	395	91.509207	2	91.000000	95.851616	1	0.376613
396	396	91.509207	1	91.000000	88.864829	2	0.593198
397	397	91.509207	1	91.000000	89.884403	1	0.344736
398	398	91.509207	2	91.000000	96.368442	2	2.250708
399	399	91.509207	2	91.000000	94.056896	1	1.206401
400	400	91.509207	1	91.000000	84.101000	2	0.476871
401	401	91.509207	1	91.000000	85.513128	1	0.409283
402	402	91.509207	2	91.000000	93.518524	1	0.584378
403	403	91.509207	1	91.000000	89.278979	2	0.399946
404	404	91.509207	1	91.000000	88.778174	1	0.383148
405	405	91.509207	1	91.000000	86.463667	2	1.670954
406	406	91.509207	2	91.000000	96.966439	1	0.410557
407	407	91.509207	2	91.000000	95.943002	2	0.409654
408	408	91.509207	1	91.000000	89.665967	2	0.296826
409	409	91.509207	1	91.000000	88.657163	1	1.148480
410	410	91.509207	1	91.000000	85.417975	2	0.869872
411	411	91.509207	1	91.000000	85.714734	1	0.489978
412	412	91.509207	1	91.000000	88.303389	2	0.597631
413	413	91.509207	2	91.000000	95.516706	1	0.445292
414	414	91.509207	1	91.000000	84.198905	2	0.531008
415	415	91.509207	2	91.000000	96.825364	1	0.501531
416	416	91.509207	1	91.000000	87.963129	2	0.568507
417	417	91.509207	1	91.000000	84.980073	1	0.592860
418	418	91.509207	2	91.000000	94.653259	2	0.872447
419	419	91.509207	1	91.000000	86.896347	2	1.356527
420	420	91.509207	1	91.000000	84.442810	2	1.012839
421	421	91.509207	2	91.000000	93.949147	2	1.059793
422	422	91.509207	1	91.000000	85.739839	2	0.792113
423	423	91.509207	1	91.000000	86.933811	1	0.703839
424	424	91.509207	2	91.000000	96.746314	2	0.658701
425	425	91.509207	1	91.000000	87.816830	2	0.687600
426	426	91.509207	1	91.000000	88.546446	1	0.394995
427	427	91.509207	2	91.000000	94.927625	2	0.378930
428	428	91.509207	1	91.000000	84.044848	2	0.523520
429	429	91.509207	2	91.000000	94.295258	1	0.645854
430	430	91.509207	2	91.000000	97.189721	2	0.571348
431	431	91.509207	1	91.000000	84.895602	2	0.611848
432	432	91.509207	2	91.000000	96.952238	1	0.434799
433	433	91.509207	1	91.000000	85.050559	2	0.464666
434	434	91.509207	1	91.000000	84.520709	1	0.389676
435	435	91.509207	2	91.000000	94.607465	2	0.421502
436	436	91.509207	2	91.000000	93.838318	2	0.723906
437	437	91.509207	2	91.000000	97.402202	2	0.390131
438	438	91.509207	1	91.000000	85.889021	2	0.501929
439	439	91.509207	2	91.000000	94.218900	2	0.449073
440	440	91.509207	1	91.000000	86.255971	2	0.830068
441	441	91.509207	1	91.000000	87.859631	1	0.620310
442	442	91.509207	1	91.000000	85.412541	2	1.034567
443	443	91.509207	2	91.000000	96.740174	1	0.495792
444	444	91.509207	1	91.000000	84.483448	2	0.459507
445	445	91.509207	1	91.000000	90.078743	1	0.704733
446	446	91.509207	1	91.000000	86.379876	2	1.827240
447	447	91.509207	1	91.000000	85.276281	1	2.872839
448	448	91.509207	2	91.000000	97.556690	2	0.827487
449	449	91.509207	1	91.000000	86.256576	2	0.969587
450	450	91.509207	1	91.000000	89.382981	1	0.321761
451	451	91.509207	2	91.000000	92.999921	2	0.444180
452	452	91.509207	2	91.000000	95.174632	1	0.338008
453	453	91.509207	2	91.000000	96.169724	2	0.699795
454	454	91.509207	2	91.000000	95.720869	2	0.966627
455	455	91.509207	1	91.000000	84.270562	2	0.528581
456	456	91.509207	2	91.000000	93.529734	1	0.329080
457	457	91.509207	2	91.000000	95.328359	2	0.499675
458	458	91.509207	2	91.000000	93.988919	2	0.854771
459	459	91.509207	1	91.000000	87.633808	2	0.371688
460	460	91.509207	2	91.000000	95.531585	1	0.323906
461	461	91.509207	2	91.000000	96.065831	2	0.350719
462	462	91.509207	1	91.000000	89.611080	2	0.559814
463	463	91.509207	2	91.000000	95.479136	2	2.152602
464	464	91.509207	2	91.000000	96.391342	2	0.992435
465	465	91.509207	1	91.000000	87.004678	1	0.815704
466	466	91.509207	1	91.000000	84.881726	1	0.893869
467	467	91.509207	1	91.000000	88.359568	1	0.769500
468	468	91.509207	2	91.000000	92.914337	2	1.529631
469	469	91.509207	1	91.000000	86.643683	1	0.699241
470	470	91.509207	1	91.000000	85.741719	1	0.765925
471	471	91.509207	1	91.000000	89.331366	1	1.582216
472	472	91.509207	2	91.000000	94.250466	2	0.685720
473	473	91.509207	1	91.000000	87.232707	1	0.937554
474	474	91.509207	2	91.000000	97.612628	2	1.706756
475	1	33.688148	1	35.000000	29.721644	1	3.300817
476	2	33.688148	1	35.000000	30.492414	1	0.965860
477	3	33.688148	1	35.000000	30.410878	1	0.958119
478	4	33.688148	2	35.000000	36.326987	1	1.086452
479	5	33.688148	2	35.000000	38.547993	1	0.809848
480	6	33.688148	2	35.000000	35.863779	2	0.728883
481	7	33.688148	1	35.000000	31.258868	1	1.922881
482	8	33.688148	1	35.000000	29.532972	1	0.668185
483	9	33.688148	1	35.000000	28.814769	1	0.600572
484	10	33.688148	2	35.000000	41.855678	1	0.735503
485	11	33.688148	1	35.000000	28.721665	2	1.113037
486	12	33.688148	1	35.000000	29.192611	1	1.123827
487	13	33.688148	1	35.000000	29.389507	1	1.541518
488	14	33.688148	2	35.000000	40.627074	2	2.422481
489	15	33.688148	1	35.000000	28.762835	1	1.155284
490	16	33.688148	2	35.000000	35.660727	1	1.317641
491	17	33.688148	2	35.000000	37.993566	2	1.013675
492	18	33.688148	1	35.000000	29.944560	1	1.364321
493	19	33.688148	2	35.000000	37.392970	2	0.860859
494	20	33.688148	1	35.000000	28.731627	1	0.785338
495	21	33.688148	2	35.000000	37.499811	2	0.760917
496	22	33.688148	1	35.000000	29.536794	1	1.369985
497	23	33.688148	1	35.000000	28.323502	1	0.681792
498	24	33.688148	1	35.000000	31.806583	1	0.941890
499	25	33.688148	2	35.000000	38.881469	2	0.767180
500	1	73.997684	2	77.000000	80.476607	1	3.216325
501	2	73.997684	1	77.000000	70.073337	2	1.382038
502	3	73.997684	2	77.000000	80.766277	1	2.829181
503	4	73.997684	2	77.000000	82.852985	2	3.729739
504	5	73.997684	2	77.000000	81.252737	2	0.689722
505	6	73.997684	2	77.000000	76.605243	2	0.829344
506	7	73.997684	2	77.000000	76.839509	2	0.723370
507	8	73.997684	1	77.000000	71.740826	2	1.253614
508	9	73.997684	2	77.000000	79.039796	2	1.282088
509	10	73.997684	2	77.000000	83.583592	1	1.221884
510	11	73.997684	2	77.000000	82.481011	2	2.347722
511	12	73.997684	2	77.000000	77.802176	2	2.787788
512	13	73.997684	1	77.000000	72.069652	1	0.626169
