1	1	6.744128	1	7.000000	0.180164	1	1.673723
2	2	6.744128	2	7.000000	12.382579	1	1.661271
3	3	6.744128	2	7.000000	9.750485	1	1.265335
4	4	6.744128	1	7.000000	3.226814	1	0.685884
5	5	6.744128	2	7.000000	10.810507	2	1.273434
6	6	6.744128	1	7.000000	3.705766	2	0.917274
7	7	6.744128	2	7.000000	13.451094	1	3.279346
8	8	6.744128	2	7.000000	9.772564	1	2.201616
9	9	6.744128	2	7.000000	10.507818	2	1.487234
10	10	6.744128	2	7.000000	12.719519	2	0.738199
11	11	6.744128	1	7.000000	2.130060	1	1.587777
12	12	6.744128	1	7.000000	4.998297	2	0.746707
13	13	6.744128	2	7.000000	13.497733	2	1.332130
14	14	6.744128	2	7.000000	9.707912	1	2.141926
15	15	6.744128	1	7.000000	3.217579	1	1.430464
16	16	6.744128	1	7.000000	2.883207	2	1.060055
17	17	6.744128	2	7.000000	8.663366	2	0.936539
18	18	6.744128	1	7.000000	0.394282	1	0.562123
19	19	6.744128	1	7.000000	4.990740	2	0.627062
20	20	6.744128	2	7.000000	12.230314	2	0.977304
21	21	6.744128	2	7.000000	11.002977	2	1.377031
22	22	6.744128	2	7.000000	9.891175	2	1.113175
23	23	6.744128	1	7.000000	0.454063	1	2.299657
24	24	6.744128	2	7.000000	11.228382	2	1.126002
25	25	6.744128	1	7.000000	1.272212	1	1.103873
26	26	6.744128	1	7.000000	3.897864	1	2.002583
27	27	6.744128	2	7.000000	9.374272	2	2.522148
28	28	6.744128	2	7.000000	13.938048	2	1.977186
29	29	6.744128	2	7.000000	12.976318	2	1.648485
30	30	6.744128	1	7.000000	3.639823	2	1.101418
31	1	47.169274	2	49.000000	49.971934	2	2.895787
32	2	47.169274	1	49.000000	45.104984	1	1.265529
33	3	47.169274	1	49.000000	42.025633	2	1.862164
34	4	47.169274	1	49.000000	45.474441	1	1.242109
35	5	47.169274	2	49.000000	50.076132	1	1.399219
36	6	47.169274	1	49.000000	45.617435	2	1.814177
37	7	47.169274	1	49.000000	44.487592	1	0.772291
38	8	47.169274	1	49.000000	44.337000	2	1.020472
39	9	47.169274	2	49.000000	49.570669	1	1.338481
40	10	47.169274	2	49.000000	55.482272	2	1.635575
41	11	47.169274	2	49.000000	55.833994	2	1.816500
42	12	47.169274	1	49.000000	44.052053	2	1.493678
43	13	47.169274	2	49.000000	48.917906	2	1.384824
44	14	47.169274	1	49.000000	42.367421	2	1.263730
45	15	47.169274	2	49.000000	49.918439	1	1.332153
46	16	47.169274	2	49.000000	52.193058	1	1.077962
47	17	47.169274	1	49.000000	43.227559	2	0.385671
48	18	47.169274	1	49.000000	42.190431	1	0.745526
49	19	47.169274	2	49.000000	54.657845	1	0.587230
50	20	47.169274	2	49.000000	54.890412	1	0.930956
51	21	47.169274	1	49.000000	42.271337	1	2.102048
52	22	47.169274	1	49.000000	42.445787	1	1.430781
53	23	47.169274	2	49.000000	52.785732	2	1.044507
54	24	47.169274	1	49.000000	45.482488	2	2.289842
55	25	47.169274	2	49.000000	54.204677	2	1.932169
56	26	47.169274	2	49.000000	53.184655	2	1.117339
57	27	47.169274	2	49.000000	51.379010	1	1.533810
58	28	47.169274	2	49.000000	55.535584	1	0.912344
59	29	47.169274	2	49.000000	51.844263	2	0.754812
60	30	47.169274	2	49.000000	49.354015	2	1.563599
61	31	47.169274	1	49.000000	42.171928	2	2.604074
62	32	47.169274	1	49.000000	43.528289	1	1.553602
63	33	47.169274	1	49.000000	43.875631	1	1.769720
64	34	47.169274	1	49.000000	45.327016	2	3.592833
65	35	47.169274	1	49.000000	44.218873	1	2.366509
66	36	47.169274	2	49.000000	49.348522	1	1.502117
67	37	47.169274	1	49.000000	43.512330	1	0.904293
68	38	47.169274	2	49.000000	55.686319	1	0.963148
69	39	47.169274	1	49.000000	44.794338	2	1.323885
70	40	47.169274	2	49.000000	50.475150	2	1.029568
71	41	47.169274	2	49.000000	49.036134	2	1.219548
72	42	47.169274	2	49.000000	55.644950	2	2.721406
73	43	47.169274	1	49.000000	45.085810	2	2.722138
74	44	47.169274	1	49.000000	42.022404	1	1.322679
75	45	47.169274	1	49.000000	44.170324	1	1.012494
76	46	47.169274	1	49.000000	44.163680	1	0.530957
77	47	47.169274	2	49.000000	48.931345	1	0.717375
78	48	47.169274	2	49.000000	53.939912	2	0.295792
79	49	47.169274	2	49.000000	54.938274	2	0.355639
80	50	47.169274	1	49.000000	43.367298	2	0.380750
81	51	47.169274	1	49.000000	44.862921	1	0.301166
82	52	47.169274	1	49.000000	44.463079	1	0.704398
83	53	47.169274	1	49.000000	42.005794	1	0.347382
84	54	47.169274	1	49.000000	43.041303	1	1.333262
85	55	47.169274	2	49.000000	53.072764	2	0.478209
86	56	47.169274	1	49.000000	45.107553	2	0.947889
87	57	47.169274	1	49.000000	43.244097	1	0.756062
88	58	47.169274	2	49.000000	50.844503	2	2.606756
89	59	47.169274	1	49.000000	42.002803	1	1.114315
90	60	47.169274	2	49.000000	53.951673	1	1.092866
91	61	47.169274	2	49.000000	49.473322	1	1.504272
92	62	47.169274	1	49.000000	44.490022	2	2.762393
93	63	47.169274	1	49.000000	45.196761	1	0.865732
94	64	47.169274	2	49.000000	48.616471	1	1.053888
95	65	47.169274	2	49.000000	52.945683	1	0.754662
96	66	47.169274	1	49.000000	43.156194	2	0.915309
97	67	47.169274	1	49.000000	45.489267	2	0.606142
98	68	47.169274	1	49.000000	44.462061	2	0.437065
99	69	47.169274	1	49.000000	42.874939	1	0.578873
100	70	47.169274	2	49.000000	53.785986	1	1.019099
101	71	47.169274	1	49.000000	44.907857	2	1.097223
102	72	47.169274	1	49.000000	45.420404	2	0.779591
103	73	47.169274	2	49.000000	49.981593	2	1.860037
104	74	47.169274	2	49.000000	51.259611	2	1.127876
105	75	47.169274	1	49.000000	43.051318	2	1.097855
106	76	47.169274	2	49.000000	48.677786	2	0.901215
107	77	47.169274	2	49.000000	49.389065	1	0.871677
108	78	47.169274	1	49.000000	44.912838	2	0.995803
109	79	47.169274	2	49.000000	50.639972	2	4.699108
110	80	47.169274	1	49.000000	44.591618	1	1.645457
111	81	47.169274	1	49.000000	42.713446	1	1.080782
112	82	47.169274	2	49.000000	52.850973	2	1.052497
113	83	47.169274	1	49.000000	43.261148	2	0.953112
114	84	47.169274	1	49.000000	44.434760	2	0.841948
115	85	47.169274	1	49.000000	43.826551	1	0.655381
116	86	47.169274	2	49.000000	49.420166	1	0.540302
117	87	47.169274	1	49.000000	45.269109	2	0.645971
118	88	47.169274	2	49.000000	49.441524	1	0.611530
119	89	47.169274	1	49.000000	43.643956	1	0.666522
120	90	47.169274	1	49.000000	42.305713	4	5.110854
121	91	47.169274	1	49.000000	43.190050	2	1.267274
122	92	47.169274	2	49.000000	53.002052	2	1.799027
123	93	47.169274	2	49.000000	54.734567	2	0.909801
124	94	47.169274	1	49.000000	42.752389	1	1.328695
125	95	47.169274	2	49.000000	55.405633	2	1.034403
126	96	47.169274	2	49.000000	50.692818	2	1.535687
127	97	47.169274	1	49.000000	42.687299	2	0.768727
128	98	47.169274	1	49.000000	45.604479	1	1.104828
129	99	47.169274	2	49.000000	55.025912	1	0.755459
130	100	47.169274	2	49.000000	50.065743	1	1.020205
131	101	47.169274	1	49.000000	44.467956	2	1.034185
132	102	47.169274	2	49.000000	53.777000	3	1.839365
133	103	47.169274	1	49.000000	44.851282	2	0.641198
134	104	47.169274	2	49.000000	51.182475	1	0.766911
135	105	47.169274	2	49.000000	50.389347	1	0.927001
136	106	47.169274	1	49.000000	43.529522	4	5.105092
137	107	47.169274	1	49.000000	42.546153	2	1.805477
138	108	47.169274	2	49.000000	48.961194	2	2.291603
139	109	47.169274	1	49.000000	43.324408	1	1.638045
140	110	47.169274	2	49.000000	50.496536	2	1.602974
141	111	47.169274	2	49.000000	53.368356	1	1.593168
142	112	47.169274	2	49.000000	50.432892	2	0.976018
143	113	47.169274	1	49.000000	43.532492	2	0.975329
144	114	47.169274	1	49.000000	44.545972	1	0.791423
145	115	47.169274	1	49.000000	44.818275	1	0.728135
146	116	47.169274	2	49.000000	52.701404	1	0.401106
147	117	47.169274	1	49.000000	42.987848	2	0.392178
148	118	47.169274	1	49.000000	44.473297	2	0.415943
149	119	47.169274	2	49.000000	50.370585	1	1.710535
150	120	47.169274	1	49.000000	45.665029	2	1.546316
151	121	47.169274	2	49.000000	55.869994	2	1.057477
152	122	47.169274	1	49.000000	42.601500	1	1.462052
153	123	47.169274	1	49.000000	43.101021	1	0.802485
154	124	47.169274	1	49.000000	42.136896	1	0.785217
155	125	47.169274	2	49.000000	53.436782	2	1.032668
156	126	47.169274	1	49.000000	42.221744	1	1.470166
157	127	47.169274	2	49.000000	50.527968	1	1.689671
158	128	47.169274	2	49.000000	54.159088	2	0.876520
159	129	47.169274	2	49.000000	50.102326	1	1.184550
160	130	47.169274	1	49.000000	43.224388	1	2.617462
161	131	47.169274	2	49.000000	51.348958	2	1.254466
162	132	47.169274	1	49.000000	45.475014	1	1.337657
163	133	47.169274	2	49.000000	50.830381	1	1.890676
164	134	47.169274	2	49.000000	51.001723	1	1.701309
165	135	47.169274	1	49.000000	42.263300	1	1.287569
166	136	47.169274	1	49.000000	42.065114	1	0.962564
167	137	47.169274	2	49.000000	50.222077	1	1.147208
168	138	47.169274	2	49.000000	53.231175	2	1.044401
169	139	47.169274	2	49.000000	53.733995	2	0.802008
170	140	47.169274	2	49.000000	51.518134	1	1.448688
171	141	47.169274	1	49.000000	44.591689	1	0.757567
172	142	47.169274	2	49.000000	55.684776	2	0.782646
173	143	47.169274	2	49.000000	54.248695	2	0.846029
174	144	47.169274	1	49.000000	45.473728	1	1.579468
175	145	47.169274	2	49.000000	53.272734	1	1.475006
176	146	47.169274	2	49.000000	54.334237	1	1.128436
177	147	47.169274	1	49.000000	43.590759	1	0.648642
178	148	47.169274	1	49.000000	45.247946	1	1.054145
179	149	47.169274	1	49.000000	43.200906	1	0.890708
180	150	47.169274	1	49.000000	44.269854	1	0.806244
181	151	47.169274	1	49.000000	42.205578	1	0.973060
182	152	47.169274	2	49.000000	55.256547	3	0.957173
183	153	47.169274	2	49.000000	51.315053	1	0.466861
184	154	47.169274	1	49.000000	42.381791	2	1.320425
185	155	47.169274	2	49.000000	50.201835	1	1.177096
186	156	47.169274	2	49.000000	51.934423	2	0.992876
187	157	47.169274	1	49.000000	42.304539	1	2.040149
188	158	47.169274	2	49.000000	53.795031	1	0.772726
189	159	47.169274	2	49.000000	49.231221	1	0.572705
190	160	47.169274	1	49.000000	43.115409	1	0.709264
191	161	47.169274	1	49.000000	44.439639	1	0.608031
192	162	47.169274	2	49.000000	52.427948	1	1.391008
193	163	47.169274	1	49.000000	42.271002	1	0.670138
194	164	47.169274	2	49.000000	50.968226	2	2.138477
195	165	47.169274	1	49.000000	45.749684	1	0.682841
196	166	47.169274	1	49.000000	45.126109	1	0.766484
197	167	47.169274	1	49.000000	43.736467	1	0.534386
198	168	47.169274	1	49.000000	43.734916	1	0.752258
199	169	47.169274	2	49.000000	50.732731	1	1.017149
200	170	47.169274	1	49.000000	45.727304	1	1.431138
201	171	47.169274	2	49.000000	49.658001	1	1.844570
202	172	47.169274	2	49.000000	49.445592	1	0.529448
203	173	47.169274	1	49.000000	45.297671	1	0.619893
204	174	47.169274	1	49.000000	43.540038	1	0.946016
205	175	47.169274	2	49.000000	50.746497	1	0.789288
206	176	47.169274	2	49.000000	51.670005	1	1.027061
207	177	47.169274	1	49.000000	44.059123	2	1.802659
208	178	47.169274	2	49.000000	54.409911	1	0.854880
209	179	47.169274	2	49.000000	51.590257	1	1.043855
210	180	47.169274	1	49.000000	43.450912	1	1.473025
211	181	47.169274	1	49.000000	42.128902	1	2.044814
212	182	47.169274	2	49.000000	53.308001	1	0.913318
213	183	47.169274	1	49.000000	43.907563	1	0.588060
214	184	47.169274	2	49.000000	50.150052	1	1.091832
215	185	47.169274	1	49.000000	43.329255	1	0.526868
216	186	47.169274	1	49.000000	44.445535	1	0.785256
217	187	47.169274	2	49.000000	55.006304	1	1.920721
218	188	47.169274	2	49.000000	52.046688	2	0.962033
219	189	47.169274	1	49.000000	42.738914	1	1.131846
220	190	47.169274	2	49.000000	55.549809	1	0.796729
221	191	47.169274	1	49.000000	43.833177	1	1.524173
222	192	47.169274	1	49.000000	44.398161	1	1.317740
223	193	47.169274	1	49.000000	45.559229	1	1.295562
224	194	47.169274	1	49.000000	43.954746	1	0.933012
225	195	47.169274	1	49.000000	45.215120	1	1.180764
226	196	47.169274	1	49.000000	45.309225	1	0.644581
227	197	47.169274	1	49.000000	44.598566	1	0.866308
228	198	47.169274	1	49.000000	45.471606	1	1.502279
229	199	47.169274	2	49.000000	53.624467	1	0.664613
230	200	47.169274	2	49.000000	52.878509	2	1.413529
231	201	47.169274	1	49.000000	42.968809	1	1.227846
232	202	47.169274	2	49.000000	49.472945	2	1.329619
233	203	47.169274	2	49.000000	52.770020	1	2.093243
234	204	47.169274	1	49.000000	43.069678	1	1.893982
235	205	47.169274	2	49.000000	52.873279	2	1.080691
236	206	47.169274	1	49.000000	43.604317	1	1.380653
237	207	47.169274	2	49.000000	55.938342	1	0.724209
238	208	47.169274	2	49.000000	52.653064	2	2.046536
239	209	47.169274	2	49.000000	52.680732	1	4.515046
240	210	47.169274	1	49.000000	44.550284	1	1.002929
241	211	47.169274	2	49.000000	54.043887	2	1.065691
242	212	47.169274	1	49.000000	43.858904	1	0.734308
243	213	47.169274	1	49.000000	44.136520	3	3.711893
244	214	47.169274	2	49.000000	50.245989	2	1.158211
245	215	47.169274	2	49.000000	53.583977	2	1.885352
246	216	47.169274	2	49.000000	53.650428	2	1.680026
247	217	47.169274	2	49.000000	51.585331	2	1.267647
248	218	47.169274	2	49.000000	54.196208	1	1.463206
249	219	47.169274	1	49.000000	45.555501	1	0.907672
250	220	47.169274	2	49.000000	50.662981	1	1.390310
251	221	47.169274	2	49.000000	55.638533	2	1.093390
252	222	47.169274	1	49.000000	45.337962	1	0.848585
253	223	47.169274	1	49.000000	45.183151	1	1.085916
254	224	47.169274	2	49.000000	50.085323	2	1.889370
255	225	47.169274	2	49.000000	50.634951	1	1.099796
256	226	47.169274	1	49.000000	44.585299	1	0.678572
257	227	47.169274	1	49.000000	43.995602	1	0.722764
258	228	47.169274	2	49.000000	55.518985	2	0.853048
259	229	47.169274	2	49.000000	54.161298	1	3.177721
260	230	47.169274	2	49.000000	53.284449	2	1.217336
261	231	47.169274	2	49.000000	50.623394	1	1.205986
262	232	47.169274	1	49.000000	45.489192	1	0.620460
263	233	47.169274	2	49.000000	55.008865	2	3.018817
264	234	47.169274	2	49.000000	53.395188	1	2.375322
265	235	47.169274	1	49.000000	45.081643	1	0.806252
266	236	47.169274	2	49.000000	52.240846	1	0.749188
267	237	47.169274	2	49.000000	53.107621	2	1.021871
268	238	47.169274	2	49.000000	52.839171	1	0.987789
269	239	47.169274	1	49.000000	45.213945	1	4.203251
270	240	47.169274	2	49.000000	50.449816	1	1.663517
271	241	47.169274	1	49.000000	43.170322	1	0.611576
272	242	47.169274	1	49.000000	44.360211	1	1.034449
273	243	47.169274	2	49.000000	51.782477	3	0.968888
274	244	47.169274	1	49.000000	43.252732	1	0.581059
275	245	47.169274	2	49.000000	52.200498	1	1.765174
276	246	47.169274	1	49.000000	43.496456	1	0.805175
277	247	47.169274	1	49.000000	42.846683	1	0.764138
278	248	47.169274	1	49.000000	42.706948	1	0.900911
279	249	47.169274	2	49.000000	51.551076	1	0.647689
280	250	47.169274	2	49.000000	52.509617	1	0.797251
281	251	47.169274	1	49.000000	43.378842	1	0.620920
282	252	47.169274	2	49.000000	50.623644	1	0.771191
283	253	47.169274	2	49.000000	52.902716	1	0.563367
284	254	47.169274	1	49.000000	42.796033	1	1.692375
285	255	47.169274	2	49.000000	52.560795	2	0.895167
286	256	47.169274	1	49.000000	45.661371	1	0.778504
287	257	47.169274	2	49.000000	52.139848	2	1.178748
288	258	47.169274	1	49.000000	44.315031	1	1.402440
289	259	47.169274	1	49.000000	45.124620	1	0.744882
290	260	47.169274	2	49.000000	54.122405	2	3.042444
291	261	47.169274	1	49.000000	45.021189	1	0.862318
292	262	47.169274	1	49.000000	43.032531	1	3.195005
293	263	47.169274	1	49.000000	44.400969	1	1.024673
294	264	47.169274	2	49.000000	52.605955	2	1.230756
295	265	47.169274	2	49.000000	51.195986	1	1.612454
296	266	47.169274	2	49.000000	48.615751	1	3.098737
297	267	47.169274	1	49.000000	43.871227	1	0.844330
298	268	47.169274	1	49.000000	44.474544	1	2.193861
299	269	47.169274	2	49.000000	54.631615	2	1.392337
300	270	47.169274	2	49.000000	50.199401	2	1.879369
301	271	47.169274	2	49.000000	53.475396	1	1.290684
302	272	47.169274	2	49.000000	53.161716	2	1.253864
303	273	47.169274	2	49.000000	53.407068	1	0.858285
304	274	47.169274	1	49.000000	43.499236	1	1.015053
305	275	47.169274	1	49.000000	43.818324	4	6.613692
306	276	47.169274	2	49.000000	55.181254	1	0.469254
307	277	47.169274	2	49.000000	52.070451	1	0.729577
308	278	47.169274	1	49.000000	42.313685	1	0.675850
309	279	47.169274	2	49.000000	54.426853	2	1.167959
310	280	47.169274	2	49.000000	51.443078	1	1.567882
311	281	47.169274	2	49.000000	52.277512	1	1.185600
312	282	47.169274	2	49.000000	50.750606	2	1.286625
313	283	47.169274	2	49.000000	53.765688	4	7.025618
314	284	47.169274	2	49.000000	54.005990	1	0.784222
315	285	47.169274	2	49.000000	51.093341	1	1.975687
316	286	47.169274	1	49.000000	44.108595	1	0.639029
317	287	47.169274	1	49.000000	45.679624	1	0.860533
318	288	47.169274	2	49.000000	50.434063	2	1.297485
319	289	47.169274	2	49.000000	52.674663	1	0.980389
320	290	47.169274	1	49.000000	45.287420	1	0.660479
321	291	47.169274	1	49.000000	43.522940	1	0.777256
322	292	47.169274	1	49.000000	42.386152	2	1.611479
323	293	47.169274	1	49.000000	44.860221	1	0.791882
324	294	47.169274	2	49.000000	48.899550	1	1.831287
325	295	47.169274	2	49.000000	51.037469	2	1.244632
326	296	47.169274	1	49.000000	45.004794	1	1.097816
327	297	47.169274	1	49.000000	42.178842	1	0.701117
328	298	47.169274	1	49.000000	43.076845	2	1.087961
329	299	47.169274	2	49.000000	51.762333	1	0.811243
330	300	47.169274	2	49.000000	53.183930	2	1.609943
331	301	47.169274	1	49.000000	45.722888	1	3.312186
332	302	47.169274	1	49.000000	43.600846	1	1.649113
333	303	47.169274	2	49.000000	53.435095	1	1.717941
334	304	47.169274	1	49.000000	44.046396	2	1.207360
335	305	47.169274	2	49.000000	53.298473	1	1.157999
336	306	47.169274	1	49.000000	44.237943	1	0.982629
337	307	47.169274	1	49.000000	45.089738	1	0.725741
338	308	47.169274	1	49.000000	45.006554	1	0.767962
339	309	47.169274	1	49.000000	45.146312	1	1.032235
340	310	47.169274	1	49.000000	43.356191	1	1.582080
341	311	47.169274	1	49.000000	42.601984	1	0.957775
342	312	47.169274	1	49.000000	45.400432	1	1.166555
343	313	47.169274	1	49.000000	44.263699	1	0.982228
344	314	47.169274	1	49.000000	44.179679	1	1.766320
345	315	47.169274	1	49.000000	43.577482	1	1.173663
346	316	47.169274	2	49.000000	48.633721	1	1.173543
347	317	47.169274	2	49.000000	50.689391	2	1.125364
348	318	47.169274	2	49.000000	49.112472	1	2.215396
349	319	47.169274	1	49.000000	43.568058	1	2.861016
350	320	47.169274	1	49.000000	43.179976	1	0.904451
351	321	47.169274	1	49.000000	42.966693	1	0.571075
352	322	47.169274	2	49.000000	48.843888	2	1.435492
353	323	47.169274	1	49.000000	43.069552	1	1.688355
354	324	47.169274	2	49.000000	48.675239	2	1.835300
355	325	47.169274	2	49.000000	55.427827	2	1.807899
356	326	47.169274	1	49.000000	44.718298	1	1.349758
357	327	47.169274	1	49.000000	44.603523	1	0.830665
358	328	47.169274	2	49.000000	50.958286	2	0.932510
359	329	47.169274	2	49.000000	50.274224	1	1.829802
360	330	47.169274	1	49.000000	43.315865	1	0.923278
361	1	34.961069	2	35.000000	38.978435	1	1.049940
362	2	34.961069	2	35.000000	41.625430	1	1.310624
363	3	34.961069	2	35.000000	40.722601	2	1.801170
364	4	34.961069	2	35.000000	37.476129	2	0.735062
365	5	34.961069	2	35.000000	37.831018	1	1.688511
366	6	34.961069	2	35.000000	38.969972	1	1.731435
367	7	34.961069	1	35.000000	29.609375	1	0.909041
368	8	34.961069	1	35.000000	33.128627	1	0.903589
369	9	34.961069	1	35.000000	28.812026	2	1.194246
370	10	34.961069	1	35.000000	30.166215	1	0.857677
371	11	34.961069	2	35.000000	40.745580	1	1.550387
372	12	34.961069	2	35.000000	38.399117	2	1.190422
373	13	34.961069	1	35.000000	28.778414	2	1.445793
374	14	34.961069	1	35.000000	29.746855	1	1.498829
375	15	34.961069	2	35.000000	37.215615	1	0.885895
376	16	34.961069	1	35.000000	31.215942	1	1.361353
377	17	34.961069	2	35.000000	36.488292	1	0.803513
378	18	34.961069	1	35.000000	28.051633	1	0.432514
379	19	34.961069	1	35.000000	30.650495	2	0.470182
380	20	34.961069	1	35.000000	32.556795	1	0.402451
381	21	34.961069	1	35.000000	28.435034	1	0.433688
382	22	34.961069	1	35.000000	30.136696	1	0.759466
383	23	34.961069	1	35.000000	30.321432	1	0.504328
384	24	34.961069	2	35.000000	40.432811	1	0.635243
385	25	34.961069	2	35.000000	36.852029	1	1.088930
386	26	34.961069	2	35.000000	39.797406	1	0.900226
387	27	34.961069	2	35.000000	40.679733	2	0.606867
388	28	34.961069	2	35.000000	38.138584	2	0.493907
389	29	34.961069	1	35.000000	28.479222	2	1.191549
390	30	34.961069	2	35.000000	40.560737	1	1.096791
391	31	34.961069	2	35.000000	37.361845	1	0.980220
392	32	34.961069	1	35.000000	32.940255	1	0.532217
393	33	34.961069	2	35.000000	36.915214	1	0.357765
394	34	34.961069	1	35.000000	31.079256	1	0.558873
395	35	34.961069	1	35.000000	30.171108	1	0.335744
396	36	34.961069	1	35.000000	30.338116	1	0.425597
397	37	34.961069	2	35.000000	41.059797	1	0.392268
398	38	34.961069	1	35.000000	31.574788	1	0.952019
399	39	34.961069	1	35.000000	31.550995	1	2.104797
400	40	34.961069	2	35.000000	41.337037	1	0.538507
401	41	34.961069	2	35.000000	39.944778	1	0.460197
402	42	34.961069	1	35.000000	31.391451	1	0.577312
403	43	34.961069	1	35.000000	30.900424	1	0.875361
404	44	34.961069	1	35.000000	29.600436	1	0.973796
405	45	34.961069	2	35.000000	39.770179	2	0.917693
406	46	34.961069	2	35.000000	39.264270	1	1.111859
407	47	34.961069	2	35.000000	41.553800	1	1.210485
408	48	34.961069	2	35.000000	36.482941	1	0.864899
409	49	34.961069	2	35.000000	37.971585	2	0.509656
410	50	34.961069	1	35.000000	30.154055	2	0.520721
411	51	34.961069	2	35.000000	37.097246	1	1.386858
412	52	34.961069	1	35.000000	33.101679	1	0.274035
413	53	34.961069	2	35.000000	37.178674	1	1.854667
414	54	34.961069	2	35.000000	40.239728	2	1.074632
415	55	34.961069	1	35.000000	31.270297	2	0.734645
416	56	34.961069	1	35.000000	33.310626	1	1.864091
417	57	34.961069	1	35.000000	31.673094	1	0.573105
418	58	34.961069	1	35.000000	29.716839	1	1.356606
419	59	34.961069	1	35.000000	33.307453	1	0.540907
420	60	34.961069	1	35.000000	28.850178	1	0.638602
421	61	34.961069	1	35.000000	31.965970	1	0.484120
422	62	34.961069	1	35.000000	29.395622	1	0.551851
423	63	34.961069	2	35.000000	41.379214	2	1.336886
424	64	34.961069	2	35.000000	41.813607	2	1.411790
425	65	34.961069	2	35.000000	41.217905	2	0.928320
426	66	34.961069	1	35.000000	33.389754	1	1.074375
427	67	34.961069	1	35.000000	29.710178	1	0.606263
428	1	22.031940	2	21.000000	25.293508	1	1.052693
429	2	22.031940	2	21.000000	26.131895	1	0.563254
430	3	22.031940	1	21.000000	15.435490	1	0.715293
431	4	22.031940	2	21.000000	26.718761	2	1.125428
432	5	22.031940	1	21.000000	18.663454	2	1.143257
433	6	22.031940	2	21.000000	27.915362	1	1.096485
434	7	22.031940	2	21.000000	27.452721	2	1.043740
435	8	22.031940	2	21.000000	26.563040	2	0.721105
436	9	22.031940	1	21.000000	14.568161	1	0.891222
437	10	22.031940	2	21.000000	23.935167	2	0.974776
438	11	22.031940	2	21.000000	25.697469	2	0.902793
439	12	22.031940	1	21.000000	17.155966	2	0.890650
440	13	22.031940	1	21.000000	15.100382	2	0.828817
441	14	22.031940	2	21.000000	23.523911	2	2.146932
442	15	22.031940	2	21.000000	23.660200	2	0.555462
443	16	22.031940	1	21.000000	18.159554	1	0.956527
444	17	22.031940	1	21.000000	14.896682	2	0.973077
445	18	22.031940	1	21.000000	14.919864	2	0.805219
446	19	22.031940	1	21.000000	14.097850	1	0.740122
447	20	22.031940	2	21.000000	27.792253	1	0.773137
448	21	22.031940	2	21.000000	24.060350	1	0.597559
449	22	22.031940	2	21.000000	27.363959	2	0.605390
