1	1	47.767298	2	51.229017	49.000000	1	0.728712
2	2	47.767298	2	51.863161	49.000000	2	0.906863
3	3	47.767298	1	44.730476	49.000000	2	0.789137
4	4	47.767298	1	42.741744	49.000000	2	4.300490
5	5	47.767298	1	45.375775	49.000000	1	2.308653
6	6	47.767298	2	55.245908	49.000000	1	1.742118
7	7	47.767298	2	54.601576	49.000000	2	0.950592
8	8	47.767298	1	43.935066	49.000000	1	1.934958
9	9	47.767298	1	44.726152	49.000000	1	0.975495
10	10	47.767298	1	42.255494	49.000000	1	0.695067
11	11	47.767298	2	51.806973	49.000000	2	0.882525
12	12	47.767298	2	50.713293	49.000000	2	0.829474
13	13	47.767298	2	49.542181	49.000000	2	1.251379
14	14	47.767298	1	42.956155	49.000000	2	0.759541
15	15	47.767298	1	42.400336	49.000000	1	1.456336
16	16	47.767298	2	49.612155	49.000000	2	1.028214
17	17	47.767298	1	44.382721	49.000000	1	1.545763
18	18	47.767298	2	52.627294	49.000000	2	1.322706
19	19	47.767298	1	44.301724	49.000000	1	0.731952
20	20	47.767298	1	45.247730	49.000000	1	0.781890
21	1	64.491776	1	57.931625	63.000000	2	3.383036
22	2	64.491776	1	58.764174	63.000000	1	0.693059
23	3	64.491776	2	68.058007	63.000000	1	0.832471
24	4	64.491776	2	69.243040	63.000000	2	0.685471
25	5	64.491776	1	56.378805	63.000000	1	1.256813
26	6	64.491776	1	57.630115	63.000000	2	0.781001
27	7	64.491776	1	59.875059	63.000000	1	0.652943
28	8	64.491776	2	66.452516	63.000000	2	1.025632
29	9	64.491776	1	59.684529	63.000000	1	2.599152
30	10	64.491776	1	59.383942	63.000000	2	2.533007
31	11	64.491776	2	67.201615	63.000000	2	1.005585
32	12	64.491776	2	68.870661	63.000000	2	0.955834
33	13	64.491776	2	67.030084	63.000000	2	0.732397
34	14	64.491776	1	61.722175	63.000000	2	1.237631
35	15	64.491776	1	56.889061	63.000000	2	2.858474
36	16	64.491776	1	56.855021	63.000000	1	0.573274
37	17	64.491776	2	66.221940	63.000000	2	1.269478
38	18	64.491776	2	69.032999	63.000000	4	7.352997
39	19	64.491776	2	66.780297	63.000000	2	0.929237
40	20	64.491776	2	67.761849	63.000000	2	0.586942
41	21	64.491776	2	68.965660	63.000000	2	0.810406
42	22	64.491776	2	67.967222	63.000000	2	1.216982
43	23	64.491776	2	69.676485	63.000000	2	0.838343
44	24	64.491776	2	68.515719	63.000000	2	1.259706
45	25	64.491776	2	69.330053	63.000000	2	3.039922
46	26	64.491776	1	57.751545	63.000000	1	0.963394
47	27	64.491776	2	68.418051	63.000000	2	1.035771
48	28	64.491776	1	57.279795	63.000000	1	0.736672
49	29	64.491776	1	62.959940	63.000000	2	1.089953
50	1	17.512498	1	15.501856	21.000000	1	2.581921
51	2	17.512498	2	20.424330	21.000000	1	0.964233
52	3	17.512498	2	19.972188	21.000000	1	2.468961
53	4	17.512498	1	15.251459	21.000000	2	0.903312
54	5	17.512498	2	22.581203	21.000000	2	0.873746
55	6	17.512498	2	24.080790	21.000000	1	1.685431
56	7	17.512498	1	14.661804	21.000000	1	2.960082
57	8	17.512498	2	26.818343	21.000000	2	0.886902
58	9	17.512498	1	15.040291	21.000000	1	0.954058
59	10	17.512498	2	24.547612	21.000000	2	0.890383
60	11	17.512498	1	14.837622	21.000000	1	3.245551
61	12	17.512498	2	24.066598	21.000000	2	0.784863
62	13	17.512498	1	15.405840	21.000000	1	1.832151
63	14	17.512498	2	25.778494	21.000000	2	0.749219
64	15	17.512498	1	15.711714	21.000000	1	0.909762
65	16	17.512498	2	21.913460	21.000000	2	0.776185
66	17	17.512498	1	14.245411	21.000000	1	0.927990
67	18	17.512498	2	24.450704	21.000000	2	0.705686
68	1	74.617676	2	80.336730	77.000000	2	1.162769
69	2	74.617676	2	77.730467	77.000000	2	0.795035
70	3	74.617676	2	76.237081	77.000000	2	0.722251
71	4	74.617676	1	70.860387	77.000000	2	0.724137
72	5	74.617676	2	77.375824	77.000000	2	0.438104
73	6	74.617676	1	70.151586	77.000000	1	0.539557
74	7	74.617676	1	71.890828	77.000000	2	0.685061
75	8	74.617676	2	79.550026	77.000000	2	0.480214
76	9	74.617676	2	82.201586	77.000000	2	0.948358
77	10	74.617676	2	83.017812	77.000000	2	0.725497
78	11	74.617676	1	71.442067	77.000000	1	1.007498
79	12	74.617676	1	72.314462	77.000000	2	1.509911
80	13	74.617676	1	72.611397	77.000000	1	1.295923
81	14	74.617676	2	81.912136	77.000000	2	0.778614
82	15	74.617676	1	71.659744	77.000000	1	0.642538
83	16	74.617676	2	81.165591	77.000000	1	0.719891
84	17	74.617676	1	70.089144	77.000000	1	0.770006
85	18	74.617676	1	72.937217	77.000000	1	0.889849
86	19	74.617676	1	72.169850	77.000000	1	0.892829
87	20	74.617676	2	78.407342	77.000000	1	0.664078
88	21	74.617676	1	72.752164	77.000000	1	0.596810
89	22	74.617676	2	76.483394	77.000000	2	0.875612
90	23	74.617676	2	82.042513	77.000000	2	0.831797
91	24	74.617676	1	70.701106	77.000000	2	4.613857
92	25	74.617676	1	73.100286	77.000000	1	2.057377
93	26	74.617676	2	79.362034	77.000000	1	0.716897
94	27	74.617676	2	83.645867	77.000000	1	1.366612
95	28	74.617676	1	70.090445	77.000000	2	0.646105
96	29	74.617676	1	70.107661	77.000000	1	0.739531
97	30	74.617676	1	70.002389	77.000000	1	0.788886
98	31	74.617676	1	72.674356	77.000000	1	1.724185
99	32	74.617676	1	72.638723	77.000000	1	0.925066
100	33	74.617676	1	70.398672	77.000000	1	0.726982
101	34	74.617676	2	79.976811	77.000000	2	0.825030
102	35	74.617676	2	77.112641	77.000000	1	1.214839
103	36	74.617676	2	79.957167	77.000000	2	0.964877
104	37	74.617676	2	77.594578	77.000000	2	0.717376
105	38	74.617676	2	76.031358	77.000000	1	0.791314
106	39	74.617676	2	79.062449	77.000000	2	0.662690
107	40	74.617676	2	83.290244	77.000000	2	0.699215
108	41	74.617676	2	82.534105	77.000000	1	0.757990
109	42	74.617676	2	78.483504	77.000000	2	1.478432
110	43	74.617676	1	70.811924	77.000000	2	0.777694
111	44	74.617676	1	72.969288	77.000000	1	0.641610
112	45	74.617676	1	71.176930	77.000000	1	0.943067
113	46	74.617676	1	70.914443	77.000000	1	0.736315
114	47	74.617676	2	81.181515	77.000000	2	0.649398
115	48	74.617676	2	78.771568	77.000000	2	0.854065
116	49	74.617676	2	82.907815	77.000000	2	2.546614
117	50	74.617676	2	81.635204	77.000000	1	1.594623
118	51	74.617676	1	72.603408	77.000000	2	1.593016
119	52	74.617676	1	72.905471	77.000000	1	0.599644
120	53	74.617676	1	72.807082	77.000000	1	1.390318
121	54	74.617676	1	73.071790	77.000000	1	0.964947
122	55	74.617676	1	72.375488	77.000000	2	1.413263
123	56	74.617676	1	70.875957	77.000000	2	0.971533
124	57	74.617676	1	71.690917	77.000000	1	0.499250
125	58	74.617676	2	81.885613	77.000000	1	0.382089
126	59	74.617676	2	79.154508	77.000000	2	0.797710
127	60	74.617676	2	81.179978	77.000000	2	0.484833
128	61	74.617676	2	77.850151	77.000000	1	1.448238
129	62	74.617676	1	70.582638	77.000000	2	0.709003
130	63	74.617676	1	70.222132	77.000000	1	0.887485
131	64	74.617676	2	82.138675	77.000000	2	1.010740
132	65	74.617676	1	71.566647	77.000000	2	0.633310
133	66	74.617676	1	71.066451	77.000000	1	0.838419
134	67	74.617676	2	82.171818	77.000000	2	0.595729
135	68	74.617676	1	70.742163	77.000000	2	0.715167
136	69	74.617676	1	71.836811	77.000000	1	0.853794
137	70	74.617676	1	72.550144	77.000000	1	1.282380
138	71	74.617676	1	71.412239	77.000000	1	0.773752
139	72	74.617676	2	81.048818	77.000000	2	0.637563
140	73	74.617676	2	80.907713	77.000000	2	0.539110
141	74	74.617676	2	82.079805	77.000000	2	0.660438
142	75	74.617676	1	70.367905	77.000000	1	0.680990
143	76	74.617676	1	72.638618	77.000000	1	1.221066
144	77	74.617676	2	79.504213	77.000000	2	0.706518
145	78	74.617676	2	77.801463	77.000000	2	1.221306
146	79	74.617676	2	80.085294	77.000000	2	0.626715
147	1	94.406249	1	89.743546	91.000000	2	1.288972
148	2	94.406249	1	88.599044	91.000000	1	0.795854
149	3	94.406249	1	85.912072	91.000000	1	0.683012
150	4	94.406249	2	96.550534	91.000000	2	0.582150
151	5	94.406249	2	97.706008	91.000000	2	0.589574
152	6	94.406249	1	85.452941	91.000000	1	0.717005
153	7	94.406249	1	86.466093	91.000000	2	0.551028
154	8	94.406249	1	91.128723	91.000000	2	0.703534
155	9	94.406249	1	90.936592	91.000000	2	0.778244
156	10	94.406249	1	91.529671	91.000000	1	0.794269
157	11	94.406249	2	97.565950	91.000000	2	0.849466
158	12	94.406249	1	87.052568	91.000000	1	0.805903
159	13	94.406249	1	87.669631	91.000000	1	0.828457
160	14	94.406249	2	96.398794	91.000000	2	0.626425
161	15	94.406249	1	85.461184	91.000000	1	0.640569
162	16	94.406249	2	96.340201	91.000000	2	0.629773
163	17	94.406249	2	96.952866	91.000000	2	0.779784
164	18	94.406249	2	97.950071	91.000000	2	0.587737
165	19	94.406249	1	86.619150	91.000000	1	0.731187
166	20	94.406249	2	97.141399	91.000000	2	0.685043
167	21	94.406249	1	92.704422	91.000000	2	0.880454
168	22	94.406249	1	85.642471	91.000000	1	0.812138
169	1	10.425714	2	12.790578	7.000000	1	2.286255
170	2	10.425714	1	7.255548	7.000000	2	0.920079
171	3	10.425714	1	2.955217	7.000000	1	1.345915
172	4	10.425714	1	8.403689	7.000000	1	0.722773
173	5	10.425714	2	13.911122	7.000000	1	0.916626
174	6	10.425714	2	13.749661	7.000000	1	0.526585
175	7	10.425714	2	13.955931	7.000000	2	0.744536
176	8	10.425714	1	3.482145	7.000000	1	1.033781
177	9	10.425714	2	12.679122	7.000000	1	1.118920
178	10	10.425714	2	12.942389	7.000000	2	0.880438
179	11	10.425714	1	8.569367	7.000000	2	1.397382
180	12	10.425714	1	2.478844	7.000000	1	0.899119
181	13	10.425714	1	6.290995	7.000000	1	1.157427
182	14	10.425714	1	3.835828	7.000000	1	0.725682
183	15	10.425714	1	7.923219	7.000000	1	1.495665
184	16	10.425714	1	7.481266	7.000000	1	1.082447
185	17	10.425714	2	13.445477	7.000000	2	0.638158
186	18	10.425714	2	11.945343	7.000000	1	0.547145
187	19	10.425714	1	3.208570	7.000000	1	0.764820
188	20	10.425714	2	12.534460	7.000000	2	0.949425
189	21	10.425714	1	8.186679	7.000000	1	1.885817
190	22	10.425714	1	6.131809	7.000000	1	0.760114
191	23	10.425714	1	5.457907	7.000000	1	1.200637
192	24	10.425714	2	13.866893	7.000000	2	0.998927
193	25	10.425714	2	13.882957	7.000000	2	0.725891
194	1	34.994286	1	29.463983	35.000000	2	0.818486
195	2	34.994286	2	37.796601	35.000000	2	0.712488
196	3	34.994286	2	39.909724	35.000000	1	0.491187
197	4	34.994286	2	39.217547	35.000000	1	0.894639
198	5	34.994286	1	29.435820	35.000000	1	0.873780
199	6	34.994286	2	38.371630	35.000000	2	1.261593
200	7	34.994286	1	30.126298	35.000000	1	0.601909
201	8	34.994286	1	29.615638	35.000000	2	0.744576
202	9	34.994286	1	28.945950	35.000000	1	0.857664
203	10	34.994286	2	37.319595	35.000000	2	2.750227
204	11	34.994286	1	32.415421	35.000000	2	0.797331
205	12	34.994286	2	36.619631	35.000000	2	0.876552
206	13	34.994286	1	28.475012	35.000000	1	1.648333
207	14	34.994286	2	38.460787	35.000000	2	0.764943
208	15	34.994286	2	40.401508	35.000000	2	0.949534
209	16	34.994286	2	39.994506	35.000000	2	1.157812
210	17	34.994286	1	31.887599	35.000000	2	1.110396
211	18	34.994286	2	41.295786	35.000000	2	2.072307
212	19	34.994286	2	38.242667	35.000000	2	0.883449
213	20	34.994286	2	40.949940	35.000000	2	0.886504
214	21	34.994286	1	33.396078	35.000000	1	0.577438
215	22	34.994286	2	39.065796	35.000000	2	0.889776
216	23	34.994286	1	30.160692	35.000000	1	1.028917
217	24	34.994286	2	36.524204	35.000000	2	1.034511
218	25	34.994286	2	36.777403	35.000000	2	2.655568
219	1	76.251168	1	77.000000	72.926128	2	1.032776
220	2	76.251168	1	77.000000	73.971226	1	1.357890
221	3	76.251168	1	77.000000	71.517355	2	1.245888
222	4	76.251168	2	77.000000	78.882725	1	0.714714
223	5	76.251168	1	77.000000	74.809628	2	0.645397
224	6	76.251168	1	77.000000	74.553512	2	0.938715
225	7	76.251168	2	77.000000	80.722700	2	0.779806
226	8	76.251168	1	77.000000	70.559417	1	0.811660
227	9	76.251168	2	77.000000	79.741478	1	0.930252
228	10	76.251168	1	77.000000	70.749509	1	4.148139
229	11	76.251168	2	77.000000	79.560615	2	1.010523
230	12	76.251168	1	77.000000	74.201538	1	2.192780
231	13	76.251168	2	77.000000	83.904481	2	0.751122
232	14	76.251168	2	77.000000	80.038034	1	0.943766
233	15	76.251168	2	77.000000	82.338280	2	1.056748
234	16	76.251168	1	77.000000	70.871626	1	0.796991
235	17	76.251168	1	77.000000	73.354821	2	0.612375
236	18	76.251168	2	77.000000	80.009713	1	0.738992
237	19	76.251168	1	77.000000	72.376678	1	1.948082
238	20	76.251168	1	77.000000	73.152465	2	1.748744
239	21	76.251168	1	77.000000	72.267446	1	0.606456
240	22	76.251168	2	77.000000	78.663798	2	0.715817
241	23	76.251168	1	77.000000	74.378602	1	0.917773
242	24	76.251168	1	77.000000	72.292567	2	0.647395
243	25	76.251168	1	77.000000	71.465436	1	0.700934
244	26	76.251168	2	77.000000	80.354459	1	0.431497
245	27	76.251168	2	77.000000	80.338177	1	0.653562
246	28	76.251168	1	77.000000	70.331426	1	2.058396
247	29	76.251168	1	77.000000	70.837615	1	1.885917
248	30	76.251168	2	77.000000	82.833157	2	0.880173
249	31	76.251168	1	77.000000	71.300546	1	0.756116
250	32	76.251168	2	77.000000	81.819432	2	0.692556
251	33	76.251168	1	77.000000	70.383103	1	1.319945
252	34	76.251168	1	77.000000	70.919264	1	0.673379
253	35	76.251168	2	77.000000	82.454308	2	0.957335
254	36	76.251168	1	77.000000	70.417626	1	0.861809
255	37	76.251168	1	77.000000	73.603957	2	1.682417
256	38	76.251168	2	77.000000	81.865627	2	1.213550
257	39	76.251168	1	77.000000	73.965831	1	0.731580
258	40	76.251168	1	77.000000	71.257688	1	0.676988
259	1	93.273532	1	91.000000	89.643292	2	1.235389
260	2	93.273532	2	91.000000	96.684291	2	0.672060
261	3	93.273532	2	91.000000	95.063101	1	0.820041
262	4	93.273532	2	91.000000	95.537938	2	0.969927
263	5	93.273532	1	91.000000	86.933989	1	0.681771
264	6	93.273532	1	91.000000	85.821631	1	0.837938
265	7	93.273532	2	91.000000	96.950886	2	0.634966
266	8	93.273532	2	91.000000	97.313980	1	0.656207
267	9	93.273532	2	91.000000	95.472326	2	0.949182
268	10	93.273532	1	91.000000	85.594253	2	0.534059
269	11	93.273532	1	91.000000	89.556298	1	0.759663
270	12	93.273532	2	91.000000	95.530353	1	3.920114
271	13	93.273532	1	91.000000	89.683541	2	0.895694
272	14	93.273532	2	91.000000	96.540246	2	1.738578
273	15	93.273532	1	91.000000	86.824539	1	1.387174
274	16	93.273532	2	91.000000	96.897409	2	0.609750
275	17	93.273532	1	91.000000	87.443679	1	0.968473
276	18	93.273532	2	91.000000	95.677924	2	0.456220
277	19	93.273532	1	91.000000	91.256030	2	0.797009
278	20	93.273532	1	91.000000	90.793103	2	0.596436
279	21	93.273532	2	91.000000	97.693582	2	0.675665
280	22	93.273532	2	91.000000	97.530710	2	1.695818
281	23	93.273532	2	91.000000	95.382211	2	0.651388
282	24	93.273532	1	91.000000	90.697755	1	0.862802
283	25	93.273532	2	91.000000	96.265437	2	0.723353
284	26	93.273532	1	91.000000	87.051083	1	1.397340
285	27	93.273532	2	91.000000	95.832055	2	0.587928
286	28	93.273532	2	91.000000	96.679948	2	0.587423
287	29	93.273532	1	91.000000	88.771085	2	0.714870
288	30	93.273532	1	91.000000	91.010046	1	0.638794
289	31	93.273532	1	91.000000	84.426023	2	1.338786
290	32	93.273532	1	91.000000	86.373602	2	3.067667
291	33	93.273532	1	91.000000	88.853145	2	0.861732
292	34	93.273532	1	91.000000	85.885006	1	0.962322
293	35	93.273532	1	91.000000	85.746945	1	2.450415
294	36	93.273532	2	91.000000	97.189310	2	4.925707
295	37	93.273532	2	91.000000	96.276083	2	0.740309
296	38	93.273532	2	91.000000	96.362588	2	0.725681
297	39	93.273532	1	91.000000	85.755883	1	0.655677
298	40	93.273532	1	91.000000	86.428492	2	0.756115
299	41	93.273532	2	91.000000	94.852703	2	3.084793
300	42	93.273532	1	91.000000	86.827240	1	0.614246
301	43	93.273532	1	91.000000	90.924382	2	0.868998
302	44	93.273532	2	91.000000	95.792963	2	0.864798
303	45	93.273532	1	91.000000	91.390021	3	1.133196
304	46	93.273532	1	91.000000	87.425599	1	3.035191
305	47	93.273532	1	91.000000	88.975138	2	0.710543
306	48	93.273532	1	91.000000	88.277858	1	1.305214
307	49	93.273532	2	91.000000	97.049829	1	1.891307
308	50	93.273532	1	91.000000	90.183115	2	0.613857
309	51	93.273532	1	91.000000	90.170386	1	0.572619
310	52	93.273532	2	91.000000	95.099258	2	3.428929
311	53	93.273532	2	91.000000	96.132715	1	1.552301
312	54	93.273532	1	91.000000	89.855529	2	1.976295
313	55	93.273532	1	91.000000	91.074914	1	1.199213
314	56	93.273532	1	91.000000	86.015892	2	3.245489
315	57	93.273532	1	91.000000	87.157822	1	2.816603
316	58	93.273532	1	91.000000	91.649871	2	1.341645
317	59	93.273532	2	91.000000	97.217417	2	0.910383
318	60	93.273532	2	91.000000	95.658577	2	3.056918
319	61	93.273532	1	91.000000	88.792023	1	1.179718
320	62	93.273532	2	91.000000	95.204623	2	0.803345
321	63	93.273532	1	91.000000	85.105434	1	1.321654
322	64	93.273532	1	91.000000	91.194871	2	1.123174
323	65	93.273532	2	91.000000	95.464753	2	1.124913
324	66	93.273532	2	91.000000	96.616750	2	1.126327
325	67	93.273532	2	91.000000	97.239582	2	1.968175
326	68	93.273532	1	91.000000	91.780277	2	2.031020
327	69	93.273532	2	91.000000	96.746066	2	3.571903
328	70	93.273532	1	91.000000	91.587814	3	2.777496
329	71	93.273532	1	91.000000	87.771615	2	1.276320
330	72	93.273532	2	91.000000	96.394019	1	2.399784
331	73	93.273532	2	91.000000	97.162586	2	1.557044
332	74	93.273532	1	91.000000	84.394651	1	0.860888
333	75	93.273532	1	91.000000	85.055124	1	1.473510
334	76	93.273532	2	91.000000	97.662076	2	1.068884
335	77	93.273532	2	91.000000	97.860216	2	1.248354
336	78	93.273532	2	91.000000	95.331224	2	1.013404
337	79	93.273532	2	91.000000	96.630776	1	0.867727
338	80	93.273532	2	91.000000	97.614436	2	0.967520
339	81	93.273532	2	91.000000	95.413419	2	1.399197
340	82	93.273532	1	91.000000	86.997132	1	2.909494
341	83	93.273532	1	91.000000	85.985923	1	1.126192
342	84	93.273532	1	91.000000	88.325730	2	1.040009
343	85	93.273532	1	91.000000	89.181902	1	3.428811
344	86	93.273532	2	91.000000	96.874151	2	0.577726
345	87	93.273532	1	91.000000	89.943151	1	1.584709
346	88	93.273532	1	91.000000	90.472554	1	0.839346
347	89	93.273532	1	91.000000	87.876450	1	0.580398
348	90	93.273532	1	91.000000	90.758451	1	0.652487
349	91	93.273532	1	91.000000	91.767194	1	0.801170
350	92	93.273532	2	91.000000	96.390467	1	1.535789
351	93	93.273532	1	91.000000	86.404406	1	1.744304
352	94	93.273532	2	91.000000	95.194171	2	0.720843
353	95	93.273532	1	91.000000	88.987944	1	0.674717
354	96	93.273532	1	91.000000	91.227473	1	1.310694
355	97	93.273532	2	91.000000	96.539493	2	0.736749
356	98	93.273532	2	91.000000	97.355941	1	0.786111
357	99	93.273532	1	91.000000	84.691366	1	1.409362
358	100	93.273532	1	91.000000	85.076626	1	3.991302
359	101	93.273532	2	91.000000	96.121474	1	3.188066
360	102	93.273532	1	91.000000	87.265768	2	0.849296
361	103	93.273532	1	91.000000	87.425355	1	0.621873
362	104	93.273532	1	91.000000	91.741854	1	0.684023
363	105	93.273532	1	91.000000	88.209351	1	0.847188
364	106	93.273532	2	91.000000	95.337119	2	0.820405
365	107	93.273532	1	91.000000	84.805911	1	2.218317
366	108	93.273532	1	91.000000	87.703724	1	0.846986
367	109	93.273532	1	91.000000	85.489492	2	1.340118
368	110	93.273532	2	91.000000	95.193364	2	1.444854
369	111	93.273532	2	91.000000	97.859609	1	1.257685
370	112	93.273532	2	91.000000	94.855631	2	0.781845
371	113	93.273532	2	91.000000	97.427964	1	0.853668
372	114	93.273532	2	91.000000	97.728037	2	1.362121
373	115	93.273532	2	91.000000	95.038593	2	0.690500
374	116	93.273532	1	91.000000	87.163588	1	1.717797
375	117	93.273532	1	91.000000	86.561924	1	2.046791
376	118	93.273532	2	91.000000	96.543344	2	2.779168
377	119	93.273532	2	91.000000	96.561371	2	1.665328
378	120	93.273532	1	91.000000	86.855772	1	1.118704
379	121	93.273532	2	91.000000	96.076359	2	1.030606
380	122	93.273532	1	91.000000	88.405556	1	4.316421
381	123	93.273532	1	91.000000	90.683656	1	1.188327
382	124	93.273532	2	91.000000	95.857662	2	0.771224
383	125	93.273532	2	91.000000	96.874678	2	3.939085
384	1	22.641949	2	21.000000	24.421422	4	5.080776
385	2	22.641949	2	21.000000	27.826499	2	0.605572
386	3	22.641949	2	21.000000	24.324243	2	0.788506
387	4	22.641949	2	21.000000	25.994637	2	0.627583
388	5	22.641949	2	21.000000	26.893252	2	0.497570
389	6	22.641949	2	21.000000	24.440901	2	0.565122
390	7	22.641949	1	21.000000	19.090578	1	1.725081
391	8	22.641949	2	21.000000	27.968679	2	1.014188
392	9	22.641949	2	21.000000	24.781554	2	1.204674
393	10	22.641949	2	21.000000	27.462349	2	0.794997
394	11	22.641949	1	21.000000	20.436288	1	0.642168
395	12	22.641949	2	21.000000	27.469157	2	0.639470
396	13	22.641949	1	21.000000	18.930389	1	0.716648
397	14	22.641949	1	21.000000	16.825634	1	0.630774
398	1	38.149985	2	35.000000	40.120040	2	4.028520
399	2	38.149985	1	35.000000	32.332567	1	0.727701
400	3	38.149985	1	35.000000	36.398635	1	0.633920
401	4	38.149985	1	35.000000	30.125010	1	0.783088
402	5	38.149985	2	35.000000	41.020633	2	0.846408
403	6	38.149985	1	35.000000	31.552232	1	0.843468
404	7	38.149985	1	35.000000	33.614297	1	0.704857
405	8	38.149985	1	35.000000	32.749234	1	0.651399
406	9	38.149985	2	35.000000	41.184169	2	1.592201
407	10	38.149985	1	35.000000	32.022590	1	0.646544
408	11	38.149985	2	35.000000	39.682819	2	0.819951
409	12	38.149985	2	35.000000	39.974792	2	0.937984
410	13	38.149985	2	35.000000	39.843334	2	0.723147
411	14	38.149985	2	35.000000	41.851168	2	0.780870
412	1	5.884393	2	7.000000	13.820524	2	3.887285
413	2	5.884393	1	7.000000	3.443148	1	0.814642
414	3	5.884393	2	7.000000	10.153543	2	0.541306
415	4	5.884393	2	7.000000	11.933293	2	0.990640
416	5	5.884393	2	7.000000	13.732159	2	0.677613
417	6	5.884393	2	7.000000	12.721753	2	0.545618
418	7	5.884393	2	7.000000	10.356252	2	0.666974
419	8	5.884393	2	7.000000	7.353818	1	1.511111
420	9	5.884393	2	7.000000	9.595591	2	0.977008
421	10	5.884393	1	7.000000	1.032155	1	0.881072
422	11	5.884393	2	7.000000	13.849625	2	1.108717
423	12	5.884393	2	7.000000	9.139815	2	0.727134
424	13	5.884393	2	7.000000	13.477293	2	1.096826
425	14	5.884393	1	7.000000	2.411619	1	0.683915
426	1	48.213130	2	49.000000	55.906296	2	3.790096
427	2	48.213130	1	49.000000	46.522256	1	0.786710
428	3	48.213130	2	49.000000	54.730350	2	0.562014
429	4	48.213130	2	49.000000	53.991251	2	1.042933
430	5	48.213130	2	49.000000	50.328058	1	1.455902
431	6	48.213130	2	49.000000	52.174936	2	0.691880
432	7	48.213130	2	49.000000	54.522092	2	0.847139
433	8	48.213130	2	49.000000	51.000354	2	0.812379
434	9	48.213130	1	49.000000	42.024808	1	1.099010
435	10	48.213130	2	49.000000	55.213308	2	2.741977
436	11	48.213130	1	49.000000	44.797703	1	1.237571
437	12	48.213130	1	49.000000	46.593517	1	0.826483
438	13	48.213130	2	49.000000	54.805691	2	0.944378
439	14	48.213130	1	49.000000	42.918298	1	0.953489
440	1	61.619094	2	63.000000	65.603323	2	1.653320
441	2	61.619094	1	63.000000	58.751663	2	0.921184
442	3	61.619094	1	63.000000	58.077127	2	1.307043
443	4	61.619094	1	63.000000	56.896110	1	0.733179
444	5	61.619094	2	63.000000	67.144193	1	1.319846
445	6	61.619094	2	63.000000	68.387882	2	0.375811
446	7	61.619094	1	63.000000	59.127796	2	1.512088
447	8	61.619094	2	63.000000	66.942556	1	0.467445
448	9	61.619094	1	63.000000	58.302103	2	0.774130
449	10	61.619094	1	63.000000	56.328643	4	13.750360
450	11	61.619094	2	63.000000	69.374025	4	6.202005
