1	1	20.479872	2	21.000000	22.852054	1	0.758764
2	2	20.479872	1	21.000000	17.125256	1	1.535752
3	3	20.479872	2	21.000000	24.850202	1	1.544731
4	4	20.479872	2	21.000000	23.549937	2	1.121508
5	5	20.479872	2	21.000000	24.434055	2	0.675386
6	6	20.479872	2	21.000000	25.448460	2	1.239579
7	7	20.479872	1	21.000000	14.955007	2	1.164884
8	8	20.479872	1	21.000000	19.077696	2	1.157340
9	9	20.479872	2	21.000000	24.295228	1	1.525708
10	10	20.479872	2	21.000000	27.697621	2	0.824551
11	11	20.479872	1	21.000000	15.908968	2	0.757624
12	12	20.479872	1	21.000000	16.782908	1	0.878569
13	13	20.479872	2	21.000000	27.976465	2	0.906412
14	14	20.479872	2	21.000000	25.469524	1	1.909479
15	15	20.479872	1	21.000000	14.154741	1	0.967251
16	16	20.479872	2	21.000000	22.835131	2	0.791331
17	17	20.479872	1	21.000000	15.521629	1	0.886796
18	18	20.479872	2	21.000000	24.862534	2	0.530258
19	19	20.479872	1	21.000000	15.867944	1	0.716775
20	20	20.479872	2	21.000000	24.416646	2	0.638812
21	21	20.479872	2	21.000000	22.608708	2	0.838294
22	22	20.479872	1	21.000000	14.040273	1	0.793836
23	23	20.479872	1	21.000000	17.543041	1	0.793501
24	24	20.479872	2	21.000000	26.070985	2	0.680870
25	25	20.479872	1	21.000000	15.395343	1	1.333250
26	1	60.061415	2	63.000000	67.023095	2	2.227880
27	2	60.061415	2	63.000000	64.443633	1	1.145157
28	3	60.061415	2	63.000000	65.499167	2	0.754250
29	4	60.061415	1	63.000000	57.750645	1	0.611185
30	5	60.061415	2	63.000000	65.385503	1	0.818231
31	6	60.061415	1	63.000000	57.527867	1	1.272237
32	7	60.061415	1	63.000000	57.325096	1	0.724135
33	8	60.061415	2	63.000000	62.038742	1	0.758273
34	9	60.061415	2	63.000000	69.934451	1	1.352971
35	10	60.061415	1	63.000000	57.113970	1	1.175416
36	11	60.061415	2	63.000000	61.990140	1	0.888896
37	12	60.061415	2	63.000000	68.309817	1	0.946635
38	13	60.061415	2	63.000000	61.749755	2	1.348244
39	14	60.061415	2	63.000000	67.083134	2	0.837206
40	15	60.061415	2	63.000000	66.626378	1	0.994631
41	16	60.061415	1	63.000000	57.473135	1	1.121982
42	17	60.061415	1	63.000000	56.319088	1	2.603950
43	18	60.061415	1	63.000000	57.382239	1	1.425333
44	19	60.061415	2	63.000000	65.241392	1	0.583068
45	20	60.061415	1	63.000000	57.839327	1	1.550746
46	21	60.061415	2	63.000000	64.165814	1	0.783019
47	22	60.061415	1	63.000000	57.534301	1	0.886514
48	23	60.061415	2	63.000000	66.153827	1	0.697900
49	24	60.061415	2	63.000000	67.371869	2	0.741447
50	25	60.061415	2	63.000000	65.971403	2	0.743010
51	26	60.061415	2	63.000000	68.050811	2	0.600446
52	27	60.061415	2	63.000000	66.836591	2	0.527534
53	28	60.061415	1	63.000000	58.617084	2	0.521801
54	29	60.061415	1	63.000000	58.147672	1	0.700251
55	30	60.061415	1	63.000000	57.814122	1	1.247220
56	31	60.061415	1	63.000000	57.798561	1	0.780256
57	32	60.061415	2	63.000000	68.909990	1	0.620380
58	33	60.061415	2	63.000000	61.871463	1	0.763178
59	34	60.061415	1	63.000000	58.276917	2	0.572847
60	35	60.061415	1	63.000000	58.000143	1	1.835806
61	36	60.061415	2	63.000000	69.660833	2	0.928454
62	37	60.061415	2	63.000000	62.100023	2	0.650684
63	38	60.061415	2	63.000000	62.750740	2	0.783600
64	39	60.061415	1	63.000000	57.060486	2	0.607064
65	40	60.061415	1	63.000000	56.265797	1	0.766006
66	41	60.061415	2	63.000000	66.832491	1	0.614224
67	42	60.061415	1	63.000000	56.393366	2	0.629133
68	43	60.061415	2	63.000000	68.891224	2	0.795314
69	44	60.061415	1	63.000000	56.609051	1	1.266961
70	45	60.061415	2	63.000000	67.275142	2	0.960515
71	46	60.061415	2	63.000000	62.015958	2	1.329243
72	47	60.061415	1	63.000000	56.021457	1	1.793134
73	48	60.061415	2	63.000000	67.752324	1	1.119943
74	49	60.061415	1	63.000000	56.209615	1	1.233935
75	50	60.061415	2	63.000000	62.897811	2	1.248733
76	51	60.061415	1	63.000000	58.483067	2	0.652161
77	52	60.061415	1	63.000000	56.519994	1	1.417036
78	53	60.061415	2	63.000000	61.787316	1	1.406703
79	54	60.061415	1	63.000000	56.250119	1	1.157172
80	55	60.061415	1	63.000000	58.168475	1	1.085627
81	56	60.061415	2	63.000000	63.163053	1	0.720747
82	57	60.061415	1	63.000000	57.851749	1	2.491325
83	58	60.061415	2	63.000000	67.149952	2	0.773397
84	59	60.061415	2	63.000000	65.757920	1	1.261359
85	60	60.061415	2	63.000000	63.853415	2	0.985991
86	61	60.061415	1	63.000000	56.473651	1	0.913304
87	62	60.061415	2	63.000000	66.312450	1	0.852217
88	63	60.061415	2	63.000000	66.954354	2	1.296757
89	64	60.061415	2	63.000000	65.275377	2	0.739747
90	65	60.061415	1	63.000000	58.303124	2	0.717421
91	66	60.061415	2	63.000000	61.519467	1	0.839562
92	67	60.061415	1	63.000000	57.953964	1	0.757057
93	68	60.061415	1	63.000000	58.443957	2	0.806056
94	69	60.061415	1	63.000000	56.349699	1	0.932859
95	70	60.061415	2	63.000000	69.316488	2	0.694257
96	71	60.061415	2	63.000000	65.250158	2	0.777611
97	72	60.061415	2	63.000000	64.086117	2	0.715667
98	73	60.061415	1	63.000000	57.535642	2	0.740868
99	74	60.061415	1	63.000000	56.045313	1	0.710330
100	75	60.061415	1	63.000000	56.682556	1	0.841173
101	76	60.061415	1	63.000000	56.102255	1	0.518715
102	77	60.061415	2	63.000000	67.777593	1	0.577075
103	78	60.061415	1	63.000000	56.695362	1	1.097417
104	79	60.061415	2	63.000000	63.877747	2	0.774391
105	80	60.061415	1	63.000000	58.150071	1	1.100670
106	81	60.061415	2	63.000000	66.908304	1	0.767410
107	82	60.061415	1	63.000000	58.600397	1	1.521386
108	83	60.061415	2	63.000000	69.031422	2	0.673161
109	84	60.061415	1	63.000000	57.335445	2	0.917338
110	85	60.061415	2	63.000000	63.507647	1	1.255462
111	86	60.061415	1	63.000000	58.150559	2	4.595983
112	87	60.061415	2	63.000000	64.477050	2	0.728450
113	88	60.061415	2	63.000000	68.874933	2	0.810827
114	89	60.061415	2	63.000000	67.971723	2	0.633704
115	90	60.061415	1	63.000000	56.353028	1	0.960935
116	91	60.061415	1	63.000000	57.147196	1	0.647890
117	92	60.061415	2	63.000000	67.030643	2	0.687974
118	93	60.061415	2	63.000000	67.386041	2	0.745112
119	94	60.061415	1	63.000000	56.544226	1	0.858641
120	95	60.061415	2	63.000000	61.518616	1	0.527349
121	96	60.061415	1	63.000000	57.918970	1	0.521657
122	97	60.061415	2	63.000000	68.182483	1	1.460169
123	98	60.061415	1	63.000000	56.160474	1	1.472451
124	99	60.061415	2	63.000000	67.651033	2	0.699899
125	100	60.061415	2	63.000000	67.442402	2	0.766797
126	101	60.061415	1	63.000000	58.280748	1	1.680390
127	102	60.061415	1	63.000000	58.288295	1	1.098529
128	103	60.061415	2	63.000000	67.781644	2	0.813837
129	104	60.061415	2	63.000000	65.718402	1	1.164647
130	105	60.061415	1	63.000000	57.066949	1	1.213207
131	106	60.061415	1	63.000000	57.140090	1	3.395801
132	107	60.061415	2	63.000000	61.528543	2	1.041179
133	108	60.061415	1	63.000000	58.399852	1	1.182537
134	109	60.061415	1	63.000000	57.812251	1	0.893605
135	110	60.061415	2	63.000000	66.595985	1	1.793078
136	111	60.061415	2	63.000000	64.224113	2	2.895825
137	112	60.061415	1	63.000000	57.893544	2	1.251519
138	113	60.061415	2	63.000000	64.289573	1	1.830147
139	114	60.061415	1	63.000000	57.702419	2	1.219706
140	115	60.061415	1	63.000000	57.259364	2	0.969379
141	116	60.061415	1	63.000000	57.589930	1	0.616985
142	117	60.061415	1	63.000000	57.226399	1	0.863815
143	118	60.061415	1	63.000000	57.119357	1	0.596581
144	119	60.061415	1	63.000000	56.718893	1	0.532233
145	120	60.061415	2	63.000000	63.829143	2	1.357933
146	121	60.061415	1	63.000000	57.987096	2	0.678283
147	122	60.061415	2	63.000000	69.057875	2	1.026620
148	123	60.061415	1	63.000000	56.809440	1	0.856363
149	124	60.061415	2	63.000000	66.448636	2	0.709207
150	125	60.061415	2	63.000000	65.451688	2	1.385622
151	126	60.061415	2	63.000000	62.617836	2	0.815330
152	127	60.061415	1	63.000000	56.184763	1	1.406113
153	128	60.061415	1	63.000000	56.343154	1	1.236326
154	129	60.061415	1	63.000000	56.666178	1	0.769432
155	1	77.730529	1	77.000000	74.615409	2	1.717843
156	2	77.730529	1	77.000000	72.470590	1	1.055515
157	3	77.730529	2	77.000000	80.547306	1	2.419982
158	4	77.730529	2	77.000000	80.703964	2	1.272863
159	5	77.730529	1	77.000000	75.253867	2	0.684706
160	6	77.730529	1	77.000000	76.198943	1	1.728264
161	7	77.730529	1	77.000000	73.344606	1	0.865703
162	8	77.730529	2	77.000000	80.958769	1	0.597813
163	9	77.730529	2	77.000000	83.206162	2	0.669530
164	10	77.730529	2	77.000000	82.202797	2	0.673684
165	11	77.730529	1	77.000000	71.941304	2	0.822059
166	12	77.730529	1	77.000000	75.145808	2	1.444183
167	13	77.730529	2	77.000000	79.519363	2	1.433248
168	14	77.730529	1	77.000000	72.618774	1	1.102107
169	15	77.730529	1	77.000000	73.144520	1	0.920665
170	16	77.730529	1	77.000000	72.964777	1	0.714831
171	17	77.730529	2	77.000000	81.333855	1	0.853636
172	18	77.730529	2	77.000000	82.170064	2	1.338415
173	19	77.730529	2	77.000000	81.874100	2	0.787558
174	20	77.730529	2	77.000000	80.293577	2	0.779113
175	21	77.730529	1	77.000000	71.769485	2	0.739188
176	22	77.730529	1	77.000000	72.061885	2	1.236666
177	23	77.730529	2	77.000000	80.779323	1	1.017753
178	24	77.730529	1	77.000000	70.104114	1	1.271858
179	25	77.730529	2	77.000000	81.367198	2	0.827695
180	26	77.730529	1	77.000000	70.141994	1	1.121773
181	27	77.730529	1	77.000000	72.533576	1	1.155559
182	28	77.730529	1	77.000000	70.986357	1	0.748320
183	29	77.730529	1	77.000000	75.778058	1	0.765673
184	30	77.730529	1	77.000000	71.288116	1	2.302016
185	31	77.730529	2	77.000000	82.576721	2	0.744304
186	32	77.730529	1	77.000000	73.448362	1	1.033296
187	33	77.730529	1	77.000000	76.094560	2	2.038372
188	34	77.730529	2	77.000000	80.020424	1	1.618928
189	35	77.730529	2	77.000000	82.323937	2	0.728423
190	36	77.730529	2	77.000000	83.953803	2	0.722708
191	37	77.730529	1	77.000000	75.265179	1	1.732696
192	38	77.730529	2	77.000000	82.871187	2	0.869625
193	39	77.730529	1	77.000000	74.897644	2	1.521726
194	40	77.730529	2	77.000000	79.822299	2	0.731468
195	41	77.730529	2	77.000000	79.648528	2	1.509670
196	42	77.730529	1	77.000000	70.252709	1	1.015862
197	43	77.730529	2	77.000000	79.539127	2	1.501909
198	44	77.730529	1	77.000000	74.617554	1	2.344156
199	45	77.730529	2	77.000000	80.780900	2	1.512425
200	46	77.730529	1	77.000000	74.469482	2	1.738612
201	47	77.730529	1	77.000000	71.440220	1	1.323413
202	48	77.730529	2	77.000000	80.248381	2	1.053127
203	49	77.730529	1	77.000000	70.796597	1	1.753955
204	50	77.730529	1	77.000000	76.003950	2	1.785949
205	51	77.730529	1	77.000000	74.858801	1	1.664678
206	52	77.730529	1	77.000000	70.401494	1	0.916747
207	53	77.730529	2	77.000000	80.948208	1	0.534909
208	54	77.730529	2	77.000000	82.600574	2	0.872500
209	55	77.730529	1	77.000000	74.969203	2	0.716725
210	56	77.730529	2	77.000000	79.637562	2	1.022903
211	57	77.730529	2	77.000000	80.585018	2	0.844993
212	58	77.730529	1	77.000000	74.211154	1	1.090380
213	59	77.730529	1	77.000000	71.532221	2	1.261568
214	60	77.730529	2	77.000000	79.280800	2	4.634168
215	61	77.730529	1	77.000000	74.380436	1	0.893440
216	62	77.730529	1	77.000000	71.697046	2	1.264722
217	63	77.730529	2	77.000000	81.591857	2	1.053146
218	64	77.730529	2	77.000000	81.522604	2	1.363729
219	65	77.730529	2	77.000000	79.849240	1	1.346107
220	66	77.730529	1	77.000000	74.473304	2	0.771301
221	67	77.730529	2	77.000000	79.964145	2	0.739379
222	68	77.730529	1	77.000000	74.129584	2	0.692912
223	69	77.730529	1	77.000000	71.126180	1	1.584474
224	70	77.730529	1	77.000000	71.096050	1	1.318664
225	71	77.730529	1	77.000000	73.598982	1	1.160354
226	72	77.730529	2	77.000000	82.163450	2	0.849112
227	73	77.730529	2	77.000000	83.942791	2	0.677837
228	74	77.730529	1	77.000000	75.518926	1	1.586016
229	75	77.730529	1	77.000000	73.027003	1	1.976893
230	76	77.730529	2	77.000000	79.225250	1	1.040149
231	77	77.730529	2	77.000000	82.689887	2	1.997636
232	78	77.730529	1	77.000000	72.685664	1	2.108089
233	79	77.730529	2	77.000000	81.744195	2	1.429864
234	80	77.730529	1	77.000000	75.554810	2	0.843597
235	81	77.730529	2	77.000000	82.510392	2	0.833163
236	82	77.730529	1	77.000000	75.402478	1	0.966506
237	83	77.730529	1	77.000000	74.857326	1	1.062560
238	84	77.730529	1	77.000000	75.634992	2	1.475266
239	85	77.730529	2	77.000000	82.153210	2	1.190688
240	86	77.730529	1	77.000000	70.035488	1	1.157977
241	87	77.730529	2	77.000000	81.344120	2	0.950521
242	88	77.730529	1	77.000000	75.091054	1	0.935265
243	89	77.730529	2	77.000000	80.702576	2	3.552594
244	90	77.730529	1	77.000000	70.729710	1	0.895287
245	91	77.730529	1	77.000000	75.204326	1	1.444100
246	92	77.730529	2	77.000000	82.108064	2	0.615831
247	93	77.730529	2	77.000000	80.361258	2	0.766067
248	94	77.730529	2	77.000000	79.538633	2	0.910129
249	1	7.103033	2	7.000000	8.667965	1	1.157222
250	2	7.103033	1	7.000000	1.125729	1	1.469725
251	3	7.103033	1	7.000000	1.030786	1	1.241400
252	4	7.103033	2	7.000000	9.302785	2	1.518489
253	5	7.103033	2	7.000000	9.114279	1	0.759928
254	6	7.103033	2	7.000000	12.743615	1	1.329043
255	7	7.103033	2	7.000000	11.100624	1	1.978624
256	8	7.103033	2	7.000000	9.938831	2	1.362046
257	9	7.103033	1	7.000000	4.947082	2	0.706494
258	10	7.103033	2	7.000000	11.783135	2	1.005329
259	11	7.103033	1	7.000000	3.428725	2	0.683973
260	12	7.103033	1	7.000000	3.761443	1	1.855553
261	13	7.103033	2	7.000000	11.628482	1	0.963585
262	14	7.103033	2	7.000000	9.895665	2	1.804187
263	15	7.103033	2	7.000000	8.521396	2	0.930342
264	16	7.103033	2	7.000000	13.988684	2	0.790278
265	17	7.103033	1	7.000000	2.969918	2	1.323983
266	18	7.103033	2	7.000000	9.847112	2	1.093508
267	19	7.103033	2	7.000000	12.277653	2	0.960911
268	20	7.103033	2	7.000000	13.257245	2	0.649452
269	21	7.103033	2	7.000000	10.853065	2	0.622386
270	22	7.103033	1	7.000000	1.461992	1	0.796823
271	23	7.103033	1	7.000000	0.969586	1	0.621966
272	24	7.103033	2	7.000000	11.919983	2	0.746353
273	25	7.103033	2	7.000000	12.589809	2	1.036078
274	26	7.103033	2	7.000000	9.109791	2	0.793399
275	27	7.103033	1	7.000000	1.899886	1	0.712952
276	1	50.764344	1	49.000000	47.297077	2	3.205615
277	2	50.764344	2	49.000000	54.895112	2	1.560968
278	3	50.764344	2	49.000000	55.791696	1	0.769237
279	4	50.764344	1	49.000000	43.384497	1	1.145497
280	5	50.764344	2	49.000000	54.787621	1	0.770536
281	6	50.764344	1	49.000000	48.589890	2	2.842812
282	7	50.764344	2	49.000000	54.541098	2	0.918556
283	8	50.764344	2	49.000000	54.305977	2	0.664804
284	9	50.764344	2	49.000000	53.405412	1	0.773562
285	10	50.764344	2	49.000000	53.275549	1	1.261759
286	11	50.764344	1	49.000000	45.697948	2	0.906278
287	12	50.764344	1	49.000000	46.811405	2	1.070823
288	13	50.764344	2	49.000000	52.909183	2	1.128868
289	14	50.764344	1	49.000000	47.804972	1	0.978817
290	15	50.764344	1	49.000000	44.184856	1	1.330894
291	16	50.764344	1	49.000000	42.035504	1	0.684730
292	17	50.764344	1	49.000000	43.095224	1	0.632257
293	18	50.764344	1	49.000000	43.763376	1	0.597947
294	19	50.764344	2	49.000000	54.117810	1	0.829564
295	20	50.764344	1	49.000000	45.855109	2	0.875528
296	21	50.764344	1	49.000000	47.861574	1	2.167704
297	22	50.764344	2	49.000000	54.468526	2	0.974731
298	23	50.764344	1	49.000000	49.363047	1	0.630871
299	24	50.764344	2	49.000000	55.233646	2	0.669155
300	25	50.764344	1	49.000000	46.095683	1	0.657467
301	26	50.764344	2	49.000000	53.272372	2	0.854175
302	27	50.764344	2	49.000000	53.965035	2	0.923070
303	28	50.764344	2	49.000000	52.451248	2	0.669213
304	29	50.764344	1	49.000000	45.649094	2	1.265503
305	30	50.764344	1	49.000000	46.423044	1	1.309917
306	31	50.764344	2	49.000000	52.678050	1	0.944276
307	32	50.764344	2	49.000000	54.045380	1	1.089736
308	33	50.764344	1	49.000000	42.730475	2	1.701032
309	34	50.764344	2	49.000000	54.331732	2	0.887073
310	35	50.764344	1	49.000000	42.115191	1	0.706529
311	36	50.764344	1	49.000000	42.361549	1	1.469366
312	37	50.764344	2	49.000000	54.706493	1	1.040974
313	38	50.764344	2	49.000000	53.600668	1	1.486266
314	39	50.764344	2	49.000000	54.764663	1	2.289401
315	40	50.764344	2	49.000000	55.837540	1	1.691716
316	41	50.764344	2	49.000000	54.081167	1	1.766441
317	42	50.764344	1	49.000000	43.356382	1	0.885748
318	43	50.764344	2	49.000000	54.055652	2	0.915627
319	44	50.764344	1	49.000000	44.573410	1	1.091355
320	45	50.764344	2	49.000000	53.286129	1	0.798539
321	46	50.764344	1	49.000000	42.908778	1	0.726094
322	47	50.764344	1	49.000000	45.386646	1	0.800190
323	48	50.764344	2	49.000000	52.802840	2	1.119219
324	49	50.764344	2	49.000000	55.320503	2	0.761008
325	50	50.764344	2	49.000000	52.891316	2	0.825910
326	51	50.764344	1	49.000000	43.327557	1	0.911906
327	52	50.764344	1	49.000000	43.055742	1	0.962771
328	53	50.764344	2	49.000000	52.864393	2	0.915331
329	54	50.764344	1	49.000000	45.939937	1	1.525395
330	55	50.764344	1	49.000000	43.535718	1	0.967008
331	1	31.830576	2	35.000000	33.947460	1	2.852517
332	2	31.830576	1	35.000000	29.387546	2	0.823829
333	3	31.830576	2	35.000000	41.982948	2	0.950009
334	4	31.830576	1	35.000000	29.967419	2	0.670705
335	5	31.830576	1	35.000000	28.348393	1	3.186922
336	6	31.830576	2	35.000000	36.939003	2	0.960501
337	7	31.830576	1	35.000000	29.561925	2	2.873172
338	8	31.830576	1	35.000000	29.307969	1	1.309243
339	9	31.830576	1	35.000000	29.141273	1	0.854298
340	10	31.830576	1	35.000000	28.830952	1	0.747030
341	11	31.830576	1	35.000000	30.259022	1	0.796462
342	12	31.830576	2	35.000000	37.789047	1	2.300205
343	13	31.830576	1	35.000000	29.002721	2	1.205858
344	14	31.830576	1	35.000000	29.982434	1	1.188228
345	15	31.830576	1	35.000000	28.778941	2	0.947364
346	16	31.830576	2	35.000000	35.514943	2	1.684649
347	17	31.830576	2	35.000000	40.566303	2	0.657411
348	18	31.830576	1	35.000000	28.040178	1	0.676571
349	19	31.830576	2	35.000000	41.727629	1	1.288795
350	20	31.830576	2	35.000000	34.924858	1	1.083992
351	21	31.830576	1	35.000000	29.892553	1	2.095188
352	22	31.830576	2	35.000000	36.340639	2	0.841586
353	23	31.830576	1	35.000000	30.386096	2	1.311258
354	24	31.830576	2	35.000000	39.870942	2	1.073641
355	25	31.830576	2	35.000000	36.172315	1	1.229642
356	26	31.830576	2	35.000000	41.697224	2	0.891397
357	27	31.830576	1	35.000000	29.681676	1	0.942670
358	28	31.830576	1	35.000000	29.350560	1	1.632248
359	29	31.830576	2	35.000000	36.164605	2	1.501634
360	30	31.830576	2	35.000000	36.786103	2	1.471853
361	31	31.830576	1	35.000000	28.190866	2	0.915634
362	32	31.830576	1	35.000000	30.162185	1	0.853824
363	33	31.830576	1	35.000000	29.764458	1	0.850440
364	34	31.830576	1	35.000000	29.968950	1	0.695322
365	35	31.830576	2	35.000000	41.654754	1	0.946863
366	36	31.830576	2	35.000000	34.754449	1	1.292221
367	37	31.830576	2	35.000000	35.304195	2	1.183352
368	38	31.830576	2	35.000000	38.298330	2	1.318386
369	39	31.830576	1	35.000000	29.599834	1	1.576169
370	40	31.830576	2	35.000000	39.252681	2	1.071776
371	41	31.830576	2	35.000000	39.641000	1	2.131801
372	42	31.830576	1	35.000000	30.326609	1	0.660883
373	43	31.830576	1	35.000000	30.404422	1	0.665783
374	44	31.830576	2	35.000000	39.484327	1	1.454052
375	45	31.830576	1	35.000000	28.067633	1	1.122420
376	46	31.830576	1	35.000000	28.618026	1	1.028220
377	47	31.830576	1	35.000000	28.782389	1	1.275275
378	48	31.830576	1	35.000000	29.627418	1	0.958030
379	49	31.830576	2	35.000000	34.508466	2	1.486862
380	50	31.830576	1	35.000000	28.359351	2	1.097717
381	51	31.830576	2	35.000000	39.097213	2	1.084993
382	52	31.830576	2	35.000000	34.336806	2	1.544316
383	53	31.830576	2	35.000000	33.372096	2	1.121193
384	54	31.830576	2	35.000000	34.902610	2	1.922913
385	55	31.830576	2	35.000000	39.181649	1	1.140298
386	56	31.830576	1	35.000000	28.142602	1	1.205559
387	57	31.830576	1	35.000000	28.247432	1	0.859926
388	58	31.830576	1	35.000000	30.080124	2	0.976730
389	59	31.830576	2	35.000000	39.311997	1	0.872764
390	60	31.830576	1	35.000000	29.024957	1	3.068897
391	61	31.830576	2	35.000000	38.393280	2	1.575312
392	62	31.830576	1	35.000000	30.271309	1	1.431047
393	63	31.830576	2	35.000000	37.655075	1	1.580670
394	64	31.830576	1	35.000000	29.921484	1	0.932218
395	65	31.830576	1	35.000000	29.916985	2	1.261710
396	66	31.830576	2	35.000000	38.822783	2	1.682067
397	67	31.830576	2	35.000000	41.903039	2	2.165484
398	68	31.830576	1	35.000000	29.600564	1	0.869444
399	69	31.830576	2	35.000000	38.758269	2	1.097413
400	70	31.830576	2	35.000000	35.552551	1	1.223553
401	71	31.830576	1	35.000000	28.122203	1	2.244515
402	72	31.830576	1	35.000000	30.371611	1	3.111041
403	73	31.830576	1	35.000000	29.949999	1	2.400051
404	74	31.830576	1	35.000000	29.784195	1	0.942263
405	75	31.830576	1	35.000000	29.700870	1	0.791612
406	76	31.830576	1	35.000000	28.049385	1	0.816865
407	77	31.830576	1	35.000000	28.650388	1	0.917877
408	78	31.830576	1	35.000000	29.459391	1	0.977741
409	79	31.830576	1	35.000000	29.874169	1	1.055894
410	1	93.262827	1	91.000000	84.374118	2	1.309526
411	2	93.262827	2	91.000000	96.108654	2	0.697772
412	3	93.262827	1	91.000000	84.424065	1	0.819510
413	4	93.262827	1	91.000000	86.184494	1	0.929428
414	5	93.262827	2	91.000000	97.432559	2	1.077795
415	6	93.262827	2	91.000000	97.919525	2	0.663683
416	7	93.262827	2	91.000000	95.161414	2	0.988383
417	8	93.262827	1	91.000000	89.073405	1	1.427909
418	9	93.262827	2	91.000000	97.837281	2	0.753650
419	10	93.262827	1	91.000000	87.002166	1	0.874564
420	11	93.262827	1	91.000000	91.500511	1	1.126508
421	12	93.262827	1	91.000000	85.652575	1	0.856660
422	13	93.262827	2	91.000000	94.818953	2	1.533367
423	14	93.262827	2	91.000000	96.783611	2	1.062228
424	1	45.635918	2	47.090491	49.000000	1	1.772743
425	2	45.635918	2	48.379764	49.000000	1	0.932091
426	3	45.635918	1	43.481395	49.000000	1	1.046328
427	4	45.635918	2	47.049407	49.000000	1	0.803368
428	5	45.635918	2	55.728391	49.000000	1	1.594438
429	6	45.635918	1	44.144964	49.000000	2	1.633660
430	7	45.635918	2	51.719143	49.000000	1	1.893982
431	8	45.635918	1	43.950517	49.000000	1	1.808825
432	9	45.635918	1	42.854981	49.000000	1	0.758915
433	10	45.635918	1	43.885432	49.000000	1	1.119630
434	11	45.635918	2	49.006769	49.000000	1	0.779267
435	12	45.635918	2	50.513810	49.000000	1	1.401695
436	13	45.635918	1	42.074239	49.000000	1	2.224058
437	14	45.635918	2	50.778460	49.000000	2	0.981124
438	15	45.635918	1	42.534647	49.000000	2	1.861110
439	16	45.635918	1	42.850925	49.000000	1	0.705362
440	17	45.635918	2	53.884784	49.000000	1	1.716093
441	18	45.635918	1	44.234228	49.000000	1	1.565459
442	19	45.635918	2	47.133621	49.000000	2	1.157552
443	20	45.635918	2	51.586981	49.000000	2	2.414364
444	21	45.635918	2	54.806127	49.000000	2	1.027903
445	22	45.635918	1	43.627064	49.000000	1	0.681866
446	23	45.635918	1	43.817804	49.000000	1	0.749392
447	24	45.635918	2	51.805804	49.000000	1	1.102434
448	25	45.635918	1	42.620457	49.000000	2	0.824826
449	26	45.635918	2	52.236137	49.000000	1	1.095071
450	27	45.635918	1	42.345085	49.000000	1	2.826208
451	28	45.635918	2	51.587005	49.000000	2	1.310958
452	29	45.635918	2	52.179045	49.000000	1	1.857284
453	30	45.635918	1	42.862348	49.000000	2	1.591025
454	31	45.635918	1	42.954750	49.000000	2	1.516079
455	32	45.635918	1	44.220209	49.000000	2	2.285860
456	33	45.635918	2	52.905195	49.000000	1	1.288178
457	34	45.635918	1	43.969412	49.000000	2	0.603338
458	35	45.635918	2	48.949704	49.000000	2	1.443873
459	36	45.635918	2	51.441209	49.000000	2	0.736344
460	37	45.635918	1	44.043846	49.000000	2	0.880673
461	38	45.635918	2	48.606463	49.000000	2	1.228848
462	39	45.635918	1	43.038095	49.000000	2	1.148573
463	40	45.635918	2	48.174319	49.000000	2	1.236099
464	41	45.635918	2	48.782550	49.000000	2	1.400852
465	42	45.635918	1	44.057769	49.000000	1	1.751342
466	43	45.635918	1	44.231878	49.000000	2	2.121152
467	44	45.635918	2	48.764545	49.000000	1	1.336661
468	45	45.635918	2	54.792259	49.000000	2	2.601731
469	46	45.635918	2	50.222936	49.000000	2	1.350945
470	47	45.635918	2	51.848197	49.000000	1	1.551533
471	48	45.635918	2	48.201787	49.000000	2	1.927814
472	49	45.635918	2	48.348573	49.000000	2	2.297141
473	50	45.635918	2	52.001389	49.000000	2	1.613016
474	51	45.635918	1	42.187640	49.000000	2	1.329804
475	52	45.635918	2	54.730612	49.000000	2	2.995405
