1	1	60.398699	1	57.900872	63.000000	1	2.279802
2	2	60.398699	1	56.526153	63.000000	2	3.690794
3	3	60.398699	2	62.453212	63.000000	1	0.964021
4	4	60.398699	1	58.485396	63.000000	1	3.124928
5	5	60.398699	2	62.709571	63.000000	2	3.814843
6	6	60.398699	1	56.970313	63.000000	1	2.633630
7	7	60.398699	1	58.105467	63.000000	1	1.941879
8	8	60.398699	2	67.039644	63.000000	2	1.542498
9	9	60.398699	2	61.990927	63.000000	1	1.799347
10	10	60.398699	2	68.303187	63.000000	2	3.629958
11	11	60.398699	2	65.382804	63.000000	1	3.402025
12	12	60.398699	1	56.168425	63.000000	1	1.006899
13	13	60.398699	1	58.721015	63.000000	1	1.781529
14	14	60.398699	1	57.181171	63.000000	2	4.460976
15	15	60.398699	2	68.379444	63.000000	1	4.886916
16	16	60.398699	1	58.991200	63.000000	1	3.975228
17	17	60.398699	2	65.030049	63.000000	4	6.069126
18	18	60.398699	2	68.504389	63.000000	1	0.882277
19	19	60.398699	1	58.631988	63.000000	1	1.621643
20	20	60.398699	1	58.404810	63.000000	1	1.491147
21	21	60.398699	2	62.056613	63.000000	1	1.054101
22	22	60.398699	1	58.361640	63.000000	1	1.466848
23	23	60.398699	1	58.137649	63.000000	2	1.656226
24	24	60.398699	2	62.619281	63.000000	1	1.210648
25	25	60.398699	2	66.532908	63.000000	1	2.209124
26	26	60.398699	1	57.824462	63.000000	1	1.406930
27	27	60.398699	1	57.888355	63.000000	1	1.325198
28	28	60.398699	1	56.743834	63.000000	2	1.678630
29	29	60.398699	1	58.272071	63.000000	1	0.962259
30	30	60.398699	2	63.379891	63.000000	1	1.347211
31	31	60.398699	2	64.533872	63.000000	1	1.796243
32	32	60.398699	1	58.197447	63.000000	1	1.618991
33	33	60.398699	2	65.729300	63.000000	2	2.064501
34	34	60.398699	1	56.038483	63.000000	2	0.717390
35	35	60.398699	2	62.370232	63.000000	1	1.302435
36	36	60.398699	2	68.043168	63.000000	1	1.312775
37	37	60.398699	2	67.950296	63.000000	2	2.139406
38	38	60.398699	2	66.225787	63.000000	2	1.899924
39	39	60.398699	2	69.973567	63.000000	1	2.277796
40	40	60.398699	1	58.450863	63.000000	1	1.640741
41	41	60.398699	1	58.682769	63.000000	1	1.765692
42	42	60.398699	1	58.794824	63.000000	2	1.975098
43	43	60.398699	1	57.173209	63.000000	2	0.150154
44	44	60.398699	1	57.109681	63.000000	1	1.582227
45	45	60.398699	1	57.722564	63.000000	2	1.557911
46	46	60.398699	2	63.061173	63.000000	1	2.046231
47	47	60.398699	2	68.619274	63.000000	2	2.706597
48	48	60.398699	2	68.048307	63.000000	2	1.764113
49	49	60.398699	2	67.686624	63.000000	2	2.516228
50	50	60.398699	2	69.590976	63.000000	2	1.821631
51	51	60.398699	1	57.787008	63.000000	1	2.635112
52	52	60.398699	2	69.353527	63.000000	2	1.374974
53	53	60.398699	2	63.924663	63.000000	2	2.742739
54	54	60.398699	1	57.322661	63.000000	1	1.926937
55	55	60.398699	2	69.797764	63.000000	2	2.016050
56	56	60.398699	1	56.758160	63.000000	1	2.878044
57	57	60.398699	2	65.507362	63.000000	2	1.664646
58	58	60.398699	1	57.543043	63.000000	1	1.284606
59	59	60.398699	1	56.518652	63.000000	2	2.193585
60	1	47.695823	1	44.266136	49.000000	1	2.570960
61	2	47.695823	2	51.408084	49.000000	2	1.673658
62	3	47.695823	1	44.120565	49.000000	1	1.429289
63	4	47.695823	2	53.884432	49.000000	2	0.058760
64	5	47.695823	2	54.538745	49.000000	1	1.872169
65	6	47.695823	2	55.577947	49.000000	1	0.083552
66	7	47.695823	1	45.423680	49.000000	2	3.279619
67	8	47.695823	2	54.029024	49.000000	1	2.793855
68	9	47.695823	2	52.903007	49.000000	1	2.447848
69	10	47.695823	2	51.259120	49.000000	2	3.868194
70	11	47.695823	1	42.688280	49.000000	2	3.853936
71	12	47.695823	1	42.823319	49.000000	1	3.080262
72	13	47.695823	1	42.297705	49.000000	1	2.650842
73	14	47.695823	1	43.992365	49.000000	2	1.742135
74	15	47.695823	2	51.762776	49.000000	2	3.007037
75	16	47.695823	1	43.281780	49.000000	1	3.595925
76	17	47.695823	2	53.112117	49.000000	2	1.369553
77	18	47.695823	1	45.464408	49.000000	1	3.609330
78	19	47.695823	2	51.157961	49.000000	2	2.013804
79	20	47.695823	2	49.891817	49.000000	1	2.435780
80	21	47.695823	1	42.385358	49.000000	1	3.183931
81	22	47.695823	1	44.045753	49.000000	2	1.853650
82	23	47.695823	2	53.471002	49.000000	2	1.818812
83	24	47.695823	1	42.719604	49.000000	1	1.822830
84	25	47.695823	1	45.531773	49.000000	1	2.869751
85	26	47.695823	1	43.533799	49.000000	1	2.135573
86	27	47.695823	2	54.995221	49.000000	1	2.663409
87	28	47.695823	2	50.443785	49.000000	2	2.938611
88	29	47.695823	1	43.975444	49.000000	1	2.594709
89	30	47.695823	2	55.703289	49.000000	1	4.464724
90	31	47.695823	1	44.779839	49.000000	1	3.786743
91	32	47.695823	1	45.182836	49.000000	1	3.072043
92	33	47.695823	1	42.409120	49.000000	1	2.092110
93	34	47.695823	2	52.650745	49.000000	2	3.732950
94	35	47.695823	2	54.025893	49.000000	1	3.012927
95	36	47.695823	1	42.268703	49.000000	1	2.602040
96	37	47.695823	1	44.536179	49.000000	1	2.871154
97	38	47.695823	2	49.772341	49.000000	1	3.282103
98	39	47.695823	2	53.251442	49.000000	1	3.636305
99	40	47.695823	1	46.284191	49.000000	2	3.239591
100	41	47.695823	1	43.242840	49.000000	1	2.643155
101	42	47.695823	2	52.764736	49.000000	1	3.455345
102	43	47.695823	2	50.911398	49.000000	2	4.090105
103	44	47.695823	1	44.665730	49.000000	1	3.179123
104	45	47.695823	2	50.316731	49.000000	1	2.553344
105	46	47.695823	2	53.653843	49.000000	2	2.080959
106	47	47.695823	2	49.942137	49.000000	1	2.788064
107	48	47.695823	1	43.257763	49.000000	2	2.817941
108	49	47.695823	1	45.825426	49.000000	2	3.278483
109	50	47.695823	2	49.950988	49.000000	2	4.281030
110	51	47.695823	1	43.418921	49.000000	2	4.504846
111	52	47.695823	1	43.867631	49.000000	1	4.466353
112	53	47.695823	2	51.362037	49.000000	1	3.852270
113	54	47.695823	1	44.232597	49.000000	2	3.990682
114	55	47.695823	2	51.518732	49.000000	2	3.324039
115	56	47.695823	1	42.528180	49.000000	1	4.347917
116	57	47.695823	2	52.407158	49.000000	2	4.131005
117	58	47.695823	2	51.783279	49.000000	1	3.306589
118	59	47.695823	2	54.168789	49.000000	1	4.395542
119	60	47.695823	2	55.526046	49.000000	2	3.513848
120	61	47.695823	1	43.712663	49.000000	1	3.440976
121	62	47.695823	2	49.370767	49.000000	2	3.436426
122	63	47.695823	2	52.331138	49.000000	1	2.472049
123	64	47.695823	1	43.785348	49.000000	1	3.298807
124	65	47.695823	2	55.537023	49.000000	1	3.436374
125	66	47.695823	1	45.032187	49.000000	1	3.831974
126	67	47.695823	2	51.990957	49.000000	1	2.131744
127	68	47.695823	2	51.150765	49.000000	1	4.668732
128	69	47.695823	1	44.810589	49.000000	2	3.165887
129	70	47.695823	2	55.798367	49.000000	1	2.213039
130	71	47.695823	1	45.315562	49.000000	1	3.442824
131	72	47.695823	1	45.863255	49.000000	1	4.718276
132	73	47.695823	2	49.179791	49.000000	2	2.894062
133	74	47.695823	2	54.157641	49.000000	2	2.511838
134	75	47.695823	1	44.436411	49.000000	1	3.089580
135	76	47.695823	2	52.778575	49.000000	2	1.827288
136	77	47.695823	1	45.611441	49.000000	1	3.522327
137	78	47.695823	2	53.902685	49.000000	1	4.056768
138	79	47.695823	1	43.793321	49.000000	1	2.435010
139	80	47.695823	2	54.180712	49.000000	1	4.294960
140	81	47.695823	1	44.362400	49.000000	1	3.295869
141	82	47.695823	2	52.754819	49.000000	1	4.257705
142	83	47.695823	1	43.727493	49.000000	1	1.123867
143	84	47.695823	2	51.929644	49.000000	2	0.637621
144	85	47.695823	2	54.769321	49.000000	2	0.843238
145	86	47.695823	1	43.950870	49.000000	1	0.664939
146	87	47.695823	1	42.531769	49.000000	1	0.669665
147	88	47.695823	2	54.235088	49.000000	2	0.362039
148	89	47.695823	2	51.205525	49.000000	2	1.522927
149	90	47.695823	1	43.774265	49.000000	1	0.644688
150	91	47.695823	2	49.208297	49.000000	2	1.722495
151	92	47.695823	1	46.030767	49.000000	1	1.035643
152	93	47.695823	1	44.577455	49.000000	1	0.576878
153	94	47.695823	2	49.945708	49.000000	1	0.681337
154	1	21.305438	1	15.397170	21.000000	1	2.438006
155	2	21.305438	2	24.807801	21.000000	2	2.722362
156	3	21.305438	1	14.202205	21.000000	1	1.626518
157	4	21.305438	2	26.887005	21.000000	2	1.448637
158	5	21.305438	2	24.815023	21.000000	2	1.093605
159	6	21.305438	2	24.318158	21.000000	2	1.016821
160	7	21.305438	2	24.606921	21.000000	2	0.846814
161	8	21.305438	1	16.070429	21.000000	1	0.748299
162	9	21.305438	1	15.518759	21.000000	1	0.741730
163	10	21.305438	2	23.236386	21.000000	2	0.783342
164	11	21.305438	2	25.714369	21.000000	2	0.950876
165	12	21.305438	2	27.980969	21.000000	2	0.607568
166	13	21.305438	1	19.117438	21.000000	1	1.288271
167	14	21.305438	2	24.815216	21.000000	2	0.849538
168	1	92.256887	2	96.592912	91.000000	2	2.110124
169	2	92.256887	1	86.580915	91.000000	1	1.464238
170	3	92.256887	1	85.952504	91.000000	1	1.164421
171	4	92.256887	1	88.216306	91.000000	1	1.308991
172	5	92.256887	2	94.657199	91.000000	2	0.495457
173	6	92.256887	2	97.575199	91.000000	1	1.195090
174	7	92.256887	1	88.308658	91.000000	1	0.938329
175	8	92.256887	1	87.730413	91.000000	1	0.931542
176	9	92.256887	1	88.468861	91.000000	2	0.597614
177	10	92.256887	2	96.883283	91.000000	2	1.061476
178	11	92.256887	1	85.240785	91.000000	1	0.954101
179	12	92.256887	1	84.924403	91.000000	1	0.882510
180	13	92.256887	1	85.221943	91.000000	1	0.726031
181	14	92.256887	1	88.523294	91.000000	1	0.752404
182	15	92.256887	1	84.166520	91.000000	1	1.009262
183	16	92.256887	2	97.161331	91.000000	2	0.441037
184	17	92.256887	1	88.751149	91.000000	1	0.669548
185	18	92.256887	2	95.270263	91.000000	2	0.956278
186	19	92.256887	1	88.632023	91.000000	1	0.794435
187	20	92.256887	1	85.472700	91.000000	1	0.785842
188	1	8.841208	2	11.319183	7.000000	1	2.008179
189	2	8.841208	2	11.327196	7.000000	2	1.879786
190	3	8.841208	1	1.824299	7.000000	1	2.481319
191	4	8.841208	2	10.939964	7.000000	2	0.660205
192	5	8.841208	1	6.248160	7.000000	1	0.497128
193	6	8.841208	1	6.030456	7.000000	2	2.116929
194	7	8.841208	1	1.321278	7.000000	1	1.126052
195	8	8.841208	1	1.381212	7.000000	1	0.719900
196	9	8.841208	1	6.547009	7.000000	2	0.930078
197	10	8.841208	2	11.855283	7.000000	2	0.988209
198	11	8.841208	2	13.648364	7.000000	2	1.019618
199	12	8.841208	2	10.696130	7.000000	2	0.993467
200	13	8.841208	2	11.144866	7.000000	2	0.896744
201	14	8.841208	1	6.070761	7.000000	1	1.172193
202	15	8.841208	2	11.399129	7.000000	2	0.828175
203	16	8.841208	2	13.753888	7.000000	2	1.330363
204	17	8.841208	1	6.159557	7.000000	1	1.171977
205	18	8.841208	1	5.195572	7.000000	1	1.251978
206	19	8.841208	1	4.775907	7.000000	1	1.288248
207	20	8.841208	1	5.668377	7.000000	1	0.675175
208	1	32.079019	2	40.737470	35.000000	1	1.530947
209	2	32.079019	2	35.198267	35.000000	2	1.228680
210	3	32.079019	1	30.084521	35.000000	1	1.146434
211	4	32.079019	1	29.394034	35.000000	1	0.931398
212	5	32.079019	2	34.084704	35.000000	2	0.845581
213	6	32.079019	2	34.788542	35.000000	2	0.707047
214	7	32.079019	2	41.721315	35.000000	2	0.533917
215	8	32.079019	2	37.314987	35.000000	2	0.951692
216	9	32.079019	2	38.690583	35.000000	1	1.056286
217	10	32.079019	1	30.034791	35.000000	1	0.788884
218	11	32.079019	2	37.482001	35.000000	2	1.188554
219	12	32.079019	2	40.187717	35.000000	2	1.075645
220	13	32.079019	2	38.291053	35.000000	1	0.847648
221	14	32.079019	1	29.273479	35.000000	1	0.565140
222	15	32.079019	1	28.528925	35.000000	1	0.686238
223	16	32.079019	2	38.245552	35.000000	2	0.633518
224	17	32.079019	2	40.554037	35.000000	2	1.119261
225	18	32.079019	1	28.597912	35.000000	1	0.777097
226	19	32.079019	2	33.789930	35.000000	1	0.689299
227	20	32.079019	1	28.713608	35.000000	1	0.590048
228	21	32.079019	2	41.741320	35.000000	2	0.764666
229	22	32.079019	1	28.179168	35.000000	1	0.885411
230	23	32.079019	2	39.126282	35.000000	2	0.720821
231	24	32.079019	1	29.721008	35.000000	1	0.738919
232	25	32.079019	2	40.474285	35.000000	2	0.772494
233	26	32.079019	2	41.404473	35.000000	2	0.596835
234	27	32.079019	1	30.646869	35.000000	1	0.676471
235	1	78.334824	1	71.519605	77.000000	2	0.918871
236	2	78.334824	2	81.669655	77.000000	2	1.008476
237	3	78.334824	1	71.916980	77.000000	1	1.311168
238	4	78.334824	1	71.407838	77.000000	1	0.809649
239	5	78.334824	2	81.994609	77.000000	1	1.792419
240	6	78.334824	2	81.206944	77.000000	1	1.295074
241	7	78.334824	2	83.313874	77.000000	2	1.170360
242	8	78.334824	2	83.811404	77.000000	2	1.650111
243	9	78.334824	2	80.946611	77.000000	1	0.726247
244	10	78.334824	2	80.212426	77.000000	1	1.320621
245	11	78.334824	2	81.377939	77.000000	2	1.354281
246	12	78.334824	1	75.612493	77.000000	2	1.330685
247	13	78.334824	1	70.067717	77.000000	1	1.052336
248	14	78.334824	2	83.874465	77.000000	2	0.825058
249	15	78.334824	2	81.721263	77.000000	2	0.663225
250	16	78.334824	1	74.228634	77.000000	1	0.676120
251	17	78.334824	2	82.169674	77.000000	2	1.120339
252	18	78.334824	1	70.784176	77.000000	2	1.082315
253	19	78.334824	2	83.026479	77.000000	2	0.534025
254	20	78.334824	2	83.788283	77.000000	2	0.529164
255	21	78.334824	1	71.716226	77.000000	1	0.634185
256	22	78.334824	2	82.564846	77.000000	2	0.535966
257	23	78.334824	2	83.048440	77.000000	2	1.161491
258	24	78.334824	2	80.986515	77.000000	2	0.858133
259	25	78.334824	2	80.383405	77.000000	2	0.902803
260	26	78.334824	1	70.227695	77.000000	1	0.505520
261	1	89.601568	2	91.000000	94.669484	2	1.411315
262	2	89.601568	1	91.000000	85.162258	2	1.465625
263	3	89.601568	2	91.000000	91.443388	1	1.902042
264	4	89.601568	1	91.000000	84.968241	1	2.871870
265	5	89.601568	2	91.000000	91.180977	2	3.178486
266	6	89.601568	2	91.000000	92.975560	2	2.432900
267	7	89.601568	2	91.000000	95.343899	2	1.405807
268	8	89.601568	2	91.000000	93.966213	2	1.100049
269	9	89.601568	1	91.000000	84.347161	2	0.958670
270	10	89.601568	1	91.000000	84.212201	2	2.447482
271	11	89.601568	1	91.000000	85.156037	1	1.635673
272	12	89.601568	2	91.000000	94.719445	2	1.616566
273	13	89.601568	1	91.000000	85.563882	1	0.670063
274	14	89.601568	1	91.000000	88.001208	1	0.906376
275	15	89.601568	2	91.000000	92.114444	1	2.205011
276	16	89.601568	1	91.000000	86.341078	2	2.618657
277	17	89.601568	2	91.000000	97.264624	2	0.671435
278	18	89.601568	2	91.000000	97.799757	2	0.611779
279	19	89.601568	1	91.000000	87.899801	2	0.618844
280	20	89.601568	2	91.000000	97.736476	2	0.696926
281	21	89.601568	1	91.000000	86.095060	1	0.644222
282	22	89.601568	2	91.000000	96.702586	2	2.722335
283	23	89.601568	2	91.000000	94.039778	2	1.042877
284	24	89.601568	2	91.000000	91.751340	1	1.200129
285	25	89.601568	1	91.000000	87.096299	1	1.606729
286	26	89.601568	1	91.000000	86.168326	2	1.484775
287	27	89.601568	1	91.000000	84.279694	1	2.095968
288	28	89.601568	2	91.000000	93.146736	2	1.114421
289	29	89.601568	1	91.000000	86.696658	1	0.900924
290	30	89.601568	1	91.000000	84.907117	2	1.247730
291	31	89.601568	2	91.000000	92.370786	2	2.372862
292	32	89.601568	2	91.000000	91.728962	2	2.155815
293	33	89.601568	1	91.000000	86.009268	1	0.755442
294	34	89.601568	1	91.000000	85.004284	1	0.972451
295	35	89.601568	2	91.000000	97.971513	2	0.828484
296	36	89.601568	1	91.000000	88.141675	1	0.698569
297	37	89.601568	2	91.000000	93.303886	1	1.686130
298	38	89.601568	1	91.000000	85.334710	1	0.952998
299	39	89.601568	2	91.000000	92.096317	1	0.961711
300	40	89.601568	1	91.000000	85.256853	1	1.132291
301	41	89.601568	1	91.000000	86.037791	2	1.188237
302	42	89.601568	1	91.000000	84.196787	1	2.651340
303	43	89.601568	2	91.000000	91.543108	2	0.926924
304	44	89.601568	2	91.000000	93.603934	2	0.728652
305	45	89.601568	2	91.000000	96.303744	2	0.843163
306	46	89.601568	1	91.000000	87.905862	1	1.160575
307	47	89.601568	2	91.000000	96.362227	2	0.761112
308	48	89.601568	2	91.000000	94.198756	2	0.777925
309	49	89.601568	2	91.000000	94.839885	2	0.698193
310	50	89.601568	2	91.000000	93.379989	2	0.672276
311	51	89.601568	2	91.000000	92.684403	2	0.738030
312	52	89.601568	2	91.000000	91.597114	1	1.859480
313	53	89.601568	1	91.000000	87.407289	1	1.351517
314	1	75.383795	1	77.000000	72.341968	2	1.233930
315	2	75.383795	2	77.000000	79.253073	2	0.839166
316	3	75.383795	1	77.000000	73.165099	1	1.268550
317	4	75.383795	1	77.000000	73.921539	2	0.936272
318	5	75.383795	2	77.000000	80.598797	2	2.233737
319	6	75.383795	1	77.000000	70.350105	1	1.518208
320	7	75.383795	1	77.000000	71.056506	2	1.263726
321	8	75.383795	1	77.000000	72.353679	1	0.740129
322	9	75.383795	2	77.000000	80.605536	2	1.205670
323	10	75.383795	2	77.000000	82.871515	2	2.620324
324	11	75.383795	1	77.000000	70.006102	2	0.697075
325	12	75.383795	1	77.000000	70.088214	1	0.660520
326	13	75.383795	1	77.000000	72.383979	1	0.633409
327	14	75.383795	1	77.000000	71.751892	1	1.086978
328	15	75.383795	2	77.000000	82.742342	2	2.178289
329	16	75.383795	1	77.000000	72.576379	1	0.473306
330	17	75.383795	1	77.000000	71.774806	1	1.165979
331	18	75.383795	1	77.000000	70.006851	1	0.701635
332	19	75.383795	2	77.000000	79.639789	2	1.040390
333	20	75.383795	1	77.000000	73.966362	2	1.693942
334	21	75.383795	2	77.000000	81.542344	2	2.432766
335	22	75.383795	2	77.000000	79.499846	1	1.053531
336	23	75.383795	1	77.000000	70.582472	1	0.731889
337	24	75.383795	1	77.000000	73.115974	1	0.812285
338	25	75.383795	1	77.000000	71.950554	1	1.179332
339	26	75.383795	1	77.000000	72.551238	1	0.908921
340	27	75.383795	2	77.000000	81.682005	2	0.773977
341	28	75.383795	1	77.000000	73.186102	1	0.597966
342	29	75.383795	1	77.000000	70.712775	1	0.693686
343	30	75.383795	2	77.000000	78.315356	1	0.961246
344	31	75.383795	2	77.000000	81.044805	2	1.001946
345	32	75.383795	2	77.000000	80.037057	2	0.776517
346	33	75.383795	2	77.000000	81.558727	2	0.608860
347	34	75.383795	1	77.000000	73.235487	2	0.791736
348	35	75.383795	1	77.000000	73.166776	1	1.055332
349	36	75.383795	1	77.000000	72.899380	1	0.715916
350	37	75.383795	1	77.000000	73.907970	1	0.654099
351	38	75.383795	1	77.000000	72.934671	1	0.858936
352	39	75.383795	2	77.000000	83.024322	2	0.815856
353	40	75.383795	2	77.000000	80.821559	2	0.797991
354	41	75.383795	2	77.000000	80.498540	2	1.621450
355	42	75.383795	2	77.000000	80.531609	2	0.803127
356	43	75.383795	1	77.000000	71.979789	1	0.745687
357	44	75.383795	1	77.000000	71.992143	1	0.675221
358	1	63.988505	1	63.000000	60.219561	1	2.460731
359	2	63.988505	2	63.000000	66.509870	1	1.472582
360	3	63.988505	2	63.000000	67.824488	2	0.869118
361	4	63.988505	1	63.000000	62.265069	2	0.872121
362	5	63.988505	1	63.000000	57.496260	2	0.828321
363	6	63.988505	2	63.000000	68.089689	1	1.130305
364	7	63.988505	1	63.000000	62.284079	2	1.508137
365	8	63.988505	2	63.000000	66.425563	2	2.134542
366	9	63.988505	1	63.000000	62.484519	2	0.847098
367	10	63.988505	1	63.000000	56.673384	1	1.660485
368	11	63.988505	1	63.000000	57.355184	1	1.704645
369	12	63.988505	1	63.000000	56.507679	1	1.282732
370	13	63.988505	1	63.000000	57.691777	1	0.694004
371	14	63.988505	2	63.000000	65.856682	1	0.921468
372	15	63.988505	2	63.000000	65.507323	1	1.059595
373	16	63.988505	2	63.000000	67.829147	2	1.272325
374	17	63.988505	2	63.000000	68.536973	1	1.452091
375	18	63.988505	1	63.000000	61.986386	1	0.864317
376	19	63.988505	2	63.000000	66.478570	1	0.572845
377	20	63.988505	2	63.000000	68.033895	2	1.125437
378	21	63.988505	2	63.000000	65.634289	1	0.823371
379	22	63.988505	2	63.000000	66.537513	2	1.477352
380	23	63.988505	2	63.000000	66.663236	2	0.921027
381	24	63.988505	2	63.000000	67.077411	2	0.706881
382	25	63.988505	1	63.000000	56.949778	2	0.629910
383	26	63.988505	1	63.000000	57.649098	1	0.772384
384	27	63.988505	2	63.000000	67.523307	2	0.939778
385	28	63.988505	2	63.000000	68.430273	2	2.165148
386	29	63.988505	2	63.000000	66.534369	2	0.964857
387	30	63.988505	2	63.000000	65.871961	2	0.870799
388	31	63.988505	2	63.000000	67.141224	2	1.001726
389	32	63.988505	1	63.000000	57.761984	1	0.744332
390	33	63.988505	1	63.000000	62.521411	1	1.977972
391	34	63.988505	2	63.000000	68.910168	2	1.112642
392	35	63.988505	1	63.000000	59.836440	1	0.755625
393	1	34.904162	1	35.000000	28.164720	2	2.131217
394	2	34.904162	2	35.000000	40.317052	1	3.324272
395	3	34.904162	2	35.000000	36.314961	1	1.708680
396	4	34.904162	2	35.000000	40.277334	2	3.734621
397	5	34.904162	1	35.000000	32.737108	1	1.693821
398	6	34.904162	1	35.000000	31.919190	1	1.840808
399	7	34.904162	2	35.000000	37.431814	1	0.757407
400	8	34.904162	1	35.000000	32.128937	2	3.160141
401	9	34.904162	1	35.000000	32.942522	2	1.341398
402	10	34.904162	1	35.000000	28.006739	1	0.966484
403	11	34.904162	1	35.000000	28.241522	1	0.918560
404	12	34.904162	1	35.000000	32.036779	1	0.912389
405	13	34.904162	1	35.000000	32.372674	2	1.403362
406	14	34.904162	1	35.000000	30.919093	1	0.905632
407	15	34.904162	2	35.000000	37.016987	1	1.692477
408	16	34.904162	2	35.000000	41.365215	2	1.271091
409	17	34.904162	1	35.000000	33.278870	2	0.890863
410	18	34.904162	1	35.000000	29.432948	2	1.246381
411	19	34.904162	1	35.000000	32.833634	2	1.811586
412	20	34.904162	2	35.000000	37.944125	1	1.105592
413	21	34.904162	2	35.000000	39.146638	2	0.868162
414	22	34.904162	2	35.000000	37.808768	2	0.928241
415	23	34.904162	1	35.000000	31.016117	2	1.162190
416	24	34.904162	2	35.000000	37.967247	2	1.114852
417	25	34.904162	1	35.000000	30.674720	1	0.989428
418	26	34.904162	2	35.000000	38.279767	2	0.956884
419	27	34.904162	2	35.000000	39.527679	2	0.901444
420	28	34.904162	2	35.000000	36.562083	2	0.880113
421	29	34.904162	2	35.000000	39.197386	2	0.772309
422	30	34.904162	1	35.000000	31.013396	1	1.964625
423	31	34.904162	2	35.000000	39.116554	2	0.972387
424	32	34.904162	1	35.000000	30.336224	1	1.004427
425	33	34.904162	1	35.000000	33.124259	2	1.195157
426	34	34.904162	2	35.000000	38.500334	2	1.090280
427	1	45.881798	2	49.000000	50.180541	2	1.139547
428	2	45.881798	1	49.000000	43.259267	2	0.868743
429	3	45.881798	1	49.000000	44.393521	1	1.632807
430	4	45.881798	1	49.000000	44.089130	2	0.925755
431	5	45.881798	1	49.000000	43.202194	1	0.831773
432	6	45.881798	2	49.000000	55.262610	2	1.661782
433	7	45.881798	2	49.000000	48.260398	1	1.211740
434	8	45.881798	1	49.000000	42.706254	2	1.896648
435	9	45.881798	2	49.000000	55.348731	2	1.811129
436	10	45.881798	1	49.000000	43.096404	1	1.177161
437	11	45.881798	1	49.000000	42.378221	1	0.721184
438	12	45.881798	2	49.000000	54.124936	1	1.091433
439	13	45.881798	2	49.000000	55.979626	2	0.798568
440	14	45.881798	2	49.000000	51.764885	1	1.621861
441	15	45.881798	1	49.000000	43.099720	2	1.123503
442	16	45.881798	1	49.000000	43.804011	2	1.029551
443	17	45.881798	2	49.000000	48.424115	1	0.773369
