1	1	89.509684	1	88.014621	91.000000	2	0.766481
2	2	89.509684	2	97.213059	91.000000	1	0.838714
3	3	89.509684	2	95.765936	91.000000	2	0.588221
4	4	89.509684	2	91.347103	91.000000	2	0.595835
5	5	89.509684	2	93.427354	91.000000	2	0.523500
6	6	89.509684	2	93.791053	91.000000	2	0.661924
7	7	89.509684	1	87.703825	91.000000	2	0.426792
8	8	89.509684	2	95.883433	91.000000	2	0.561254
9	9	89.509684	2	94.288235	91.000000	2	0.642228
10	10	89.509684	1	87.975621	91.000000	1	0.791777
11	11	89.509684	2	90.978773	91.000000	1	1.007293
12	12	89.509684	2	94.468250	91.000000	2	0.509954
13	13	89.509684	1	85.530956	91.000000	2	0.505040
14	14	89.509684	1	86.791044	91.000000	2	0.492192
15	15	89.509684	1	84.374590	91.000000	1	0.543835
16	16	89.509684	1	84.339272	91.000000	1	0.841362
17	17	89.509684	2	93.520463	91.000000	2	0.550985
18	18	89.509684	2	93.324051	91.000000	2	0.375840
19	19	89.509684	1	84.780666	91.000000	2	0.408376
20	20	89.509684	1	86.643421	91.000000	1	0.559492
21	21	89.509684	1	87.149667	91.000000	1	0.736361
22	22	89.509684	1	87.470397	91.000000	1	0.539933
23	23	89.509684	2	92.233520	91.000000	2	0.763764
24	24	89.509684	1	86.845436	91.000000	1	0.556581
25	25	89.509684	2	94.712940	91.000000	2	0.581541
26	26	89.509684	1	88.089511	91.000000	1	0.533963
27	27	89.509684	1	87.489019	91.000000	1	0.623608
28	28	89.509684	1	85.886222	91.000000	1	0.557993
29	1	75.951339	1	71.835129	77.000000	1	1.128337
30	2	75.951339	1	74.125498	77.000000	1	0.618387
31	3	75.951339	1	70.390073	77.000000	1	0.554216
32	4	75.951339	1	72.343755	77.000000	1	0.627243
33	5	75.951339	1	70.512632	77.000000	1	0.471839
34	6	75.951339	2	79.171154	77.000000	2	0.772162
35	7	75.951339	1	72.496807	77.000000	2	0.436373
36	8	75.951339	2	80.447013	77.000000	1	0.746201
37	9	75.951339	1	70.740223	77.000000	1	0.963831
38	10	75.951339	1	73.396671	77.000000	2	0.836572
39	11	75.951339	1	73.622748	77.000000	1	0.425929
40	12	75.951339	2	82.040898	77.000000	2	0.824237
41	13	75.951339	1	73.071474	77.000000	1	0.654334
42	14	75.951339	2	77.518465	77.000000	1	0.867425
43	15	75.951339	1	70.052889	77.000000	1	0.896463
44	16	75.951339	2	82.127716	77.000000	2	0.610960
45	17	75.951339	1	71.357714	77.000000	1	0.617832
46	18	75.951339	2	77.734586	77.000000	2	0.728215
47	19	75.951339	1	74.238420	77.000000	1	0.682424
48	20	75.951339	2	78.331379	77.000000	1	0.797872
49	21	75.951339	1	73.079649	77.000000	1	0.733499
50	22	75.951339	1	74.066755	77.000000	1	0.758964
51	23	75.951339	2	81.997521	77.000000	2	0.927865
52	24	75.951339	2	83.041558	77.000000	2	0.873937
53	25	75.951339	1	70.952472	77.000000	1	0.599028
54	26	75.951339	2	80.667628	77.000000	2	1.453022
55	27	75.951339	2	82.172817	77.000000	2	0.521181
56	28	75.951339	1	70.707909	77.000000	1	0.595639
57	1	21.845416	1	14.965138	21.000000	1	0.917882
58	2	21.845416	2	27.805948	21.000000	1	0.544106
59	3	21.845416	2	26.845842	21.000000	2	0.417570
60	4	21.845416	1	16.547371	21.000000	1	0.447975
61	5	21.845416	1	19.018895	21.000000	1	0.573783
62	6	21.845416	2	26.978053	21.000000	2	0.886162
63	7	21.845416	2	27.618309	21.000000	2	0.721673
64	8	21.845416	2	27.123103	21.000000	2	0.571809
65	9	21.845416	2	24.716967	21.000000	2	0.620047
66	10	21.845416	1	17.618215	21.000000	1	0.706318
67	11	21.845416	2	26.861057	21.000000	2	1.133264
68	12	21.845416	1	20.301312	21.000000	2	0.574464
69	13	21.845416	2	27.406124	21.000000	2	0.742889
70	14	21.845416	1	14.098273	21.000000	1	0.616302
71	1	48.902756	2	53.281340	49.000000	2	1.375132
72	2	48.902756	1	42.054453	49.000000	1	1.094835
73	3	48.902756	2	53.067310	49.000000	2	0.618081
74	4	48.902756	2	54.058339	49.000000	2	0.864396
75	5	48.902756	2	51.617176	49.000000	2	0.613314
76	6	48.902756	1	44.110064	49.000000	1	0.628223
77	7	48.902756	2	53.145454	49.000000	2	0.658546
78	8	48.902756	1	46.092284	49.000000	1	0.919268
79	9	48.902756	2	51.514064	49.000000	2	1.025479
80	10	48.902756	2	50.636439	49.000000	2	0.671462
81	11	48.902756	2	50.862369	49.000000	2	0.987679
82	12	48.902756	2	55.907428	49.000000	2	0.723101
83	13	48.902756	1	46.244419	49.000000	2	0.949308
84	14	48.902756	1	44.052360	49.000000	1	0.749855
85	1	31.943092	1	29.516826	35.000000	1	0.811296
86	2	31.943092	2	37.611592	35.000000	2	0.760209
87	3	31.943092	1	29.964292	35.000000	1	0.705074
88	4	31.943092	2	37.603439	35.000000	1	0.755980
89	5	31.943092	1	29.738331	35.000000	1	0.686738
90	6	31.943092	1	28.427822	35.000000	1	0.800480
91	7	31.943092	2	36.923798	35.000000	2	0.815257
92	8	31.943092	2	33.866283	35.000000	1	0.934000
93	9	31.943092	1	29.155102	35.000000	1	1.175400
94	10	31.943092	2	34.782617	35.000000	2	0.935342
95	11	31.943092	1	29.554091	35.000000	2	1.456566
96	12	31.943092	1	30.456709	35.000000	1	0.652797
97	13	31.943092	2	40.195706	35.000000	2	0.618107
98	14	31.943092	1	29.544893	35.000000	1	0.624297
99	15	31.943092	1	29.904795	35.000000	2	1.166390
100	16	31.943092	1	30.013628	35.000000	1	0.702292
101	17	31.943092	2	34.446514	35.000000	1	0.971077
102	18	31.943092	1	28.902173	35.000000	1	0.697372
103	19	31.943092	1	28.173401	35.000000	1	0.876860
104	20	31.943092	1	29.595120	35.000000	1	0.753020
105	21	31.943092	2	37.987304	35.000000	2	1.001761
106	22	31.943092	2	37.312634	35.000000	2	0.912531
107	23	31.943092	2	38.450900	35.000000	2	0.731122
108	24	31.943092	1	28.775330	35.000000	1	0.669450
109	25	31.943092	1	28.811950	35.000000	1	1.000360
110	26	31.943092	2	41.913530	35.000000	2	0.688242
111	27	31.943092	1	29.094298	35.000000	1	0.611920
112	28	31.943092	1	28.007144	35.000000	1	0.778733
113	29	31.943092	2	41.465194	35.000000	2	0.756591
114	1	61.780831	1	60.037313	63.000000	2	1.051632
115	2	61.780831	1	56.509448	63.000000	2	1.400413
116	3	61.780831	1	59.798659	63.000000	1	0.798733
117	4	61.780831	1	56.507379	63.000000	1	0.637524
118	5	61.780831	1	60.263558	63.000000	2	0.932968
119	6	61.780831	2	69.764740	63.000000	2	0.639056
120	7	61.780831	2	66.505913	63.000000	2	0.554847
121	8	61.780831	1	59.492930	63.000000	1	0.715855
122	9	61.780831	1	57.309609	63.000000	1	0.853970
123	10	61.780831	1	58.918204	63.000000	1	0.826803
124	11	61.780831	1	59.979525	63.000000	1	0.784845
125	12	61.780831	2	64.326099	63.000000	1	1.208390
126	13	61.780831	2	66.016299	63.000000	1	1.239013
127	14	61.780831	1	58.467024	63.000000	2	0.468132
128	15	61.780831	2	69.856448	63.000000	2	0.528468
129	16	61.780831	1	58.379816	63.000000	1	0.690910
130	17	61.780831	2	68.736310	63.000000	2	0.630445
131	18	61.780831	2	63.688265	63.000000	1	0.684845
132	19	61.780831	1	60.091218	63.000000	1	0.928455
133	20	61.780831	2	66.142911	63.000000	2	0.722235
134	21	61.780831	1	59.691700	63.000000	1	0.660585
135	22	61.780831	1	59.464817	63.000000	1	0.681476
136	23	61.780831	2	69.926177	63.000000	2	0.653640
137	24	61.780831	2	68.480185	63.000000	2	0.826716
138	25	61.780831	2	65.120735	63.000000	1	0.792891
139	26	61.780831	1	57.649366	63.000000	1	0.824269
140	27	61.780831	2	68.588360	63.000000	2	0.710505
141	28	61.780831	2	63.593427	63.000000	1	1.537373
142	29	61.780831	2	67.510400	63.000000	2	0.602173
143	30	61.780831	1	56.675676	63.000000	1	0.641264
144	31	61.780831	2	66.978507	63.000000	2	0.654705
145	32	61.780831	2	68.750281	63.000000	2	0.547837
146	33	61.780831	2	68.568813	63.000000	2	0.581510
147	34	61.780831	2	67.264201	63.000000	1	0.829873
148	35	61.780831	1	57.236368	63.000000	1	0.731860
149	36	61.780831	2	66.732684	63.000000	2	0.654214
150	37	61.780831	2	63.456420	63.000000	1	0.667111
151	38	61.780831	2	66.555483	63.000000	2	1.127290
152	39	61.780831	2	66.619817	63.000000	2	0.881267
153	40	61.780831	1	57.661656	63.000000	1	0.709201
154	41	61.780831	2	67.314252	63.000000	2	1.208224
155	42	61.780831	1	58.341389	63.000000	1	0.822616
156	43	61.780831	2	69.490625	63.000000	2	1.422538
157	44	61.780831	1	57.768425	63.000000	1	0.842616
158	45	61.780831	1	56.849472	63.000000	1	0.672025
159	46	61.780831	2	64.504510	63.000000	1	0.636307
160	47	61.780831	1	57.309721	63.000000	1	0.825701
161	48	61.780831	1	60.189586	63.000000	2	1.111943
162	49	61.780831	1	56.489034	63.000000	1	0.538489
163	50	61.780831	2	63.934718	63.000000	1	0.708306
164	51	61.780831	2	69.136479	63.000000	2	0.607168
165	52	61.780831	2	66.406866	63.000000	2	0.534069
166	53	61.780831	2	69.566203	63.000000	2	0.559825
167	54	61.780831	1	56.841639	63.000000	1	0.936812
168	55	61.780831	1	56.878002	63.000000	1	0.874177
169	56	61.780831	1	57.299009	63.000000	1	0.934271
170	57	61.780831	1	56.947322	63.000000	1	1.591822
171	58	61.780831	1	58.152338	63.000000	2	0.846432
172	59	61.780831	1	60.119435	63.000000	1	1.179912
173	60	61.780831	1	57.067841	63.000000	1	0.811925
174	61	61.780831	1	57.995327	63.000000	2	1.370598
175	62	61.780831	1	57.284111	63.000000	1	0.906439
176	63	61.780831	2	69.488883	63.000000	2	0.621188
177	64	61.780831	1	59.988345	63.000000	1	1.187291
178	65	61.780831	1	56.781439	63.000000	1	1.034597
179	66	61.780831	2	68.822651	63.000000	2	0.599924
180	67	61.780831	2	65.945798	63.000000	2	0.638576
181	68	61.780831	2	68.744758	63.000000	2	0.580313
182	69	61.780831	2	68.056671	63.000000	2	1.020888
183	70	61.780831	1	57.574633	63.000000	1	0.658775
184	71	61.780831	1	58.122606	63.000000	1	0.727582
185	72	61.780831	2	65.771739	63.000000	2	0.769841
186	1	10.028430	2	13.459511	7.000000	1	0.771957
187	2	10.028430	1	3.934805	7.000000	1	0.612168
188	3	10.028430	2	12.536009	7.000000	2	0.851152
189	4	10.028430	2	12.194798	7.000000	2	0.735979
190	5	10.028430	2	13.030526	7.000000	2	0.569482
191	6	10.028430	1	8.604355	7.000000	2	0.561718
192	7	10.028430	2	13.122246	7.000000	2	0.738741
193	8	10.028430	2	12.778213	7.000000	2	1.012101
194	9	10.028430	2	13.375418	7.000000	2	0.698993
195	10	10.028430	1	5.736255	7.000000	1	0.853982
196	11	10.028430	2	12.198971	7.000000	2	0.570569
197	12	10.028430	2	12.248693	7.000000	2	0.611054
198	13	10.028430	1	1.932767	7.000000	1	0.673900
199	14	10.028430	1	3.843224	7.000000	1	0.878073
200	15	10.028430	1	3.755340	7.000000	1	0.586233
201	1	90.134919	1	91.000000	84.436137	2	0.814775
202	2	90.134919	2	91.000000	95.457351	2	0.811829
203	3	90.134919	1	91.000000	86.845828	2	0.628454
204	4	90.134919	2	91.000000	93.095750	1	0.682525
205	5	90.134919	2	91.000000	93.947593	2	0.485327
206	6	90.134919	2	91.000000	95.949427	2	0.528935
207	7	90.134919	1	91.000000	84.931008	1	0.595284
208	8	90.134919	2	91.000000	93.395227	2	0.476687
209	9	90.134919	2	91.000000	92.202578	2	0.649183
210	10	90.134919	2	91.000000	97.072509	2	0.724902
211	11	90.134919	2	91.000000	96.379573	2	0.656962
212	12	90.134919	2	91.000000	92.192291	2	0.637861
213	13	90.134919	2	91.000000	92.456239	2	0.529743
214	14	90.134919	2	91.000000	94.748586	2	0.661820
215	15	90.134919	2	91.000000	92.463616	2	0.706580
216	16	90.134919	1	91.000000	85.047331	1	0.867777
217	17	90.134919	1	91.000000	87.843804	1	1.160063
218	1	37.790679	1	35.000000	33.651837	1	1.350074
219	2	37.790679	1	35.000000	31.803151	1	1.022645
220	3	37.790679	1	35.000000	31.380792	1	0.596539
221	4	37.790679	2	35.000000	41.321208	2	0.724199
222	5	37.790679	2	35.000000	40.107119	2	0.526322
223	6	37.790679	2	35.000000	40.358433	2	0.642438
224	7	37.790679	2	35.000000	40.916007	2	1.063979
225	8	37.790679	1	35.000000	36.107463	2	0.498997
226	9	37.790679	2	35.000000	39.502826	2	0.502104
227	10	37.790679	2	35.000000	39.367736	1	0.897028
228	11	37.790679	2	35.000000	41.237370	2	0.532530
229	12	37.790679	2	35.000000	39.847366	2	0.503888
230	13	37.790679	1	35.000000	35.836023	2	0.353076
231	14	37.790679	1	35.000000	30.931612	2	0.738295
232	15	37.790679	2	35.000000	41.378220	2	0.699808
233	16	37.790679	1	35.000000	28.363129	1	0.766813
234	17	37.790679	2	35.000000	40.671539	2	0.630996
235	18	37.790679	1	35.000000	28.585016	1	0.966948
236	19	37.790679	2	35.000000	39.548291	2	0.773946
237	20	37.790679	2	35.000000	40.702991	1	1.094204
238	21	37.790679	2	35.000000	39.329142	2	0.593447
239	22	37.790679	1	35.000000	30.117352	1	1.288953
240	23	37.790679	2	35.000000	41.080132	1	0.644108
241	24	37.790679	1	35.000000	36.006602	1	0.755497
242	25	37.790679	2	35.000000	39.328728	1	1.028396
243	26	37.790679	1	35.000000	34.733438	2	0.904648
244	27	37.790679	1	35.000000	29.655571	1	0.723123
245	28	37.790679	2	35.000000	39.757854	2	1.133563
246	29	37.790679	2	35.000000	39.528382	2	0.864178
247	30	37.790679	1	35.000000	32.385318	2	0.611529
248	31	37.790679	2	35.000000	39.539889	2	0.492130
249	32	37.790679	2	35.000000	41.225217	2	0.640071
250	33	37.790679	1	35.000000	35.651513	1	0.931828
251	34	37.790679	2	35.000000	41.030394	2	0.533907
252	35	37.790679	2	35.000000	40.130664	2	0.599513
253	36	37.790679	2	35.000000	40.987834	2	0.592262
254	37	37.790679	2	35.000000	39.374600	1	0.991890
255	38	37.790679	2	35.000000	41.342161	2	0.463546
256	39	37.790679	1	35.000000	35.362244	2	0.588212
257	40	37.790679	2	35.000000	40.307282	2	0.610365
258	41	37.790679	2	35.000000	40.114119	2	0.721238
259	42	37.790679	1	35.000000	30.277716	1	0.845228
260	43	37.790679	2	35.000000	40.213678	2	1.058457
261	44	37.790679	1	35.000000	30.219671	2	0.903394
262	45	37.790679	1	35.000000	32.146885	1	0.784322
263	46	37.790679	2	35.000000	39.419277	2	0.551848
264	47	37.790679	1	35.000000	35.600175	1	1.072745
265	48	37.790679	2	35.000000	41.429949	2	0.940615
266	49	37.790679	1	35.000000	34.704770	1	0.807955
267	50	37.790679	2	35.000000	41.245598	2	1.998615
268	51	37.790679	2	35.000000	39.239192	2	0.557120
269	52	37.790679	2	35.000000	40.512103	2	0.524494
270	53	37.790679	1	35.000000	35.992953	2	0.566857
271	54	37.790679	1	35.000000	34.908739	2	0.855133
272	55	37.790679	1	35.000000	35.394138	1	1.131765
273	56	37.790679	1	35.000000	30.713802	2	0.591511
274	57	37.790679	2	35.000000	40.753388	1	0.751391
275	58	37.790679	1	35.000000	33.609497	2	0.622314
276	59	37.790679	1	35.000000	34.798438	1	1.076602
277	60	37.790679	2	35.000000	40.797602	2	0.584710
278	61	37.790679	2	35.000000	41.221408	2	0.560217
279	62	37.790679	1	35.000000	30.505264	1	0.866880
280	63	37.790679	2	35.000000	40.437093	2	0.725977
281	64	37.790679	1	35.000000	34.735018	2	0.528282
282	65	37.790679	1	35.000000	30.911796	1	0.874599
283	66	37.790679	2	35.000000	41.891690	2	0.582698
284	67	37.790679	2	35.000000	40.559849	2	0.646112
285	68	37.790679	1	35.000000	33.955694	1	0.709585
286	69	37.790679	2	35.000000	41.539806	2	1.544724
287	70	37.790679	2	35.000000	40.587851	2	0.825600
288	71	37.790679	2	35.000000	41.044330	2	0.885703
289	72	37.790679	1	35.000000	28.904977	1	0.857176
290	1	18.086606	1	21.000000	15.853503	1	1.176776
291	2	18.086606	1	21.000000	14.880314	2	0.496565
292	3	18.086606	1	21.000000	15.105011	1	1.058647
293	4	18.086606	1	21.000000	15.954962	2	0.711198
294	5	18.086606	1	21.000000	14.181712	1	0.602171
295	6	18.086606	1	21.000000	14.915739	1	0.649041
296	7	18.086606	1	21.000000	15.997359	2	0.959677
297	8	18.086606	2	21.000000	19.979200	2	0.704479
298	9	18.086606	1	21.000000	15.417074	2	0.625541
299	10	18.086606	1	21.000000	14.488998	1	0.767949
300	11	18.086606	1	21.000000	14.209590	1	0.672083
301	12	18.086606	1	21.000000	14.833383	1	1.340457
302	13	18.086606	1	21.000000	16.362180	2	0.799272
303	14	18.086606	1	21.000000	14.261306	2	0.814562
304	15	18.086606	1	21.000000	14.751047	2	0.613602
305	16	18.086606	1	21.000000	15.985362	2	0.714813
306	17	18.086606	2	21.000000	27.093939	2	0.933690
307	18	18.086606	2	21.000000	25.983143	2	0.535007
308	19	18.086606	2	21.000000	26.148437	2	0.946453
309	20	18.086606	2	21.000000	24.393630	2	0.707632
310	21	18.086606	2	21.000000	24.330312	2	0.750678
311	22	18.086606	1	21.000000	15.731776	2	0.773670
312	23	18.086606	1	21.000000	14.430624	1	0.901942
313	24	18.086606	1	21.000000	16.665624	1	0.944604
314	25	18.086606	1	21.000000	16.523351	1	0.866080
315	26	18.086606	2	21.000000	20.164824	1	1.199859
316	27	18.086606	2	21.000000	22.265696	2	1.175127
317	28	18.086606	1	21.000000	14.865988	1	0.974990
318	29	18.086606	1	21.000000	14.895207	2	0.901185
319	30	18.086606	1	21.000000	15.189026	2	0.856039
320	31	18.086606	2	21.000000	22.154509	2	0.740633
321	32	18.086606	1	21.000000	15.550576	1	0.998149
322	33	18.086606	1	21.000000	16.559321	1	0.989616
323	34	18.086606	2	21.000000	22.452188	2	1.254752
324	35	18.086606	2	21.000000	26.702207	2	1.018869
325	36	18.086606	2	21.000000	26.115610	2	0.769204
326	37	18.086606	2	21.000000	20.522591	2	1.103627
327	38	18.086606	2	21.000000	27.924798	2	0.898094
328	39	18.086606	2	21.000000	24.343521	2	1.853448
329	40	18.086606	1	21.000000	14.220315	1	1.057593
330	41	18.086606	2	21.000000	26.013374	1	1.366317
331	42	18.086606	2	21.000000	25.721914	2	1.590048
332	43	18.086606	2	21.000000	19.736393	1	1.140612
333	44	18.086606	1	21.000000	15.426475	1	1.031628
334	45	18.086606	2	21.000000	25.589635	2	1.189761
335	46	18.086606	1	21.000000	15.101359	1	1.220872
336	47	18.086606	1	21.000000	16.313138	1	0.920838
337	48	18.086606	1	21.000000	16.374636	1	0.995193
338	49	18.086606	2	21.000000	26.550896	2	0.954512
339	50	18.086606	2	21.000000	25.885936	2	1.787132
340	51	18.086606	1	21.000000	15.657423	1	1.169828
341	52	18.086606	2	21.000000	27.942350	2	0.721866
342	53	18.086606	1	21.000000	16.084979	1	1.053586
343	54	18.086606	1	21.000000	15.765173	2	1.586299
344	55	18.086606	2	21.000000	25.469248	2	1.689139
345	1	46.737495	2	49.000000	55.696512	2	0.844242
346	2	46.737495	1	49.000000	44.084718	2	0.520130
347	3	46.737495	1	49.000000	42.275944	1	0.908190
348	4	46.737495	2	49.000000	52.740659	2	0.742974
349	5	46.737495	1	49.000000	44.880902	1	0.774683
350	6	46.737495	2	49.000000	49.310594	2	0.942905
351	7	46.737495	1	49.000000	43.459694	2	1.224205
352	8	46.737495	2	49.000000	49.959410	2	0.942088
353	9	46.737495	2	49.000000	52.997737	2	0.737491
354	10	46.737495	2	49.000000	50.815252	2	1.426620
355	11	46.737495	1	49.000000	42.500861	1	0.864583
356	12	46.737495	1	49.000000	43.521853	2	1.187834
357	13	46.737495	1	49.000000	42.619562	1	0.834694
358	14	46.737495	1	49.000000	44.592287	2	0.864217
359	15	46.737495	1	49.000000	43.006882	1	1.604823
360	16	46.737495	1	49.000000	42.793840	1	1.051003
361	17	46.737495	2	49.000000	48.732392	2	0.895686
362	18	46.737495	2	49.000000	55.589967	2	1.156964
363	19	46.737495	1	49.000000	45.078156	2	1.045440
364	20	46.737495	2	49.000000	50.284478	2	0.690727
365	21	46.737495	2	49.000000	53.433039	2	0.868599
366	22	46.737495	2	49.000000	50.719111	2	0.776682
367	23	46.737495	2	49.000000	53.760420	2	0.920798
368	24	46.737495	2	49.000000	48.689789	2	0.770784
369	25	46.737495	1	49.000000	44.734876	1	0.924745
370	26	46.737495	1	49.000000	45.305588	1	0.870884
371	27	46.737495	1	49.000000	42.928210	1	1.082790
372	28	46.737495	2	49.000000	50.654127	2	0.765106
373	1	75.920725	1	77.000000	70.212120	2	0.892333
374	2	75.920725	1	77.000000	73.842582	2	0.693892
375	3	75.920725	2	77.000000	81.265990	2	0.707106
376	4	75.920725	2	77.000000	77.401003	2	0.766182
377	5	75.920725	1	77.000000	74.013661	2	0.661331
378	6	75.920725	1	77.000000	70.182044	1	0.842280
379	7	75.920725	1	77.000000	71.902951	1	0.735672
380	8	75.920725	1	77.000000	72.262576	2	0.755077
381	9	75.920725	2	77.000000	79.517990	2	0.643871
382	10	75.920725	1	77.000000	73.227278	1	0.913482
383	11	75.920725	1	77.000000	70.716721	1	0.988117
384	12	75.920725	1	77.000000	72.011205	1	0.977663
385	13	75.920725	2	77.000000	83.825781	2	1.065652
386	14	75.920725	2	77.000000	80.446824	2	0.855470
387	15	75.920725	1	77.000000	71.999898	2	1.164029
388	16	75.920725	2	77.000000	80.371634	2	0.866905
389	17	75.920725	2	77.000000	82.158809	2	0.721009
390	18	75.920725	1	77.000000	72.942106	2	2.003013
391	19	75.920725	2	77.000000	83.563889	2	0.848830
392	20	75.920725	2	77.000000	78.805438	2	0.844633
393	21	75.920725	2	77.000000	80.177143	2	0.802003
394	22	75.920725	2	77.000000	80.706751	2	1.098666
395	23	75.920725	1	77.000000	70.603533	2	1.028104
396	24	75.920725	1	77.000000	73.808340	2	0.681956
397	25	75.920725	2	77.000000	83.452959	2	0.663449
398	26	75.920725	1	77.000000	72.593188	1	1.076466
399	27	75.920725	2	77.000000	82.501790	2	0.806608
400	28	75.920725	1	77.000000	73.706099	1	1.021472
401	29	75.920725	2	77.000000	80.509752	2	1.195405
402	30	75.920725	1	77.000000	73.232476	1	1.221020
403	31	75.920725	2	77.000000	82.387642	2	3.520416
404	32	75.920725	2	77.000000	81.781036	2	0.600566
405	33	75.920725	1	77.000000	70.036828	1	0.879395
406	34	75.920725	2	77.000000	79.370340	2	1.243471
407	35	75.920725	2	77.000000	82.410090	2	0.602315
408	36	75.920725	1	77.000000	73.734794	1	1.047617
409	37	75.920725	2	77.000000	83.922267	2	0.652959
410	1	61.863110	1	63.000000	60.044773	1	1.759963
411	2	61.863110	1	63.000000	59.087361	1	0.919933
412	3	61.863110	2	63.000000	64.738559	2	0.706161
413	4	61.863110	1	63.000000	59.595355	2	0.661054
414	5	61.863110	1	63.000000	59.540018	2	1.123643
415	6	61.863110	1	63.000000	57.849176	1	0.707699
416	7	61.863110	2	63.000000	64.551807	2	0.750668
417	8	61.863110	2	63.000000	68.231695	2	0.711613
418	9	61.863110	2	63.000000	67.836680	2	0.754528
419	10	61.863110	1	63.000000	58.274793	2	0.883281
420	11	61.863110	2	63.000000	63.703442	1	1.302615
421	12	61.863110	1	63.000000	57.962084	1	1.033299
422	13	61.863110	2	63.000000	66.218779	2	0.606476
423	14	61.863110	2	63.000000	64.651673	1	1.645385
424	15	61.863110	2	63.000000	66.535487	2	0.602269
425	16	61.863110	1	63.000000	58.348704	1	1.585349
426	17	61.863110	1	63.000000	57.715056	2	0.688186
427	18	61.863110	2	63.000000	69.190365	2	0.691668
428	19	61.863110	1	63.000000	57.468671	2	0.751224
429	20	61.863110	1	63.000000	58.117990	2	0.760165
430	21	61.863110	2	63.000000	64.230379	2	0.865089
431	22	61.863110	2	63.000000	66.613122	1	1.477701
432	23	61.863110	2	63.000000	68.113385	2	0.627064
433	24	61.863110	2	63.000000	68.016548	2	0.751654
434	25	61.863110	1	63.000000	59.293873	2	1.384525
435	26	61.863110	2	63.000000	63.691097	2	0.839586
436	27	61.863110	1	63.000000	58.770322	2	0.676998
437	28	61.863110	2	63.000000	64.323689	2	0.745328
438	29	61.863110	1	63.000000	56.159583	1	1.370759
439	30	61.863110	1	63.000000	57.458569	2	0.778408
440	31	61.863110	2	63.000000	65.356078	2	0.962769
441	32	61.863110	1	63.000000	57.066147	2	0.971251
442	33	61.863110	2	63.000000	64.254780	2	0.771463
443	34	61.863110	2	63.000000	65.252317	2	0.747595
444	35	61.863110	2	63.000000	68.466148	2	0.749163
445	36	61.863110	2	63.000000	67.038406	2	1.150054
446	37	61.863110	1	63.000000	58.195701	2	2.366585
447	38	61.863110	2	63.000000	67.712858	2	2.221567
448	39	61.863110	1	63.000000	58.650749	2	1.170482
449	40	61.863110	1	63.000000	56.714497	1	0.722545
450	41	61.863110	1	63.000000	56.529253	1	0.773383
451	42	61.863110	1	63.000000	56.780643	1	0.756714
452	43	61.863110	2	63.000000	63.454441	2	0.733546
453	44	61.863110	1	63.000000	59.413948	2	0.878722
454	45	61.863110	1	63.000000	59.480641	2	0.899318
455	46	61.863110	1	63.000000	60.098480	1	0.694135
456	47	61.863110	2	63.000000	67.126310	1	1.153612
457	48	61.863110	1	63.000000	59.964036	2	0.674182
458	49	61.863110	1	63.000000	59.644901	1	0.870353
459	50	61.863110	1	63.000000	59.166449	2	0.890294
460	51	61.863110	1	63.000000	58.617563	2	1.133771
461	52	61.863110	2	63.000000	63.321649	1	1.031304
462	53	61.863110	2	63.000000	68.621607	2	0.781081
463	54	61.863110	2	63.000000	66.702947	2	1.205136
464	55	61.863110	1	63.000000	57.005867	2	0.723798
465	56	61.863110	1	63.000000	58.818611	1	1.245928
466	57	61.863110	2	63.000000	65.993876	2	0.859130
467	58	61.863110	1	63.000000	56.623867	1	1.392002
468	59	61.863110	2	63.000000	65.362537	2	0.942923
469	60	61.863110	1	63.000000	59.904342	1	0.975733
470	61	61.863110	1	63.000000	57.388504	1	0.943694
471	62	61.863110	1	63.000000	57.832666	1	1.346625
472	63	61.863110	1	63.000000	56.390826	1	0.826017
473	64	61.863110	2	63.000000	68.870623	2	0.736280
474	65	61.863110	2	63.000000	69.767526	2	0.817859
475	66	61.863110	1	63.000000	57.485341	1	0.711915
476	1	9.323333	1	7.000000	2.090550	1	1.114360
477	2	9.323333	1	7.000000	1.137473	1	0.973058
478	3	9.323333	1	7.000000	6.953806	2	0.949097
479	4	9.323333	2	7.000000	11.612508	1	0.829810
480	5	9.323333	2	7.000000	10.805777	2	0.843953
481	6	9.323333	2	7.000000	10.967501	1	1.809391
482	7	9.323333	2	7.000000	13.643037	2	0.719503
483	8	9.323333	1	7.000000	2.022126	1	0.801585
484	9	9.323333	1	7.000000	6.481195	2	1.088458
485	10	9.323333	2	7.000000	11.119312	2	0.867753
486	11	9.323333	1	7.000000	6.555159	2	0.887828
487	12	9.323333	2	7.000000	13.289041	2	2.084700
488	13	9.323333	2	7.000000	10.930707	4	7.781553
