1	1	94.446621	2	96.879676	91.000000	1	2.579101
2	2	94.446621	2	95.973992	91.000000	2	2.282038
3	3	94.446621	1	86.345345	91.000000	1	1.524959
4	4	94.446621	2	97.602145	91.000000	2	4.822592
5	5	94.446621	2	97.704861	91.000000	2	1.369685
6	6	94.446621	1	92.330143	91.000000	2	3.249356
7	7	94.446621	1	89.306446	91.000000	1	0.877032
8	8	94.446621	1	89.853708	91.000000	1	3.481145
9	9	94.446621	2	97.780769	91.000000	2	0.931297
10	10	94.446621	2	96.536963	91.000000	2	0.894080
11	11	94.446621	2	97.262846	91.000000	2	0.880767
12	12	94.446621	2	97.367040	91.000000	2	0.892940
13	13	94.446621	2	97.387976	91.000000	2	1.272341
14	14	94.446621	1	89.010381	91.000000	1	0.996201
15	15	94.446621	2	97.320996	91.000000	2	1.187391
16	1	24.078384	1	14.969021	21.000000	1	2.447125
17	2	24.078384	2	26.738704	21.000000	1	1.227547
18	3	24.078384	1	17.251649	21.000000	2	1.633217
19	4	24.078384	2	27.366424	21.000000	2	4.638072
20	5	24.078384	1	15.637337	21.000000	4	7.768680
21	6	24.078384	1	15.253474	21.000000	2	1.008591
22	7	24.078384	1	20.980144	21.000000	2	1.462982
23	8	24.078384	1	18.610356	21.000000	1	1.891450
24	9	24.078384	2	25.571848	21.000000	1	2.054287
25	10	24.078384	2	27.063181	21.000000	1	2.130126
26	11	24.078384	2	27.408347	21.000000	1	3.867321
27	12	24.078384	1	21.651384	21.000000	1	3.317699
28	13	24.078384	1	14.935522	21.000000	2	2.957942
29	14	24.078384	1	17.932972	21.000000	1	1.709149
30	15	24.078384	2	26.319023	21.000000	2	1.671169
31	16	24.078384	2	26.372253	21.000000	2	0.851052
32	17	24.078384	1	17.337812	21.000000	2	0.455669
33	18	24.078384	1	16.531591	21.000000	2	2.333635
34	19	24.078384	2	27.952597	21.000000	1	1.672185
35	20	24.078384	2	25.769142	21.000000	2	3.136600
36	21	24.078384	2	25.861061	21.000000	1	1.360221
37	22	24.078384	1	18.778228	21.000000	1	3.992786
38	23	24.078384	2	26.037810	21.000000	1	4.109882
39	24	24.078384	1	18.319783	21.000000	2	2.557922
40	25	24.078384	1	21.061122	21.000000	1	2.557386
41	26	24.078384	2	25.711901	21.000000	1	2.989066
42	27	24.078384	1	17.443900	21.000000	2	3.434710
43	28	24.078384	1	21.653368	21.000000	2	3.598312
44	29	24.078384	2	27.307039	21.000000	1	3.627753
45	30	24.078384	2	27.045775	21.000000	2	4.479787
46	31	24.078384	2	26.112203	21.000000	2	1.961015
47	32	24.078384	2	26.689199	21.000000	2	2.872857
48	33	24.078384	1	16.558412	21.000000	1	1.683679
49	34	24.078384	2	27.502131	21.000000	1	1.950357
50	35	24.078384	2	26.943586	21.000000	2	1.486399
51	36	24.078384	1	16.931352	21.000000	2	1.553265
52	37	24.078384	1	19.049034	21.000000	1	1.401765
53	38	24.078384	1	16.928406	21.000000	1	0.960001
54	39	24.078384	2	27.597209	21.000000	1	2.320678
55	40	24.078384	2	27.816535	21.000000	2	1.185760
56	41	24.078384	1	15.745056	21.000000	1	0.912926
57	42	24.078384	2	27.963227	21.000000	2	0.947802
58	43	24.078384	2	26.958419	21.000000	1	1.813834
59	44	24.078384	1	22.442803	21.000000	1	0.539150
60	45	24.078384	1	18.146471	21.000000	2	0.548680
61	46	24.078384	1	21.458765	21.000000	1	0.566444
62	47	24.078384	2	26.082764	21.000000	1	0.606664
63	48	24.078384	1	16.681252	21.000000	1	0.549733
64	49	24.078384	2	27.607611	21.000000	2	0.534837
65	50	24.078384	1	19.052894	21.000000	1	0.968447
66	51	24.078384	2	26.745463	21.000000	2	0.952493
67	52	24.078384	2	26.875843	21.000000	2	1.017208
68	53	24.078384	1	18.304017	21.000000	1	0.895043
69	54	24.078384	1	14.304554	21.000000	1	0.698623
70	55	24.078384	2	26.065659	21.000000	2	0.677606
71	56	24.078384	1	20.421536	21.000000	1	0.785788
72	57	24.078384	1	14.176886	21.000000	1	0.849257
73	58	24.078384	2	27.092369	21.000000	2	0.750026
74	59	24.078384	1	20.358517	21.000000	2	1.694964
75	1	46.735541	1	45.233535	49.000000	2	4.055217
76	2	46.735541	1	44.138581	49.000000	2	2.753714
77	3	46.735541	1	44.046064	49.000000	1	1.208932
78	4	46.735541	1	44.803013	49.000000	1	0.983378
79	5	46.735541	1	44.150781	49.000000	1	0.814890
80	6	46.735541	2	53.798283	49.000000	2	2.077633
81	7	46.735541	2	50.234023	49.000000	1	1.232832
82	8	46.735541	2	55.799830	49.000000	2	1.405947
83	9	46.735541	1	43.727719	49.000000	1	0.820289
84	10	46.735541	2	51.360394	49.000000	2	1.994501
85	11	46.735541	2	48.912690	49.000000	2	1.504951
86	12	46.735541	1	44.949477	49.000000	2	1.899245
87	13	46.735541	1	45.097810	49.000000	1	0.869936
88	14	46.735541	1	42.725891	49.000000	1	1.130234
89	15	46.735541	2	53.115273	49.000000	2	0.908075
90	16	46.735541	1	43.822045	49.000000	1	0.918769
91	17	46.735541	1	43.738703	49.000000	1	0.912763
92	18	46.735541	1	43.815573	49.000000	1	0.859710
93	19	46.735541	2	53.895381	49.000000	2	0.808387
94	20	46.735541	1	42.126168	49.000000	1	1.015092
95	21	46.735541	1	43.812089	49.000000	1	2.229946
96	1	6.878085	2	10.895274	7.000000	1	2.627855
97	2	6.878085	2	11.215149	7.000000	2	1.768667
98	3	6.878085	2	8.884874	7.000000	2	0.760126
99	4	6.878085	2	8.668131	7.000000	2	0.808912
100	5	6.878085	2	10.281245	7.000000	2	0.791761
101	6	6.878085	1	0.006531	7.000000	2	1.007251
102	7	6.878085	2	13.040953	7.000000	1	1.445866
103	8	6.878085	2	12.367554	7.000000	2	1.778975
104	9	6.878085	2	10.856502	7.000000	2	1.226278
105	10	6.878085	2	9.011430	7.000000	2	2.528229
106	11	6.878085	1	4.841743	7.000000	1	3.185154
107	12	6.878085	1	3.840289	7.000000	1	1.062555
108	13	6.878085	2	12.559934	7.000000	2	2.355356
109	14	6.878085	2	9.389727	7.000000	2	1.595078
110	15	6.878085	2	11.176658	7.000000	2	3.234813
111	16	6.878085	1	3.050148	7.000000	1	0.773223
112	17	6.878085	1	5.257341	7.000000	1	0.701668
113	18	6.878085	2	9.772881	7.000000	1	3.200526
114	19	6.878085	2	10.881453	7.000000	2	1.558242
115	20	6.878085	2	11.568069	7.000000	2	1.102498
116	1	33.980963	1	28.416839	35.000000	2	2.205835
117	2	33.980963	1	29.752390	35.000000	1	1.643562
118	3	33.980963	2	41.539364	35.000000	1	3.056095
119	4	33.980963	1	30.415311	35.000000	2	1.259505
120	5	33.980963	2	41.096455	35.000000	1	1.087949
121	6	33.980963	2	37.859426	35.000000	2	1.739179
122	7	33.980963	1	29.507990	35.000000	2	3.379926
123	8	33.980963	1	30.777101	35.000000	1	1.451411
124	9	33.980963	1	30.291133	35.000000	1	0.903809
125	10	33.980963	1	31.549117	35.000000	1	0.761267
126	11	33.980963	2	36.057570	35.000000	1	0.705852
127	12	33.980963	1	28.877133	35.000000	1	0.756886
128	13	33.980963	1	32.529932	35.000000	1	0.837780
129	14	33.980963	2	37.345833	35.000000	2	1.035159
130	15	33.980963	2	40.760237	35.000000	2	0.856734
131	16	33.980963	2	39.348791	35.000000	2	0.781430
132	17	33.980963	1	31.127307	35.000000	1	0.805634
133	18	33.980963	2	39.065423	35.000000	2	0.724405
134	19	33.980963	1	32.074502	35.000000	1	0.686516
135	20	33.980963	2	41.866690	35.000000	2	0.658258
136	21	33.980963	1	31.499682	35.000000	1	0.559207
137	1	77.268454	1	70.121592	77.000000	2	0.968125
138	2	77.268454	1	72.713326	77.000000	1	0.448807
139	3	77.268454	1	72.553273	77.000000	1	0.421179
140	4	77.268454	1	75.752826	77.000000	1	0.467799
141	5	77.268454	2	83.840816	77.000000	2	1.016219
142	6	77.268454	2	80.114606	77.000000	2	0.990027
143	7	77.268454	1	70.815641	77.000000	2	1.037413
144	8	77.268454	1	75.265284	77.000000	1	1.562744
145	9	77.268454	1	70.070994	77.000000	1	0.763115
146	10	77.268454	2	79.036516	77.000000	1	0.769337
147	11	77.268454	1	73.480994	77.000000	1	0.628149
148	12	77.268454	2	79.660760	77.000000	1	0.722526
149	13	77.268454	1	71.013977	77.000000	1	0.716710
150	14	77.268454	2	80.786545	77.000000	2	0.486771
151	15	77.268454	1	72.985265	77.000000	2	0.594439
152	16	77.268454	1	75.647972	77.000000	1	1.890300
153	17	77.268454	1	72.030871	77.000000	2	2.244838
154	18	77.268454	1	75.790562	77.000000	1	1.953221
155	19	77.268454	2	79.179310	77.000000	1	2.641261
156	20	77.268454	2	79.845616	77.000000	1	1.917327
157	21	77.268454	1	72.571494	77.000000	1	1.702675
158	22	77.268454	1	71.981381	77.000000	1	1.200712
159	23	77.268454	1	70.118156	77.000000	1	1.295065
160	24	77.268454	1	70.900323	77.000000	2	1.210467
161	25	77.268454	1	70.923719	77.000000	1	1.448905
162	26	77.268454	2	81.188644	77.000000	1	2.301717
163	27	77.268454	1	70.722445	77.000000	1	2.247536
164	28	77.268454	2	82.207153	77.000000	2	1.148034
165	29	77.268454	1	72.383419	77.000000	1	1.109228
166	30	77.268454	2	79.304586	77.000000	2	2.063781
167	31	77.268454	1	70.246243	77.000000	1	1.147769
168	32	77.268454	2	83.052807	77.000000	1	2.452958
169	33	77.268454	1	70.175149	77.000000	1	1.344463
170	34	77.268454	2	79.148722	77.000000	2	1.081547
171	35	77.268454	2	82.532183	77.000000	1	1.149498
172	36	77.268454	1	73.692740	77.000000	2	0.942199
173	37	77.268454	1	74.799813	77.000000	1	1.367355
174	38	77.268454	1	74.919400	77.000000	1	0.847246
175	39	77.268454	1	71.829745	77.000000	1	0.764717
176	40	77.268454	1	74.931262	77.000000	1	0.781548
177	41	77.268454	2	83.063755	77.000000	1	0.893713
178	42	77.268454	1	74.859748	77.000000	1	0.961243
179	43	77.268454	2	81.850335	77.000000	2	0.753899
180	44	77.268454	1	71.434896	77.000000	1	0.786609
181	45	77.268454	2	79.517859	77.000000	2	0.970169
182	46	77.268454	2	82.310539	77.000000	2	0.842117
183	47	77.268454	1	70.234257	77.000000	2	1.287585
184	48	77.268454	1	74.052644	77.000000	2	0.906917
185	49	77.268454	1	71.438475	77.000000	1	0.933477
186	50	77.268454	1	70.289248	77.000000	1	0.855568
187	51	77.268454	2	80.231605	77.000000	1	0.835819
188	52	77.268454	1	71.500674	77.000000	2	1.297259
189	53	77.268454	1	73.761879	77.000000	1	0.684513
190	54	77.268454	2	82.127990	77.000000	1	0.824027
191	55	77.268454	1	71.900051	77.000000	2	0.877977
192	56	77.268454	1	75.753597	77.000000	1	0.882411
193	57	77.268454	1	73.050972	77.000000	1	0.990358
194	58	77.268454	2	81.321368	77.000000	2	1.237635
195	59	77.268454	1	71.823391	77.000000	1	0.890710
196	60	77.268454	2	82.886695	77.000000	2	0.830283
197	61	77.268454	2	82.164574	77.000000	2	0.700419
198	62	77.268454	2	79.427030	77.000000	1	1.295280
199	63	77.268454	2	79.848421	77.000000	2	0.834197
200	64	77.268454	2	79.451787	77.000000	1	1.751838
201	65	77.268454	2	79.372211	77.000000	2	0.935896
202	66	77.268454	1	71.350419	77.000000	1	0.985334
203	67	77.268454	2	83.225999	77.000000	2	0.832619
204	68	77.268454	1	74.179966	77.000000	2	0.990192
205	69	77.268454	2	82.694024	77.000000	2	0.653543
206	70	77.268454	1	75.698198	77.000000	1	0.642494
207	71	77.268454	1	72.237236	77.000000	1	1.096008
208	72	77.268454	1	74.041408	77.000000	1	1.395190
209	73	77.268454	1	70.210406	77.000000	1	1.226353
210	74	77.268454	1	73.231156	77.000000	1	1.160279
211	75	77.268454	1	74.483045	77.000000	1	1.280741
212	76	77.268454	1	70.735707	77.000000	1	1.268718
213	77	77.268454	2	79.780801	77.000000	2	2.232418
214	78	77.268454	1	74.390945	77.000000	1	1.285430
215	1	60.538580	1	58.624611	63.000000	1	2.457824
216	2	60.538580	2	66.652927	63.000000	1	0.781530
217	3	60.538580	2	67.908942	63.000000	1	1.101716
218	4	60.538580	2	64.947175	63.000000	2	0.896209
219	5	60.538580	1	56.821012	63.000000	1	0.779544
220	6	60.538580	1	56.529120	63.000000	1	1.011977
221	7	60.538580	2	67.633076	63.000000	2	0.701697
222	8	60.538580	2	68.891347	63.000000	2	1.541367
223	9	60.538580	1	58.576017	63.000000	1	0.782274
224	10	60.538580	2	67.059116	63.000000	2	1.702607
225	11	60.538580	2	67.600660	63.000000	2	0.904602
226	12	60.538580	1	58.435649	63.000000	1	0.763206
227	13	60.538580	2	66.050572	63.000000	2	1.156261
228	14	60.538580	2	62.373126	63.000000	1	1.204831
229	15	60.538580	1	57.778329	63.000000	1	1.131239
230	16	60.538580	2	63.294918	63.000000	2	1.173061
231	1	74.768684	2	77.000000	78.221382	2	3.040370
232	2	74.768684	2	77.000000	83.291928	2	1.012219
233	3	74.768684	2	77.000000	80.671722	2	0.698931
234	4	74.768684	2	77.000000	83.081344	2	1.078254
235	5	74.768684	1	77.000000	72.711155	1	0.618400
236	6	74.768684	2	77.000000	80.180407	2	0.729922
237	7	74.768684	1	77.000000	70.789428	1	1.002896
238	8	74.768684	2	77.000000	78.954889	1	0.785638
239	9	74.768684	2	77.000000	79.519019	2	0.833082
240	10	74.768684	1	77.000000	70.694648	1	0.790545
241	11	74.768684	2	77.000000	77.468245	2	0.454021
242	12	74.768684	2	77.000000	79.878151	2	0.811079
243	13	74.768684	1	77.000000	71.445743	1	0.650140
244	14	74.768684	2	77.000000	78.565473	2	1.142990
245	1	37.080899	1	35.000000	32.863663	1	1.471490
246	2	37.080899	2	35.000000	40.868992	2	0.866931
247	3	37.080899	2	35.000000	39.706812	2	1.935340
248	4	37.080899	2	35.000000	40.299636	2	0.615980
249	5	37.080899	1	35.000000	35.074149	2	1.278113
250	6	37.080899	1	35.000000	28.339470	2	1.073830
251	7	37.080899	2	35.000000	39.541350	2	0.821740
252	8	37.080899	1	35.000000	34.821278	2	0.852762
253	9	37.080899	1	35.000000	30.909374	1	2.256520
254	10	37.080899	2	35.000000	41.960492	2	1.028567
255	11	37.080899	1	35.000000	33.962963	1	1.666533
256	12	37.080899	2	35.000000	39.141414	2	1.406093
257	13	37.080899	2	35.000000	40.458888	2	2.932504
258	14	37.080899	2	35.000000	39.961769	2	1.429074
259	15	37.080899	1	35.000000	34.203291	1	2.162542
260	16	37.080899	2	35.000000	40.740347	2	1.002364
261	17	37.080899	1	35.000000	28.982927	1	0.681033
262	18	37.080899	1	35.000000	28.999785	1	0.757095
263	19	37.080899	1	35.000000	32.624292	1	0.949041
264	20	37.080899	2	35.000000	39.827734	2	0.759529
265	1	24.393207	2	21.000000	26.244524	1	1.021992
266	2	24.393207	1	21.000000	14.189240	2	0.843975
267	3	24.393207	1	21.000000	20.755877	2	1.745565
268	4	24.393207	2	21.000000	27.998308	2	1.338320
269	5	24.393207	1	21.000000	21.588557	2	1.267143
270	6	24.393207	1	21.000000	19.518706	1	1.494969
271	7	24.393207	1	21.000000	20.949704	1	0.658110
272	8	24.393207	2	21.000000	26.824068	2	0.726913
273	9	24.393207	2	21.000000	26.102764	2	0.721275
274	10	24.393207	2	21.000000	26.409609	2	1.003334
275	11	24.393207	2	21.000000	27.927123	1	0.763303
276	12	24.393207	1	21.000000	22.687666	2	1.210861
277	13	24.393207	2	21.000000	27.789060	2	0.801537
278	14	24.393207	2	21.000000	27.853193	1	1.360297
279	15	24.393207	2	21.000000	26.362502	2	1.136567
280	16	24.393207	1	21.000000	14.806715	1	1.153974
281	17	24.393207	1	21.000000	16.295181	1	1.074647
282	18	24.393207	1	21.000000	14.800230	1	1.142422
283	19	24.393207	2	21.000000	27.734746	2	0.791770
284	20	24.393207	1	21.000000	15.814170	1	0.735191
285	21	24.393207	1	21.000000	20.129108	1	0.912661
286	22	24.393207	2	21.000000	27.001400	2	1.195445
287	23	24.393207	2	21.000000	26.123989	1	0.746903
288	24	24.393207	1	21.000000	18.053663	1	0.540242
289	25	24.393207	1	21.000000	17.285861	1	0.917938
290	26	24.393207	2	21.000000	27.451446	2	0.647955
291	27	24.393207	1	21.000000	14.277007	1	0.725550
292	28	24.393207	1	21.000000	21.280400	2	1.823789
293	29	24.393207	1	21.000000	16.288329	1	1.301085
294	30	24.393207	2	21.000000	27.478280	2	1.087674
295	31	24.393207	2	21.000000	25.856671	2	1.266464
296	32	24.393207	2	21.000000	26.734959	2	1.774797
297	33	24.393207	1	21.000000	21.584901	1	0.510116
298	34	24.393207	2	21.000000	26.792314	2	1.345271
299	35	24.393207	2	21.000000	25.973565	2	1.618404
300	36	24.393207	1	21.000000	15.493801	1	1.079834
301	37	24.393207	2	21.000000	27.369550	2	1.091592
302	1	49.335335	1	49.000000	42.191026	2	1.443199
303	2	49.335335	2	49.000000	55.636353	2	0.848267
304	3	49.335335	2	49.000000	54.005151	1	1.413702
305	4	49.335335	2	49.000000	52.490127	1	0.691982
306	5	49.335335	1	49.000000	47.353980	1	1.279505
307	6	49.335335	2	49.000000	51.098897	2	0.819464
308	7	49.335335	2	49.000000	54.279779	2	0.601488
309	8	49.335335	2	49.000000	54.037019	2	0.808557
310	9	49.335335	2	49.000000	54.687400	1	0.703353
311	10	49.335335	1	49.000000	45.338456	1	1.794410
312	11	49.335335	2	49.000000	51.239247	2	0.808921
313	12	49.335335	1	49.000000	44.858653	1	0.671875
314	13	49.335335	2	49.000000	53.695142	2	0.899929
315	14	49.335335	1	49.000000	42.801276	1	0.737557
316	15	49.335335	2	49.000000	53.434417	2	0.824280
317	16	49.335335	1	49.000000	47.327820	2	0.838411
318	17	49.335335	1	49.000000	47.807953	1	0.979934
319	18	49.335335	1	49.000000	46.735502	1	0.699982
320	19	49.335335	1	49.000000	47.275606	1	0.694911
321	20	49.335335	1	49.000000	43.991793	1	0.762485
322	21	49.335335	2	49.000000	55.677893	2	0.899288
323	22	49.335335	1	49.000000	43.121455	1	0.798086
324	23	49.335335	2	49.000000	51.300478	2	1.269660
325	1	88.283821	1	91.000000	85.422477	2	0.983455
326	2	88.283821	2	91.000000	91.314346	2	0.526870
327	3	88.283821	2	91.000000	97.605965	2	0.761168
328	4	88.283821	1	91.000000	86.615783	1	0.713865
329	5	88.283821	1	91.000000	86.544939	1	1.269010
330	6	88.283821	1	91.000000	85.296677	1	0.640576
331	7	88.283821	2	91.000000	96.794607	2	0.686381
332	8	88.283821	1	91.000000	85.385945	1	0.769860
333	9	88.283821	2	91.000000	92.801712	1	1.122128
334	10	88.283821	1	91.000000	86.418873	1	0.507901
335	11	88.283821	2	91.000000	89.946433	2	1.127035
336	12	88.283821	2	91.000000	96.752668	2	0.673082
337	13	88.283821	1	91.000000	85.046322	1	2.197142
338	14	88.283821	2	91.000000	93.801750	2	0.595750
339	15	88.283821	1	91.000000	86.723877	1	1.347421
340	1	63.075642	2	63.000000	68.903059	1	1.065816
341	2	63.075642	1	63.000000	56.257464	2	1.382516
342	3	63.075642	2	63.000000	66.160019	2	0.533583
343	4	63.075642	2	63.000000	67.142948	2	1.151499
344	5	63.075642	1	63.000000	58.654308	1	0.799736
345	6	63.075642	2	63.000000	68.897618	2	0.854671
346	7	63.075642	1	63.000000	60.562882	1	0.859347
347	8	63.075642	1	63.000000	58.152009	1	0.960331
348	9	63.075642	1	63.000000	57.339847	1	0.657071
349	10	63.075642	2	63.000000	64.648904	2	0.653935
350	11	63.075642	2	63.000000	65.368715	2	0.842838
351	12	63.075642	2	63.000000	64.891383	2	0.920426
352	13	63.075642	1	63.000000	59.536173	1	0.618400
353	14	63.075642	2	63.000000	68.374472	2	0.816470
354	15	63.075642	2	63.000000	66.277268	2	0.830806
355	1	10.037433	1	7.000000	0.627236	1	1.299063
356	2	10.037433	2	7.000000	11.880824	2	0.574202
357	3	10.037433	1	7.000000	5.547851	2	0.550415
358	4	10.037433	2	7.000000	11.521889	2	0.719435
359	5	10.037433	2	7.000000	11.835840	2	0.921732
360	6	10.037433	2	7.000000	13.859199	2	0.835714
361	7	10.037433	1	7.000000	8.417400	1	0.897123
362	8	10.037433	1	7.000000	7.317926	1	0.492549
363	9	10.037433	1	7.000000	1.564913	1	0.864286
364	10	10.037433	1	7.000000	6.783101	2	0.757305
365	11	10.037433	1	7.000000	4.564313	1	1.118035
366	12	10.037433	1	7.000000	8.150978	1	0.519965
367	13	10.037433	1	7.000000	1.222088	1	0.690475
368	14	10.037433	1	7.000000	5.760674	1	0.702047
369	15	10.037433	2	7.000000	11.634060	1	1.064751
370	16	10.037433	1	7.000000	2.481671	1	1.381214
371	17	10.037433	2	7.000000	13.427396	2	1.117185
372	18	10.037433	2	7.000000	13.665972	3	0.495059
373	19	10.037433	1	7.000000	2.554442	1	1.615265
374	20	10.037433	2	7.000000	11.596784	2	0.997452
375	21	10.037433	2	7.000000	12.020461	2	0.828684
376	22	10.037433	2	7.000000	12.904113	2	0.922920
377	23	10.037433	1	7.000000	3.358709	1	0.509005
378	24	10.037433	1	7.000000	2.482621	1	0.935879
379	25	10.037433	2	7.000000	11.721730	2	0.921477
380	26	10.037433	1	7.000000	0.746922	1	0.507362
381	27	10.037433	1	7.000000	7.098697	1	0.718550
382	28	10.037433	2	7.000000	13.195380	2	1.112698
383	29	10.037433	1	7.000000	6.700492	1	0.891389
