1	1	80.451472	2	77.000000	83.515935	4	6.974007
2	2	80.451472	2	77.000000	83.599054	2	0.991033
3	3	80.451472	1	77.000000	75.710593	2	0.709943
4	4	80.451472	2	77.000000	82.846209	1	0.880799
5	5	80.451472	2	77.000000	82.232724	1	0.644857
6	6	80.451472	1	77.000000	76.003563	2	0.498545
7	7	80.451472	2	77.000000	82.283462	1	0.414023
8	8	80.451472	1	77.000000	78.633308	2	0.437176
9	9	80.451472	2	77.000000	82.912075	2	0.394980
10	10	80.451472	2	77.000000	83.338024	2	0.530811
11	11	80.451472	2	77.000000	83.284494	2	0.341233
12	12	80.451472	2	77.000000	83.346518	2	0.303026
13	13	80.451472	2	77.000000	83.484166	2	0.394340
14	14	80.451472	1	77.000000	73.735456	2	0.410035
15	15	80.451472	2	77.000000	81.923796	2	0.400925
16	16	80.451472	1	77.000000	75.145413	2	1.472321
17	17	80.451472	1	77.000000	76.275807	2	0.947987
18	18	80.451472	1	77.000000	71.605770	1	0.549386
19	19	80.451472	2	77.000000	83.105477	1	0.918323
20	20	80.451472	1	77.000000	72.868325	1	1.072333
21	21	80.451472	1	77.000000	74.219091	1	0.564338
22	22	80.451472	1	77.000000	74.089845	1	0.694445
23	23	80.451472	2	77.000000	82.241207	1	0.752936
24	24	80.451472	1	77.000000	72.864862	2	1.425735
25	25	80.451472	1	77.000000	71.398496	2	0.399419
26	26	80.451472	1	77.000000	74.089708	1	0.254618
27	27	80.451472	2	77.000000	82.603719	1	0.315697
28	28	80.451472	1	77.000000	73.901430	2	1.238160
29	29	80.451472	1	77.000000	75.440255	1	1.197181
30	30	80.451472	1	77.000000	76.962171	1	0.994647
31	31	80.451472	1	77.000000	72.181076	2	1.058036
32	32	80.451472	2	77.000000	81.940588	1	1.590397
33	33	80.451472	2	77.000000	82.553216	2	0.925451
34	34	80.451472	2	77.000000	81.975663	2	1.071627
35	35	80.451472	1	77.000000	78.481663	2	0.803474
36	36	80.451472	1	77.000000	70.504436	1	0.442250
37	37	80.451472	1	77.000000	71.597218	1	0.928144
38	38	80.451472	2	77.000000	83.429268	1	0.570068
39	39	80.451472	1	77.000000	73.261000	2	0.762346
40	40	80.451472	1	77.000000	70.161056	1	0.948824
41	41	80.451472	2	77.000000	82.333210	1	0.582371
42	42	80.451472	2	77.000000	83.442763	2	0.660825
43	43	80.451472	1	77.000000	75.225622	2	0.729789
44	44	80.451472	1	77.000000	70.799311	1	1.605370
45	45	80.451472	1	77.000000	75.340778	1	1.194400
46	46	80.451472	1	77.000000	72.121168	1	2.025530
47	47	80.451472	2	77.000000	82.218608	2	0.510623
48	48	80.451472	1	77.000000	77.401481	2	1.033736
49	49	80.451472	1	77.000000	77.527699	1	0.798970
50	50	80.451472	2	77.000000	83.101465	2	1.149872
51	51	80.451472	1	77.000000	71.123691	1	1.374498
52	52	80.451472	2	77.000000	83.470622	2	1.158067
53	53	80.451472	2	77.000000	82.944655	1	1.022811
54	54	80.451472	2	77.000000	83.652336	2	0.540723
55	55	80.451472	2	77.000000	83.198658	2	0.406246
56	56	80.451472	1	77.000000	77.587213	2	0.653358
57	57	80.451472	1	77.000000	76.455075	2	1.090420
58	58	80.451472	2	77.000000	82.806451	1	0.453597
59	59	80.451472	1	77.000000	70.146424	1	1.394720
60	60	80.451472	2	77.000000	82.531708	2	0.705813
61	61	80.451472	1	77.000000	70.645969	1	1.252732
62	62	80.451472	2	77.000000	83.706224	2	0.889069
63	63	80.451472	1	77.000000	75.566856	2	0.652497
64	64	80.451472	1	77.000000	77.805969	1	0.497293
65	65	80.451472	2	77.000000	83.339595	1	1.069175
66	66	80.451472	1	77.000000	73.022718	2	0.673191
67	67	80.451472	2	77.000000	82.098248	2	1.149344
68	68	80.451472	2	77.000000	83.765292	1	1.141931
69	69	80.451472	1	77.000000	70.564575	2	1.008694
70	70	80.451472	1	77.000000	71.400088	2	1.005848
71	71	80.451472	1	77.000000	76.271124	1	1.660470
72	72	80.451472	2	77.000000	82.592062	2	1.288540
73	73	80.451472	1	77.000000	74.382368	1	0.915811
74	74	80.451472	1	77.000000	78.694139	1	1.925906
75	75	80.451472	1	77.000000	78.897216	2	1.591245
76	76	80.451472	1	77.000000	71.304164	1	1.749787
77	77	80.451472	1	77.000000	77.093175	1	0.790183
78	78	80.451472	2	77.000000	83.201016	2	0.933677
79	79	80.451472	1	77.000000	71.623186	2	1.110998
80	80	80.451472	1	77.000000	73.268114	1	1.233578
81	81	80.451472	2	77.000000	83.362027	2	0.862704
82	82	80.451472	2	77.000000	83.838855	2	1.083602
83	83	80.451472	2	77.000000	83.866929	2	0.990772
84	84	80.451472	1	77.000000	71.110744	1	0.766020
85	85	80.451472	2	77.000000	82.735655	2	0.726249
86	86	80.451472	2	77.000000	81.934176	2	1.168471
87	87	80.451472	1	77.000000	72.549586	2	1.040424
88	88	80.451472	1	77.000000	71.423307	1	0.573376
89	89	80.451472	2	77.000000	83.620210	2	0.830033
90	90	80.451472	1	77.000000	71.352128	1	1.084282
91	91	80.451472	1	77.000000	72.813543	1	0.575209
92	92	80.451472	2	77.000000	82.293121	2	0.887679
93	93	80.451472	1	77.000000	74.342878	1	1.194914
94	1	35.374812	2	35.000000	38.155338	4	16.362330
95	2	35.374812	2	35.000000	37.202025	2	1.180326
96	3	35.374812	2	35.000000	39.753021	2	1.268201
97	4	35.374812	1	35.000000	30.182094	2	0.616138
98	5	35.374812	1	35.000000	31.238404	2	0.776337
99	6	35.374812	1	35.000000	33.141472	2	1.215274
100	7	35.374812	2	35.000000	36.883060	1	0.525102
101	8	35.374812	1	35.000000	28.097726	1	0.567299
102	9	35.374812	2	35.000000	40.326145	1	0.751793
103	10	35.374812	1	35.000000	33.785227	2	1.712626
104	11	35.374812	1	35.000000	29.375119	1	0.554715
105	12	35.374812	1	35.000000	31.056423	1	0.915799
106	13	35.374812	1	35.000000	33.378162	1	0.989737
107	14	35.374812	2	35.000000	38.149776	1	1.053171
108	15	35.374812	1	35.000000	33.502651	1	1.689690
109	16	35.374812	1	35.000000	31.881589	1	4.284663
110	17	35.374812	1	35.000000	33.816138	1	2.526083
111	18	35.374812	1	35.000000	31.760980	1	1.800527
112	19	35.374812	1	35.000000	30.952957	1	1.301633
113	20	35.374812	2	35.000000	37.126975	1	0.359976
114	21	35.374812	1	35.000000	32.623502	1	1.753312
115	22	35.374812	1	35.000000	31.627672	1	2.009264
116	23	35.374812	1	35.000000	32.583087	1	1.391155
117	24	35.374812	1	35.000000	31.121075	1	1.574269
118	25	35.374812	2	35.000000	39.723757	1	1.957848
119	26	35.374812	2	35.000000	41.785987	1	2.069649
120	27	35.374812	1	35.000000	32.113826	1	2.024623
121	28	35.374812	2	35.000000	37.323524	1	0.766317
122	29	35.374812	1	35.000000	29.795297	2	0.510381
123	30	35.374812	2	35.000000	40.695070	1	1.129180
124	31	35.374812	1	35.000000	31.525844	2	1.171145
125	32	35.374812	1	35.000000	33.756541	2	0.554937
126	33	35.374812	2	35.000000	39.051530	1	0.284028
127	34	35.374812	1	35.000000	28.658129	1	0.407882
128	35	35.374812	2	35.000000	39.303915	1	0.856706
129	36	35.374812	1	35.000000	32.602453	1	0.709814
130	37	35.374812	2	35.000000	40.528239	2	0.830895
131	38	35.374812	1	35.000000	30.832100	1	0.580866
132	39	35.374812	2	35.000000	41.219605	2	2.165223
133	40	35.374812	2	35.000000	40.971185	2	0.949081
134	41	35.374812	1	35.000000	30.501904	1	0.829706
135	42	35.374812	2	35.000000	40.873200	1	0.835720
136	43	35.374812	2	35.000000	39.254023	2	1.033279
137	44	35.374812	1	35.000000	33.532114	1	0.766651
138	45	35.374812	1	35.000000	28.481199	1	0.790861
139	46	35.374812	2	35.000000	37.710183	2	0.942227
140	47	35.374812	1	35.000000	32.481463	1	0.967559
141	48	35.374812	1	35.000000	31.829909	1	0.743655
142	49	35.374812	1	35.000000	30.185504	1	0.801082
143	1	91.943188	2	91.000000	94.459567	4	5.305528
144	2	91.943188	2	91.000000	93.802101	1	0.686015
145	3	91.943188	1	91.000000	90.287359	2	0.705618
146	4	91.943188	1	91.000000	88.593915	2	1.340322
147	5	91.943188	1	91.000000	88.039997	1	0.469597
148	6	91.943188	1	91.000000	88.434202	1	0.785254
149	7	91.943188	1	91.000000	87.272388	1	0.712728
150	8	91.943188	2	91.000000	94.917931	1	0.838566
151	9	91.943188	1	91.000000	87.105467	1	0.897244
152	10	91.943188	1	91.000000	86.307659	1	0.644602
153	11	91.943188	2	91.000000	97.741802	2	0.618144
154	12	91.943188	1	91.000000	85.246033	2	0.744595
155	13	91.943188	2	91.000000	97.277206	2	1.098019
156	14	91.943188	1	91.000000	84.115695	1	0.605342
157	15	91.943188	2	91.000000	95.085281	2	0.948129
158	16	91.943188	1	91.000000	88.720444	1	0.893531
159	17	91.943188	2	91.000000	96.592740	2	1.129158
160	18	91.943188	2	91.000000	93.953228	1	1.355015
161	19	91.943188	1	91.000000	87.799672	1	2.147311
162	20	91.943188	1	91.000000	85.946556	1	0.986385
163	21	91.943188	2	91.000000	95.659753	1	1.467170
164	22	91.943188	1	91.000000	88.809866	1	1.558704
165	23	91.943188	1	91.000000	89.424394	1	1.591067
166	24	91.943188	2	91.000000	94.042310	2	1.709762
167	25	91.943188	1	91.000000	85.489717	1	1.207856
168	26	91.943188	2	91.000000	93.441622	2	3.710585
169	27	91.943188	2	91.000000	96.883339	2	2.231045
170	28	91.943188	2	91.000000	97.558871	2	0.916125
171	29	91.943188	1	91.000000	86.144293	1	1.006256
172	30	91.943188	2	91.000000	97.783952	2	1.444768
173	31	91.943188	2	91.000000	94.906204	2	0.761850
174	32	91.943188	1	91.000000	88.232815	1	1.058769
175	1	24.428032	1	21.000000	19.243210	1	3.443434
176	2	24.428032	2	21.000000	26.413778	2	1.335169
177	3	24.428032	1	21.000000	14.007243	1	0.791906
178	4	24.428032	1	21.000000	20.484611	2	0.815627
179	5	24.428032	1	21.000000	22.269294	1	1.197936
180	6	24.428032	2	21.000000	27.631824	2	1.500960
181	7	24.428032	2	21.000000	26.100709	1	1.599388
182	8	24.428032	1	21.000000	14.708196	1	1.190119
183	9	24.428032	2	21.000000	27.056349	2	1.893390
184	10	24.428032	1	21.000000	15.801109	1	0.671989
185	11	24.428032	2	21.000000	27.706306	1	0.996280
186	12	24.428032	1	21.000000	22.865139	1	1.499765
187	13	24.428032	1	21.000000	22.028489	1	1.053904
188	14	24.428032	2	21.000000	26.852547	1	0.818460
189	15	24.428032	1	21.000000	22.972906	1	1.392611
190	16	24.428032	2	21.000000	26.691050	1	1.223382
191	17	24.428032	1	21.000000	15.459917	1	0.919403
192	18	24.428032	2	21.000000	27.738156	1	1.393281
193	19	24.428032	1	21.000000	20.841554	1	0.974633
194	20	24.428032	1	21.000000	18.851443	1	0.966544
195	21	24.428032	1	21.000000	17.734917	1	0.822715
196	22	24.428032	2	21.000000	25.923888	2	0.820900
197	23	24.428032	2	21.000000	27.020105	2	1.026904
198	24	24.428032	2	21.000000	27.452496	2	0.808825
199	25	24.428032	2	21.000000	26.835072	1	1.487624
200	26	24.428032	2	21.000000	27.695421	2	3.034749
201	27	24.428032	1	21.000000	19.443810	1	0.886349
202	28	24.428032	2	21.000000	27.129944	1	1.161888
203	29	24.428032	2	21.000000	25.961309	2	1.394365
204	30	24.428032	2	21.000000	27.761822	2	1.977453
205	31	24.428032	2	21.000000	27.110693	2	1.776664
206	32	24.428032	2	21.000000	27.051230	2	0.807890
207	33	24.428032	1	21.000000	14.078610	1	0.670977
208	34	24.428032	1	21.000000	16.942586	1	0.883175
209	35	24.428032	1	21.000000	19.905819	1	1.926342
210	36	24.428032	2	21.000000	26.570777	2	0.855857
211	37	24.428032	1	21.000000	20.451698	1	1.292681
212	38	24.428032	2	21.000000	25.970999	2	2.287902
213	39	24.428032	1	21.000000	17.059296	2	3.530086
214	1	8.118345	1	7.000000	1.055394	2	4.626305
215	2	8.118345	1	7.000000	0.944574	1	0.861551
216	3	8.118345	1	7.000000	0.288024	1	0.786370
217	4	8.118345	1	7.000000	4.855266	1	0.745915
218	5	8.118345	2	7.000000	11.573921	2	0.859197
219	6	8.118345	2	7.000000	13.545014	2	1.360057
220	7	8.118345	2	7.000000	12.381290	1	0.992603
221	8	8.118345	2	7.000000	13.198340	2	0.967899
222	9	8.118345	2	7.000000	11.112140	2	0.679864
223	10	8.118345	2	7.000000	13.349943	2	0.884136
224	11	8.118345	1	7.000000	0.056905	3	0.471549
225	12	8.118345	2	7.000000	9.787835	1	0.640949
226	13	8.118345	2	7.000000	12.843312	2	0.606674
227	14	8.118345	1	7.000000	6.421359	1	1.037581
228	15	8.118345	1	7.000000	4.429336	2	1.322957
229	16	8.118345	1	7.000000	0.911030	1	0.956652
230	17	8.118345	1	7.000000	5.905702	1	3.029272
231	18	8.118345	2	7.000000	11.442378	2	1.321905
232	19	8.118345	2	7.000000	13.207871	2	0.987572
233	20	8.118345	1	7.000000	5.347163	1	0.794838
234	21	8.118345	2	7.000000	13.967181	2	1.242414
235	22	8.118345	1	7.000000	6.011904	2	1.223536
236	23	8.118345	2	7.000000	10.350992	1	0.741463
237	24	8.118345	2	7.000000	11.195961	2	0.966770
238	25	8.118345	1	7.000000	4.409146	1	0.862895
239	26	8.118345	1	7.000000	5.323718	1	1.115757
240	27	8.118345	2	7.000000	9.643654	2	1.062393
241	28	8.118345	1	7.000000	2.652494	1	0.890901
242	29	8.118345	2	7.000000	12.845408	2	0.870248
243	30	8.118345	1	7.000000	3.744119	1	0.786489
244	31	8.118345	2	7.000000	10.415254	1	0.793893
245	32	8.118345	2	7.000000	10.613438	1	1.297360
246	33	8.118345	2	7.000000	13.288146	2	0.756405
247	34	8.118345	1	7.000000	3.112384	1	0.861243
248	35	8.118345	1	7.000000	4.477626	1	1.162200
249	36	8.118345	2	7.000000	12.686006	2	0.674646
250	37	8.118345	2	7.000000	13.446382	2	0.782911
251	38	8.118345	2	7.000000	13.937522	2	0.566456
252	39	8.118345	2	7.000000	11.334278	2	0.848544
253	40	8.118345	1	7.000000	1.785986	1	0.660184
254	41	8.118345	2	7.000000	10.127277	2	1.801137
255	42	8.118345	1	7.000000	0.036328	1	0.975419
256	43	8.118345	2	7.000000	12.510855	2	0.983299
257	44	8.118345	1	7.000000	5.480123	1	1.062517
258	45	8.118345	2	7.000000	12.171949	2	1.796861
259	1	65.781860	2	63.000000	67.367635	2	3.776108
260	2	65.781860	1	63.000000	62.320494	1	0.670219
261	3	65.781860	2	63.000000	69.714629	1	1.338284
262	4	65.781860	2	63.000000	68.896646	1	1.323411
263	5	65.781860	2	63.000000	68.420660	2	0.653273
264	6	65.781860	2	63.000000	68.128402	1	0.866192
265	7	65.781860	1	63.000000	61.774775	2	0.846149
266	8	65.781860	2	63.000000	68.218425	1	1.083661
267	9	65.781860	1	63.000000	61.788785	1	0.663049
268	10	65.781860	2	63.000000	68.538705	1	0.875982
269	11	65.781860	1	63.000000	61.571574	1	1.008057
270	12	65.781860	2	63.000000	68.758789	1	0.870652
271	13	65.781860	2	63.000000	68.610012	1	1.034835
272	14	65.781860	2	63.000000	68.645142	3	0.720204
273	15	65.781860	1	63.000000	57.821740	2	0.279277
274	16	65.781860	2	63.000000	69.565254	1	1.883895
275	17	65.781860	1	63.000000	61.646260	1	1.742608
276	18	65.781860	2	63.000000	68.839533	2	2.295459
277	19	65.781860	1	63.000000	56.580257	1	0.713525
278	20	65.781860	2	63.000000	68.444799	2	0.956622
279	21	65.781860	1	63.000000	64.377280	1	1.893325
280	22	65.781860	1	63.000000	56.309573	1	2.040020
281	23	65.781860	1	63.000000	63.898633	1	1.292518
282	24	65.781860	1	63.000000	58.010388	1	1.015623
283	25	65.781860	2	63.000000	68.891524	2	0.582221
284	26	65.781860	1	63.000000	60.655430	1	0.797918
285	27	65.781860	2	63.000000	68.970565	2	1.997385
286	28	65.781860	1	63.000000	58.180833	1	1.779967
287	29	65.781860	2	63.000000	67.714333	2	1.347475
288	1	47.653055	2	49.000000	55.097546	1	3.578630
289	2	47.653055	2	49.000000	49.056015	2	0.736584
290	3	47.653055	1	49.000000	43.854680	2	3.610066
291	4	47.653055	2	49.000000	51.183307	1	1.974532
292	5	47.653055	2	49.000000	49.334759	2	1.542131
293	6	47.653055	2	49.000000	49.666631	2	1.030907
294	7	47.653055	1	49.000000	46.222453	1	2.701037
295	8	47.653055	1	49.000000	44.957923	1	1.702380
296	9	47.653055	2	49.000000	52.983437	2	1.512533
297	10	47.653055	2	49.000000	52.181948	4	5.514743
298	11	47.653055	2	49.000000	50.516934	2	0.758494
299	12	47.653055	1	49.000000	43.436731	1	0.855004
300	13	47.653055	2	49.000000	50.275337	1	1.596093
301	14	47.653055	1	49.000000	42.522477	1	2.762869
302	15	47.653055	2	49.000000	55.747248	2	1.066334
303	16	47.653055	2	49.000000	51.907460	2	1.205964
304	17	47.653055	1	49.000000	43.043796	2	1.284623
305	18	47.653055	1	49.000000	42.178145	1	1.647769
306	19	47.653055	2	49.000000	51.202926	1	2.444664
307	20	47.653055	1	49.000000	42.146350	1	0.536762
308	21	47.653055	1	49.000000	44.372292	1	0.682671
309	22	47.653055	2	49.000000	52.826859	2	2.638181
310	23	47.653055	1	49.000000	44.414336	1	1.714010
311	24	47.653055	2	49.000000	55.391954	1	1.155537
312	25	47.653055	2	49.000000	52.494478	1	0.860227
313	26	47.653055	2	49.000000	52.722765	1	0.864995
314	27	47.653055	1	49.000000	44.277373	1	1.133751
315	28	47.653055	2	49.000000	50.414501	1	2.678824
316	29	47.653055	2	49.000000	54.224252	1	2.545556
317	30	47.653055	1	49.000000	43.301572	1	0.841703
318	31	47.653055	2	49.000000	52.381394	1	2.607388
319	32	47.653055	2	49.000000	52.683093	1	1.380731
320	33	47.653055	1	49.000000	44.435069	1	1.236507
321	34	47.653055	2	49.000000	54.149342	1	1.505710
322	35	47.653055	2	49.000000	50.587859	1	0.859907
323	36	47.653055	1	49.000000	45.347677	1	0.888706
324	37	47.653055	1	49.000000	44.189069	1	4.564113
325	38	47.653055	2	49.000000	53.423348	1	1.538069
326	39	47.653055	1	49.000000	42.634763	2	3.043057
327	40	47.653055	1	49.000000	45.954767	1	1.438666
328	41	47.653055	2	49.000000	53.064041	2	2.851706
329	42	47.653055	2	49.000000	50.349908	2	4.198887
330	43	47.653055	2	49.000000	55.902659	2	1.371979
331	44	47.653055	1	49.000000	45.293340	1	1.403541
332	45	47.653055	2	49.000000	54.110812	1	1.177728
333	46	47.653055	2	49.000000	49.654128	2	1.065834
334	47	47.653055	2	49.000000	51.710844	2	0.679144
335	48	47.653055	2	49.000000	53.581442	2	0.723708
336	49	47.653055	1	49.000000	42.250607	1	1.180311
337	50	47.653055	2	49.000000	49.394629	1	1.332199
338	51	47.653055	1	49.000000	44.059336	1	0.965895
339	52	47.653055	2	49.000000	54.196403	2	1.253770
340	53	47.653055	1	49.000000	44.645253	4	5.274328
341	54	47.653055	1	49.000000	42.925740	1	2.399986
342	55	47.653055	1	49.000000	43.944908	2	2.390399
343	56	47.653055	2	49.000000	49.155020	1	1.228644
344	57	47.653055	2	49.000000	50.904006	2	3.338447
345	58	47.653055	2	49.000000	54.437088	2	0.970087
346	59	47.653055	1	49.000000	44.998163	1	1.225996
347	60	47.653055	2	49.000000	55.152232	2	1.191979
348	61	47.653055	2	49.000000	49.115989	1	1.183077
349	62	47.653055	2	49.000000	49.456994	1	2.630252
350	63	47.653055	1	49.000000	44.522418	1	1.683083
351	64	47.653055	1	49.000000	45.185043	1	3.351547
352	65	47.653055	1	49.000000	42.440517	1	0.965490
353	66	47.653055	2	49.000000	55.430672	2	1.070020
354	67	47.653055	1	49.000000	43.946062	1	1.049956
355	68	47.653055	2	49.000000	51.833884	2	0.814696
356	69	47.653055	2	49.000000	50.763777	2	0.949479
357	70	47.653055	2	49.000000	55.174514	2	0.878291
358	71	47.653055	1	49.000000	44.908590	2	1.306351
359	72	47.653055	2	49.000000	50.339070	2	0.924640
360	73	47.653055	1	49.000000	45.495141	2	3.022736
361	74	47.653055	2	49.000000	53.294531	2	0.907086
362	75	47.653055	2	49.000000	52.000993	2	0.974056
363	76	47.653055	2	49.000000	51.169178	2	1.005843
364	77	47.653055	1	49.000000	44.595264	1	1.348621
365	78	47.653055	2	49.000000	54.436288	2	2.685854
366	79	47.653055	2	49.000000	51.721108	4	10.887670
367	80	47.653055	1	49.000000	45.806893	1	1.192786
368	81	47.653055	1	49.000000	42.960274	1	1.865497
369	82	47.653055	1	49.000000	43.878336	1	1.035870
370	83	47.653055	1	49.000000	44.174660	1	1.329232
371	84	47.653055	1	49.000000	44.760605	1	0.938722
372	85	47.653055	2	49.000000	49.840084	2	2.268160
373	86	47.653055	2	49.000000	52.836910	1	1.176482
374	87	47.653055	1	49.000000	43.308992	1	1.639133
375	88	47.653055	2	49.000000	54.057788	2	0.771836
376	89	47.653055	1	49.000000	45.093304	1	1.340068
377	90	47.653055	2	49.000000	55.445383	2	1.149062
378	91	47.653055	1	49.000000	44.045884	1	1.718557
379	92	47.653055	2	49.000000	50.859950	2	2.735806
380	93	47.653055	1	49.000000	44.324446	1	1.335872
381	1	66.158056	1	61.152466	63.000000	1	3.393693
382	2	66.158056	1	59.125292	63.000000	1	0.855230
383	3	66.158056	2	68.023787	63.000000	2	0.964015
384	4	66.158056	2	67.609167	63.000000	1	1.044857
385	5	66.158056	2	69.712491	63.000000	2	0.585855
386	6	66.158056	2	69.059710	63.000000	2	0.905702
387	7	66.158056	2	68.230529	63.000000	2	0.828441
388	8	66.158056	1	58.644996	63.000000	1	0.730417
389	9	66.158056	2	67.789245	63.000000	2	0.676579
390	10	66.158056	1	61.880592	63.000000	1	0.968713
391	11	66.158056	1	57.157596	63.000000	1	1.009017
392	12	66.158056	1	63.489881	63.000000	2	0.937368
393	13	66.158056	2	69.711911	63.000000	2	1.112997
394	14	66.158056	2	69.225566	63.000000	2	0.731685
395	15	66.158056	1	57.950722	63.000000	1	0.869861
396	16	66.158056	2	69.801807	63.000000	2	0.593775
397	17	66.158056	1	62.485762	63.000000	2	1.145641
398	18	66.158056	1	56.692802	63.000000	1	0.522867
399	19	66.158056	1	58.190564	63.000000	1	0.692954
400	20	66.158056	2	69.490366	63.000000	2	0.584672
401	21	66.158056	2	68.281898	63.000000	1	0.752149
402	22	66.158056	2	69.088545	63.000000	2	0.705303
403	23	66.158056	1	59.332659	63.000000	1	0.588254
404	24	66.158056	2	69.095558	63.000000	2	0.915630
405	25	66.158056	1	63.609379	63.000000	1	0.725743
406	26	66.158056	2	69.426030	63.000000	2	0.544034
407	27	66.158056	1	57.641658	63.000000	1	0.529637
408	28	66.158056	2	67.816212	63.000000	2	0.612157
409	29	66.158056	2	69.736087	63.000000	2	1.002883
410	30	66.158056	2	69.708386	63.000000	2	1.417691
411	31	66.158056	2	69.268678	63.000000	2	0.631404
412	1	21.958188	2	27.522604	21.000000	1	2.989519
413	2	21.958188	2	24.000040	21.000000	1	1.227392
414	3	21.958188	1	15.509740	21.000000	2	0.793234
415	4	21.958188	2	27.581819	21.000000	2	1.168644
416	5	21.958188	1	18.119497	21.000000	1	1.176459
417	6	21.958188	1	14.761344	21.000000	1	0.936446
418	7	21.958188	2	23.775117	21.000000	2	0.689908
419	8	21.958188	1	17.874908	21.000000	1	1.175037
420	9	21.958188	2	26.214074	21.000000	2	1.029250
421	10	21.958188	1	14.392490	21.000000	1	0.891276
422	11	21.958188	2	25.977957	21.000000	2	0.822606
423	12	21.958188	2	24.503929	21.000000	2	1.388795
424	13	21.958188	2	26.052250	21.000000	2	0.603223
425	14	21.958188	1	18.616493	21.000000	1	1.274773
426	15	21.958188	1	15.982303	21.000000	2	1.294541
427	16	21.958188	2	24.400697	21.000000	1	0.961699
428	17	21.958188	2	27.103761	21.000000	2	0.858378
429	18	21.958188	2	27.478556	21.000000	2	2.023159
430	19	21.958188	2	27.465180	21.000000	1	1.700419
431	20	21.958188	2	26.407136	21.000000	2	0.926517
432	21	21.958188	1	18.621498	21.000000	2	2.776426
433	22	21.958188	1	18.012921	21.000000	1	1.143271
434	23	21.958188	2	26.761564	21.000000	2	1.224442
435	24	21.958188	1	18.807058	21.000000	4	5.190277
436	25	21.958188	2	27.202433	21.000000	1	0.855592
437	26	21.958188	2	27.292448	21.000000	2	0.724119
438	27	21.958188	2	23.589822	21.000000	2	1.254513
439	28	21.958188	1	15.734734	21.000000	1	0.810997
440	29	21.958188	1	19.665573	21.000000	2	0.977745
441	30	21.958188	1	17.100952	21.000000	1	0.977730
442	31	21.958188	1	17.359740	21.000000	1	0.785701
443	32	21.958188	1	16.383548	21.000000	1	0.897337
444	33	21.958188	1	14.088307	21.000000	1	0.556559
445	34	21.958188	1	18.809045	21.000000	1	1.981656
446	35	21.958188	1	18.070875	21.000000	1	1.829164
447	36	21.958188	2	23.403749	21.000000	2	1.866332
448	37	21.958188	1	19.363607	21.000000	1	1.022358
449	38	21.958188	2	24.673315	21.000000	2	1.348319
450	39	21.958188	2	23.802591	21.000000	2	1.173594
451	1	93.317665	1	88.600437	91.000000	2	2.638971
452	2	93.317665	1	84.610877	91.000000	2	0.651237
453	3	93.317665	1	84.524298	91.000000	1	0.912119
454	4	93.317665	2	95.240787	91.000000	2	0.754891
455	5	93.317665	2	96.136401	91.000000	1	1.907809
456	6	93.317665	1	87.900074	91.000000	2	1.165686
457	7	93.317665	1	91.639146	91.000000	1	0.973638
458	8	93.317665	1	91.547095	91.000000	1	0.129749
459	9	93.317665	2	95.785549	91.000000	2	1.200170
460	10	93.317665	1	89.723056	91.000000	1	3.070758
461	11	93.317665	1	91.916836	91.000000	2	2.281206
462	12	93.317665	1	88.067386	91.000000	1	2.677974
