1	1	93.102414	1	91.000000	90.133129	2	0.898396
2	2	93.102414	1	91.000000	86.125701	1	0.749926
3	3	93.102414	2	91.000000	97.850765	1	0.638684
4	4	93.102414	1	91.000000	86.603185	2	0.884409
5	5	93.102414	1	91.000000	88.471213	2	2.055783
6	6	93.102414	1	91.000000	84.744791	1	0.843623
7	7	93.102414	1	91.000000	90.854368	2	2.744940
8	8	93.102414	1	91.000000	90.771101	1	0.913068
9	9	93.102414	1	91.000000	84.583498	2	0.915692
10	10	93.102414	1	91.000000	90.107131	1	0.965916
11	11	93.102414	1	91.000000	85.263255	1	0.493869
12	12	93.102414	2	91.000000	94.823039	1	0.737664
13	13	93.102414	1	91.000000	84.217467	1	1.083096
14	14	93.102414	2	91.000000	97.224662	2	0.622411
15	15	93.102414	1	91.000000	89.198148	1	0.716674
16	16	93.102414	1	91.000000	86.371948	1	0.766920
17	17	93.102414	1	91.000000	89.312358	2	2.903010
18	18	93.102414	1	91.000000	91.681802	1	0.776280
19	19	93.102414	1	91.000000	84.093729	1	0.584515
20	20	93.102414	2	91.000000	97.968383	2	0.760192
21	21	93.102414	2	91.000000	95.765411	2	0.840834
22	22	93.102414	2	91.000000	95.099721	1	0.622297
23	23	93.102414	2	91.000000	96.796767	1	1.798421
24	24	93.102414	1	91.000000	91.683762	2	1.643568
25	25	93.102414	1	91.000000	87.239125	1	1.040137
26	26	93.102414	2	91.000000	95.861239	1	1.869580
27	27	93.102414	2	91.000000	97.037904	2	1.233022
28	28	93.102414	2	91.000000	95.798481	2	2.438118
29	29	93.102414	2	91.000000	95.795297	2	1.770218
30	30	93.102414	1	91.000000	86.177642	1	0.785780
31	31	93.102414	2	91.000000	97.217827	2	1.745219
32	32	93.102414	1	91.000000	84.194321	1	1.177888
33	33	93.102414	1	91.000000	87.025845	1	1.881791
34	34	93.102414	1	91.000000	88.929035	1	1.685151
35	35	93.102414	2	91.000000	96.555452	2	1.056066
36	36	93.102414	2	91.000000	96.839103	2	0.732691
37	37	93.102414	2	91.000000	94.648313	2	0.750112
38	38	93.102414	2	91.000000	96.773037	2	0.550828
39	1	47.707792	1	49.000000	42.171782	1	2.728199
40	2	47.707792	2	49.000000	53.654366	1	0.679329
41	3	47.707792	1	49.000000	42.932605	3	0.611211
42	4	47.707792	2	49.000000	53.509739	2	0.918869
43	5	47.707792	1	49.000000	45.140494	2	0.680843
44	6	47.707792	1	49.000000	44.741917	2	1.270912
45	7	47.707792	1	49.000000	44.456940	1	0.465048
46	8	47.707792	1	49.000000	42.124171	1	0.855827
47	9	47.707792	1	49.000000	43.832774	1	0.770776
48	10	47.707792	2	49.000000	53.407343	1	0.690978
49	11	47.707792	1	49.000000	44.971082	2	2.046659
50	12	47.707792	2	49.000000	55.486769	1	1.067048
51	13	47.707792	1	49.000000	42.265535	1	1.800815
52	14	47.707792	2	49.000000	53.786148	1	0.909792
53	15	47.707792	1	49.000000	42.232106	2	2.960471
54	16	47.707792	1	49.000000	42.147323	1	0.769690
55	17	47.707792	2	49.000000	51.828060	1	0.719722
56	18	47.707792	1	49.000000	43.153238	1	1.083028
57	19	47.707792	1	49.000000	42.314841	2	2.101555
58	20	47.707792	1	49.000000	44.664695	1	0.863327
59	21	47.707792	2	49.000000	53.113816	2	1.467874
60	22	47.707792	2	49.000000	50.919297	2	0.759529
61	23	47.707792	1	49.000000	43.013193	2	1.504429
62	24	47.707792	2	49.000000	51.871270	1	2.210778
63	25	47.707792	1	49.000000	45.698177	2	1.232543
64	26	47.707792	2	49.000000	54.678384	1	1.325707
65	27	47.707792	2	49.000000	49.111645	2	2.375503
66	28	47.707792	1	49.000000	45.216815	2	0.686257
67	29	47.707792	1	49.000000	43.552817	2	2.113806
68	30	47.707792	2	49.000000	53.744742	1	0.499698
69	31	47.707792	1	49.000000	43.862595	2	1.342753
70	32	47.707792	2	49.000000	49.862719	2	0.607858
71	33	47.707792	2	49.000000	55.208653	1	0.848163
72	34	47.707792	1	49.000000	45.349310	2	0.804299
73	35	47.707792	1	49.000000	43.474472	1	0.835074
74	36	47.707792	1	49.000000	44.675692	1	1.248560
75	37	47.707792	1	49.000000	45.042013	1	2.021629
76	38	47.707792	2	49.000000	51.272903	1	1.042903
77	39	47.707792	2	49.000000	52.566055	2	0.776178
78	40	47.707792	2	49.000000	49.138118	2	1.720344
79	41	47.707792	1	49.000000	42.191769	2	1.017832
80	42	47.707792	1	49.000000	45.405259	1	1.535765
81	43	47.707792	1	49.000000	43.997806	1	0.640811
82	44	47.707792	2	49.000000	51.130200	1	0.718341
83	45	47.707792	2	49.000000	52.213533	1	0.864475
84	46	47.707792	1	49.000000	45.464073	2	0.405356
85	47	47.707792	1	49.000000	44.636394	1	0.436509
86	48	47.707792	1	49.000000	43.722383	1	0.418285
87	49	47.707792	2	49.000000	53.593180	1	0.392531
88	50	47.707792	2	49.000000	52.771714	2	0.368285
89	51	47.707792	2	49.000000	53.469418	2	0.760829
90	52	47.707792	1	49.000000	45.881276	1	0.553796
91	53	47.707792	2	49.000000	54.842449	1	0.538728
92	54	47.707792	2	49.000000	51.121983	2	0.412341
93	55	47.707792	2	49.000000	51.787608	2	0.579665
94	56	47.707792	1	49.000000	43.000127	2	0.852033
95	57	47.707792	2	49.000000	55.169277	1	1.336604
96	58	47.707792	1	49.000000	43.368496	2	0.489582
97	59	47.707792	2	49.000000	54.047593	1	0.885518
98	60	47.707792	2	49.000000	49.574726	2	0.336783
99	61	47.707792	1	49.000000	44.518151	2	0.450656
100	62	47.707792	2	49.000000	55.992872	1	0.439799
101	63	47.707792	2	49.000000	52.272577	2	0.573531
102	64	47.707792	2	49.000000	52.281269	1	0.998140
103	65	47.707792	1	49.000000	43.924477	2	0.382995
104	66	47.707792	2	49.000000	53.088852	1	0.357680
105	67	47.707792	1	49.000000	42.700516	2	1.950868
106	68	47.707792	1	49.000000	46.123681	1	2.886787
107	69	47.707792	2	49.000000	53.913473	1	1.688582
108	70	47.707792	2	49.000000	52.983909	4	5.091504
109	71	47.707792	1	49.000000	42.983276	2	1.632677
110	72	47.707792	1	49.000000	42.095030	2	3.205714
111	73	47.707792	2	49.000000	50.540677	2	4.010507
112	74	47.707792	2	49.000000	54.618537	1	2.823094
113	75	47.707792	2	49.000000	49.583183	2	0.595439
114	76	47.707792	2	49.000000	53.163316	1	0.699160
115	77	47.707792	1	49.000000	46.238246	2	0.358055
116	78	47.707792	2	49.000000	49.698459	1	0.311344
117	79	47.707792	1	49.000000	45.675453	2	0.354468
118	80	47.707792	2	49.000000	50.804112	1	0.483615
119	81	47.707792	1	49.000000	43.897488	1	0.335662
120	82	47.707792	2	49.000000	55.906949	1	1.017144
121	83	47.707792	2	49.000000	50.318427	1	0.887158
122	84	47.707792	1	49.000000	42.448681	2	0.442530
123	85	47.707792	2	49.000000	54.282886	1	0.840247
124	86	47.707792	2	49.000000	53.763231	2	0.605860
125	87	47.707792	2	49.000000	53.638360	2	0.732713
126	88	47.707792	1	49.000000	46.257448	1	1.246295
127	89	47.707792	2	49.000000	51.424256	1	1.403485
128	90	47.707792	1	49.000000	45.150877	1	2.169668
129	91	47.707792	2	49.000000	49.336263	2	2.296837
130	92	47.707792	2	49.000000	54.004302	1	1.035354
131	93	47.707792	2	49.000000	54.249883	1	0.976521
132	94	47.707792	1	49.000000	44.451237	1	1.968708
133	95	47.707792	2	49.000000	49.787778	1	0.631868
134	96	47.707792	1	49.000000	44.025169	2	0.511214
135	97	47.707792	1	49.000000	43.279505	1	0.536477
136	98	47.707792	2	49.000000	50.256885	2	1.162197
137	99	47.707792	2	49.000000	55.031811	2	1.706668
138	100	47.707792	1	49.000000	45.311053	2	1.036924
139	101	47.707792	2	49.000000	51.265769	2	0.898037
140	102	47.707792	1	49.000000	45.342751	2	2.149458
141	103	47.707792	2	49.000000	55.608994	2	0.558117
142	104	47.707792	1	49.000000	45.520344	1	1.262973
143	105	47.707792	2	49.000000	51.337780	2	0.971411
144	106	47.707792	1	49.000000	45.376173	2	2.099502
145	107	47.707792	1	49.000000	44.788643	2	1.638057
146	108	47.707792	2	49.000000	52.873770	1	1.154943
147	109	47.707792	2	49.000000	50.240530	2	0.995438
148	110	47.707792	2	49.000000	51.424534	2	0.402607
149	111	47.707792	2	49.000000	51.590619	1	1.737925
150	112	47.707792	1	49.000000	42.976609	2	0.322637
151	113	47.707792	2	49.000000	52.519145	1	0.373168
152	114	47.707792	1	49.000000	44.117905	2	0.389524
153	115	47.707792	1	49.000000	44.647843	4	6.781382
154	116	47.707792	2	49.000000	51.735832	2	4.310018
155	117	47.707792	2	49.000000	51.470629	2	0.341451
156	118	47.707792	1	49.000000	45.407030	1	0.455443
157	119	47.707792	1	49.000000	42.635392	1	0.556304
158	120	47.707792	2	49.000000	55.821638	1	0.669393
159	121	47.707792	2	49.000000	51.227797	2	0.361768
160	122	47.707792	2	49.000000	51.229401	2	0.666925
161	123	47.707792	1	49.000000	46.117867	2	0.415132
162	124	47.707792	2	49.000000	53.007373	1	0.445395
163	125	47.707792	1	49.000000	44.015530	2	0.355376
164	126	47.707792	2	49.000000	51.925009	1	0.404412
165	127	47.707792	1	49.000000	43.492283	2	0.403572
166	128	47.707792	2	49.000000	50.234993	2	0.794520
167	129	47.707792	1	49.000000	45.483060	1	0.722241
168	130	47.707792	2	49.000000	54.322839	1	0.620418
169	131	47.707792	1	49.000000	43.510316	2	2.770683
170	132	47.707792	2	49.000000	51.177221	1	0.337378
171	133	47.707792	1	49.000000	45.527302	2	0.565134
172	134	47.707792	1	49.000000	43.446809	1	0.292369
173	135	47.707792	2	49.000000	55.950677	1	0.440046
174	136	47.707792	2	49.000000	52.762540	3	1.461824
175	137	47.707792	1	49.000000	45.275042	1	0.838622
176	138	47.707792	1	49.000000	44.294334	2	0.419992
177	139	47.707792	2	49.000000	55.889463	2	1.386390
178	140	47.707792	2	49.000000	51.094441	2	0.521388
179	141	47.707792	1	49.000000	43.037989	2	0.779927
180	142	47.707792	2	49.000000	50.162953	1	0.660044
181	143	47.707792	1	49.000000	42.265559	2	0.353028
182	144	47.707792	2	49.000000	50.206343	1	0.402082
183	145	47.707792	2	49.000000	53.353060	2	0.275062
184	146	47.707792	2	49.000000	49.878606	1	0.335474
185	147	47.707792	2	49.000000	51.359146	1	0.359578
186	148	47.707792	2	49.000000	51.682430	2	0.416797
187	149	47.707792	1	49.000000	45.574373	2	0.495198
188	150	47.707792	1	49.000000	45.957654	1	2.082959
189	151	47.707792	1	49.000000	46.084915	1	0.366052
190	152	47.707792	2	49.000000	54.269369	2	0.494576
191	153	47.707792	2	49.000000	50.542524	2	0.330257
192	154	47.707792	2	49.000000	51.092877	1	0.980882
193	155	47.707792	1	49.000000	43.391090	1	0.924855
194	156	47.707792	2	49.000000	49.919435	2	1.166878
195	157	47.707792	1	49.000000	45.506021	2	0.782849
196	158	47.707792	1	49.000000	44.550836	1	1.022368
197	159	47.707792	2	49.000000	51.270326	1	0.718006
198	160	47.707792	1	49.000000	43.391237	2	0.534464
199	161	47.707792	1	49.000000	46.069608	1	1.128162
200	162	47.707792	1	49.000000	43.043774	1	0.378107
201	163	47.707792	2	49.000000	49.592725	1	0.882545
202	164	47.707792	2	49.000000	54.162820	2	0.381957
203	165	47.707792	1	49.000000	45.794353	1	1.229748
204	166	47.707792	1	49.000000	45.052145	2	0.515596
205	167	47.707792	2	49.000000	55.175143	1	0.597989
206	168	47.707792	2	49.000000	49.972626	2	0.301622
207	169	47.707792	1	49.000000	43.384952	1	1.280875
208	170	47.707792	2	49.000000	52.666020	1	1.012769
209	171	47.707792	2	49.000000	49.463735	2	0.347209
210	172	47.707792	1	49.000000	44.763763	1	0.773080
211	173	47.707792	1	49.000000	44.087119	2	0.885335
212	174	47.707792	1	49.000000	44.306577	1	1.200666
213	175	47.707792	1	49.000000	44.317988	1	0.847126
214	176	47.707792	2	49.000000	51.948431	2	2.140636
215	177	47.707792	1	49.000000	44.983567	1	1.453217
216	178	47.707792	1	49.000000	44.275178	2	1.321469
217	179	47.707792	1	49.000000	46.193601	1	0.939236
218	180	47.707792	2	49.000000	55.500795	2	2.124547
219	181	47.707792	2	49.000000	51.240888	1	1.509694
220	182	47.707792	2	49.000000	51.180523	2	1.047977
221	183	47.707792	1	49.000000	42.771568	1	1.197303
222	184	47.707792	2	49.000000	51.264445	2	1.852396
223	185	47.707792	2	49.000000	51.035382	2	0.848496
224	186	47.707792	2	49.000000	53.934229	2	0.860567
225	187	47.707792	1	49.000000	43.239092	1	2.122765
226	188	47.707792	2	49.000000	50.735700	2	0.685389
227	189	47.707792	1	49.000000	43.517772	1	1.079412
228	190	47.707792	2	49.000000	53.790590	2	0.691395
229	191	47.707792	1	49.000000	45.788582	1	1.558922
230	192	47.707792	1	49.000000	44.933991	2	1.166936
231	1	36.709036	1	35.000000	33.761744	1	3.273467
232	2	36.709036	1	35.000000	32.221404	1	0.691836
233	3	36.709036	2	35.000000	39.769561	2	0.919362
234	4	36.709036	1	35.000000	28.276807	2	0.721352
235	5	36.709036	1	35.000000	34.843226	1	0.627664
236	6	36.709036	1	35.000000	28.628041	2	0.681960
237	7	36.709036	1	35.000000	34.669295	1	0.485395
238	8	36.709036	1	35.000000	30.118317	1	0.745275
239	9	36.709036	2	35.000000	40.009176	2	1.050785
240	10	36.709036	2	35.000000	39.992790	1	0.743448
241	11	36.709036	2	35.000000	41.309187	2	0.864930
242	12	36.709036	2	35.000000	38.979046	2	0.717546
243	13	36.709036	1	35.000000	30.992631	2	0.759956
244	14	36.709036	1	35.000000	29.357337	1	1.522677
245	15	36.709036	2	35.000000	40.330465	2	0.866250
246	16	36.709036	2	35.000000	39.507497	2	1.862345
247	17	36.709036	1	35.000000	32.520126	2	0.890390
248	18	36.709036	1	35.000000	33.554069	1	0.973897
249	19	36.709036	2	35.000000	40.665170	2	0.653768
250	20	36.709036	1	35.000000	30.385285	1	0.714729
251	21	36.709036	2	35.000000	40.915464	1	0.688427
252	22	36.709036	2	35.000000	41.965736	2	2.041384
253	23	36.709036	2	35.000000	40.221667	1	0.973832
254	24	36.709036	2	35.000000	38.115051	2	0.949807
255	25	36.709036	2	35.000000	40.137010	2	0.958698
256	26	36.709036	1	35.000000	29.299029	1	1.639406
257	27	36.709036	2	35.000000	41.072796	1	0.964175
258	28	36.709036	1	35.000000	34.782512	2	1.180733
259	29	36.709036	2	35.000000	41.154078	1	1.036747
260	30	36.709036	2	35.000000	38.663163	2	0.513975
261	31	36.709036	1	35.000000	28.819722	1	0.892893
262	32	36.709036	1	35.000000	31.002930	1	0.936482
263	33	36.709036	2	35.000000	41.045149	2	0.953830
264	34	36.709036	2	35.000000	40.172692	2	0.938514
265	35	36.709036	1	35.000000	32.778296	1	2.299833
266	36	36.709036	1	35.000000	32.956982	2	1.029567
267	37	36.709036	2	35.000000	39.476419	4	10.035599
268	38	36.709036	2	35.000000	39.701072	1	0.686922
269	39	36.709036	2	35.000000	38.503664	2	0.298709
270	40	36.709036	2	35.000000	38.307522	2	0.391502
271	41	36.709036	1	35.000000	34.696593	2	0.967247
272	42	36.709036	1	35.000000	32.190418	1	0.501472
273	43	36.709036	2	35.000000	40.266578	2	2.856842
274	44	36.709036	1	35.000000	31.604123	2	0.395818
275	45	36.709036	1	35.000000	34.965600	1	0.339761
276	46	36.709036	1	35.000000	33.567832	1	0.357456
277	47	36.709036	2	35.000000	41.400615	2	0.390647
278	48	36.709036	2	35.000000	38.834754	1	0.694482
279	49	36.709036	2	35.000000	39.240581	2	0.633922
280	50	36.709036	2	35.000000	41.014468	1	0.447555
281	51	36.709036	2	35.000000	40.574042	2	0.317426
282	52	36.709036	1	35.000000	28.723631	2	0.776023
283	53	36.709036	2	35.000000	41.570952	1	1.184246
284	54	36.709036	2	35.000000	40.954262	1	0.575241
285	55	36.709036	2	35.000000	39.803504	2	0.655554
286	56	36.709036	1	35.000000	29.823543	2	0.364614
287	57	36.709036	1	35.000000	28.337413	1	0.501782
288	58	36.709036	2	35.000000	38.359008	1	0.360659
289	59	36.709036	1	35.000000	33.469548	2	0.289963
290	60	36.709036	2	35.000000	40.880718	1	0.405982
291	61	36.709036	2	35.000000	41.075845	2	0.460767
292	62	36.709036	2	35.000000	40.364515	2	0.521860
293	63	36.709036	2	35.000000	39.427981	2	0.604316
294	64	36.709036	2	35.000000	41.774674	2	0.595405
295	65	36.709036	2	35.000000	41.364905	1	0.834980
296	66	36.709036	2	35.000000	38.590075	4	11.840359
297	67	36.709036	1	35.000000	32.669508	4	5.506513
298	68	36.709036	1	35.000000	32.004994	4	6.350729
299	69	36.709036	2	35.000000	38.468183	2	4.576344
300	70	36.709036	2	35.000000	39.472744	2	0.589706
301	71	36.709036	1	35.000000	30.042364	2	0.501321
302	72	36.709036	2	35.000000	38.255319	1	2.120351
303	73	36.709036	2	35.000000	39.647804	2	0.305688
304	74	36.709036	1	35.000000	30.821595	2	0.420836
305	75	36.709036	2	35.000000	41.538731	1	0.387177
306	76	36.709036	1	35.000000	31.811393	2	1.819050
307	77	36.709036	2	35.000000	40.847747	1	0.296377
308	78	36.709036	2	35.000000	38.716505	2	0.284149
309	79	36.709036	1	35.000000	31.879552	2	0.343923
310	80	36.709036	2	35.000000	41.525073	1	0.330015
311	81	36.709036	1	35.000000	31.076499	2	0.452541
312	82	36.709036	1	35.000000	31.766480	1	0.329645
313	83	36.709036	2	35.000000	41.176232	1	0.364061
314	84	36.709036	1	35.000000	30.180790	2	0.277250
315	85	36.709036	2	35.000000	38.258183	1	0.289849
316	86	36.709036	1	35.000000	30.187575	2	0.349633
317	87	36.709036	2	35.000000	41.726808	1	0.270992
318	88	36.709036	2	35.000000	38.594706	2	0.435317
319	89	36.709036	2	35.000000	40.356455	2	0.393117
320	90	36.709036	1	35.000000	34.952570	2	0.497042
321	91	36.709036	1	35.000000	35.021147	1	0.390327
322	92	36.709036	2	35.000000	39.382883	1	0.574305
323	93	36.709036	1	35.000000	34.845353	2	0.516831
324	94	36.709036	2	35.000000	41.569582	1	0.431301
325	95	36.709036	1	35.000000	29.723741	2	0.445694
326	96	36.709036	1	35.000000	30.509971	1	0.627289
327	97	36.709036	2	35.000000	38.235252	1	0.377656
328	98	36.709036	2	35.000000	39.203554	2	0.546142
329	99	36.709036	1	35.000000	32.400010	2	0.771756
330	100	36.709036	1	35.000000	32.629388	1	1.219895
331	101	36.709036	1	35.000000	28.332643	1	1.041773
332	102	36.709036	2	35.000000	38.836547	1	0.431144
333	103	36.709036	1	35.000000	32.602063	2	0.341438
334	104	36.709036	1	35.000000	34.585878	1	0.623261
335	105	36.709036	1	35.000000	32.440284	1	0.765774
336	106	36.709036	2	35.000000	39.747295	1	0.349970
337	107	36.709036	1	35.000000	30.468292	2	1.415005
338	108	36.709036	1	35.000000	33.227373	2	0.429367
339	109	36.709036	1	35.000000	32.826589	1	0.227879
340	110	36.709036	2	35.000000	39.421357	1	0.250363
341	111	36.709036	2	35.000000	40.753171	2	0.511479
342	112	36.709036	2	35.000000	39.496722	2	0.403859
343	113	36.709036	2	35.000000	40.527629	2	0.713736
344	114	36.709036	2	35.000000	38.254979	2	0.596700
345	115	36.709036	2	35.000000	38.211851	2	0.372338
346	116	36.709036	2	35.000000	41.832494	2	0.372943
347	117	36.709036	2	35.000000	38.711949	2	0.325452
348	118	36.709036	2	35.000000	41.884153	2	0.295805
349	119	36.709036	1	35.000000	32.533663	2	0.323624
350	120	36.709036	1	35.000000	35.122750	1	0.230143
351	121	36.709036	2	35.000000	41.460147	1	0.772865
352	122	36.709036	1	35.000000	34.577849	2	0.444907
353	123	36.709036	2	35.000000	41.362331	1	0.458652
354	124	36.709036	1	35.000000	30.679982	2	0.375821
355	125	36.709036	2	35.000000	39.333386	2	0.400449
356	126	36.709036	1	35.000000	31.365465	2	0.727542
357	127	36.709036	1	35.000000	33.663486	1	0.921531
358	128	36.709036	1	35.000000	33.564539	1	0.411734
359	129	36.709036	1	35.000000	31.035231	1	0.530814
360	130	36.709036	2	35.000000	40.291099	1	0.613266
361	131	36.709036	1	35.000000	34.631592	2	1.211988
362	132	36.709036	1	35.000000	33.420124	1	0.506684
363	133	36.709036	1	35.000000	32.438629	1	2.421593
364	134	36.709036	1	35.000000	30.013413	1	0.909092
365	135	36.709036	1	35.000000	35.218832	4	5.389291
366	136	36.709036	1	35.000000	31.246425	1	0.846382
367	137	36.709036	2	35.000000	39.221456	1	0.667770
368	138	36.709036	1	35.000000	33.200489	2	0.416138
369	139	36.709036	1	35.000000	33.430929	1	0.366548
370	140	36.709036	2	35.000000	40.574310	1	0.503071
371	141	36.709036	1	35.000000	28.240347	2	0.571143
372	142	36.709036	2	35.000000	40.080487	1	0.298276
373	143	36.709036	1	35.000000	29.229431	2	0.367382
374	144	36.709036	1	35.000000	31.974631	1	0.726055
375	145	36.709036	2	35.000000	40.769171	1	0.360239
376	146	36.709036	2	35.000000	39.437980	2	0.353285
377	147	36.709036	1	35.000000	34.878280	2	0.338597
378	148	36.709036	2	35.000000	41.645606	1	0.316486
379	149	36.709036	1	35.000000	32.922751	2	0.302910
380	150	36.709036	1	35.000000	31.358130	1	0.242091
381	151	36.709036	1	35.000000	30.841010	1	0.320011
382	152	36.709036	2	35.000000	39.359014	2	0.474445
383	153	36.709036	1	35.000000	30.810877	2	0.494770
384	154	36.709036	1	35.000000	31.999688	2	0.418660
385	155	36.709036	1	35.000000	31.293501	1	0.305190
386	156	36.709036	1	35.000000	30.633528	2	0.524275
387	157	36.709036	1	35.000000	28.545824	1	0.278727
388	158	36.709036	1	35.000000	33.729497	1	0.427272
389	159	36.709036	2	35.000000	38.941023	1	0.449793
390	160	36.709036	1	35.000000	33.902113	2	0.550829
391	161	36.709036	2	35.000000	41.104617	1	0.359687
392	162	36.709036	2	35.000000	39.874839	2	0.328962
393	163	36.709036	2	35.000000	41.958840	2	0.395503
394	164	36.709036	1	35.000000	31.140707	2	0.386126
395	165	36.709036	2	35.000000	39.623086	1	0.307005
396	166	36.709036	1	35.000000	29.451751	2	1.910176
397	167	36.709036	1	35.000000	28.940476	1	0.440100
398	168	36.709036	2	35.000000	41.949540	1	0.485980
399	169	36.709036	2	35.000000	38.962429	2	0.545720
400	170	36.709036	2	35.000000	40.015528	2	0.563308
401	171	36.709036	2	35.000000	40.531320	2	0.340365
402	172	36.709036	1	35.000000	28.118780	2	0.414172
403	173	36.709036	1	35.000000	33.335191	1	1.581349
404	174	36.709036	2	35.000000	39.184311	1	0.300827
405	175	36.709036	1	35.000000	28.809509	2	0.392081
406	176	36.709036	2	35.000000	38.152901	2	1.263878
407	177	36.709036	1	35.000000	32.449115	1	0.380404
408	178	36.709036	2	35.000000	41.968182	1	1.164991
409	179	36.709036	1	35.000000	32.871671	2	1.197429
410	180	36.709036	1	35.000000	33.234601	1	0.428628
411	181	36.709036	2	35.000000	39.794090	1	0.410931
412	182	36.709036	1	35.000000	33.992440	2	0.354190
413	183	36.709036	2	35.000000	40.659192	1	0.483325
414	184	36.709036	2	35.000000	40.798983	2	0.951118
415	185	36.709036	1	35.000000	29.848945	1	0.871618
416	186	36.709036	1	35.000000	28.595826	1	0.483840
417	187	36.709036	1	35.000000	30.382777	1	0.815715
418	188	36.709036	1	35.000000	33.587715	1	1.301744
419	189	36.709036	1	35.000000	33.517908	1	0.312215
420	190	36.709036	2	35.000000	39.004647	1	0.291337
421	191	36.709036	1	35.000000	31.085851	2	1.095105
422	192	36.709036	1	35.000000	34.293241	1	0.458478
423	193	36.709036	2	35.000000	39.594395	1	0.607548
424	194	36.709036	2	35.000000	40.840879	2	0.326417
425	195	36.709036	2	35.000000	38.604319	2	0.344923
426	196	36.709036	2	35.000000	41.989065	2	0.298793
427	197	36.709036	1	35.000000	32.702665	1	0.365910
428	198	36.709036	1	35.000000	28.183769	1	0.606468
429	199	36.709036	2	35.000000	40.992302	1	0.477557
430	200	36.709036	2	35.000000	39.507379	1	0.481962
431	201	36.709036	1	35.000000	30.613933	2	0.309644
432	202	36.709036	2	35.000000	41.982322	1	0.344776
433	203	36.709036	2	35.000000	39.527928	2	0.394645
434	204	36.709036	2	35.000000	39.099300	1	0.538390
435	205	36.709036	2	35.000000	38.257828	2	0.955971
436	206	36.709036	1	35.000000	33.261042	2	1.212676
437	207	36.709036	1	35.000000	28.040145	1	0.427496
438	208	36.709036	2	35.000000	38.137769	1	0.433716
439	209	36.709036	2	35.000000	38.351995	2	0.303421
440	210	36.709036	2	35.000000	41.825663	2	0.354783
441	211	36.709036	2	35.000000	41.397835	2	0.443887
442	212	36.709036	1	35.000000	31.618954	2	1.097731
443	213	36.709036	2	35.000000	40.928470	1	1.420852
444	214	36.709036	1	35.000000	28.798522	2	0.388569
445	215	36.709036	2	35.000000	40.798955	1	0.306431
446	216	36.709036	2	35.000000	39.729228	2	0.485740
447	217	36.709036	2	35.000000	39.937856	2	0.881239
448	218	36.709036	1	35.000000	35.017065	2	0.829348
449	219	36.709036	2	35.000000	39.289692	1	0.979566
450	220	36.709036	2	35.000000	41.615561	2	0.381466
