1	1	75.658067	1	72.140744	77.000000	2	2.113152
2	2	75.658067	2	79.557240	77.000000	4	18.965260
3	3	75.658067	2	81.447763	77.000000	3	0.751642
4	4	75.658067	1	71.503318	77.000000	2	0.688373
5	5	75.658067	2	83.073689	77.000000	1	0.605548
6	6	75.658067	2	83.742724	77.000000	3	2.239085
7	7	75.658067	2	81.342342	77.000000	2	1.450439
8	8	75.658067	2	77.475708	77.000000	4	5.137372
9	9	75.658067	2	77.685368	77.000000	2	0.302705
10	10	75.658067	1	73.552324	77.000000	2	1.124474
11	11	75.658067	2	81.867684	77.000000	3	1.152465
12	12	75.658067	2	82.318604	77.000000	2	0.352436
13	13	75.658067	1	74.044505	77.000000	3	0.355916
14	14	75.658067	1	71.984191	77.000000	2	0.276582
15	15	75.658067	1	70.328002	77.000000	3	2.851267
16	16	75.658067	1	71.760080	77.000000	3	0.781936
17	17	75.658067	2	79.831079	77.000000	3	0.324781
18	18	75.658067	1	70.584621	77.000000	3	0.254676
19	19	75.658067	1	73.870109	77.000000	1	1.939384
20	20	75.658067	2	78.843541	77.000000	2	1.126110
21	21	75.658067	2	83.039775	77.000000	1	1.506333
22	22	75.658067	1	71.788147	77.000000	2	2.942818
23	23	75.658067	1	74.023090	77.000000	1	0.481142
24	24	75.658067	2	82.081077	77.000000	2	0.903897
25	25	75.658067	1	73.157893	77.000000	1	0.404769
26	26	75.658067	2	79.211309	77.000000	2	1.926278
27	27	75.658067	1	71.873215	77.000000	1	1.521939
28	28	75.658067	1	74.030630	77.000000	2	0.293666
29	29	75.658067	1	72.962695	77.000000	1	0.564039
30	30	75.658067	2	78.831656	77.000000	1	0.383314
31	31	75.658067	1	72.834832	77.000000	2	0.401445
32	32	75.658067	2	82.315638	77.000000	1	1.370828
33	33	75.658067	2	83.747188	77.000000	1	1.268765
34	34	75.658067	2	83.118040	77.000000	2	0.452176
35	35	75.658067	2	79.018844	77.000000	2	4.394333
36	36	75.658067	2	77.660045	77.000000	1	0.529247
37	37	75.658067	2	82.990726	77.000000	2	0.021877
38	38	75.658067	2	81.596177	77.000000	1	0.391000
39	39	75.658067	2	82.148232	77.000000	2	0.617113
40	40	75.658067	2	83.922208	77.000000	2	0.321754
41	41	75.658067	1	71.009894	77.000000	2	1.382510
42	42	75.658067	1	71.641187	77.000000	1	3.448593
43	43	75.658067	1	72.187479	77.000000	2	1.014312
44	44	75.658067	1	72.415085	77.000000	1	0.463067
45	45	75.658067	2	83.049261	77.000000	1	0.502678
46	46	75.658067	1	73.789002	77.000000	2	0.540067
47	47	75.658067	2	78.301503	77.000000	2	0.368039
48	48	75.658067	2	79.199302	77.000000	2	0.714766
49	49	75.658067	2	77.986454	77.000000	1	0.735995
50	50	75.658067	1	70.532402	77.000000	2	0.963896
51	51	75.658067	1	71.787858	77.000000	2	0.366820
52	52	75.658067	2	79.457756	77.000000	1	0.610839
53	53	75.658067	2	83.184303	77.000000	2	0.338773
54	54	75.658067	2	80.079595	77.000000	2	0.142970
55	55	75.658067	2	79.756099	77.000000	2	0.275360
56	56	75.658067	2	77.924843	77.000000	1	0.970151
57	57	75.658067	1	72.325642	77.000000	4	8.236493
58	58	75.658067	2	78.989239	77.000000	2	0.219649
59	59	75.658067	1	70.650232	77.000000	2	2.980583
60	60	75.658067	2	78.871891	77.000000	1	0.245231
61	61	75.658067	2	80.128362	77.000000	2	0.261573
62	62	75.658067	2	77.856829	77.000000	2	0.669165
63	63	75.658067	2	81.367388	77.000000	2	0.507540
64	64	75.658067	1	70.604659	77.000000	1	0.544778
65	65	75.658067	2	82.517972	77.000000	2	0.516992
66	66	75.658067	1	72.658854	77.000000	1	1.522779
67	67	75.658067	1	71.358859	77.000000	2	0.493377
68	68	75.658067	2	78.855904	77.000000	2	0.611635
69	69	75.658067	2	80.053946	77.000000	2	0.564662
70	70	75.658067	2	83.588312	77.000000	2	0.432139
71	71	75.658067	2	82.099982	77.000000	2	0.448786
72	72	75.658067	1	72.577765	77.000000	1	0.600947
73	73	75.658067	1	70.218431	77.000000	2	0.290202
74	74	75.658067	1	74.250509	77.000000	1	0.816415
75	75	75.658067	1	72.892434	77.000000	1	0.456878
76	76	75.658067	1	73.326358	77.000000	1	1.032124
77	77	75.658067	2	80.117276	77.000000	2	0.376427
78	78	75.658067	1	71.840348	77.000000	1	0.699406
79	79	75.658067	1	71.546056	77.000000	1	0.576396
80	80	75.658067	1	70.841376	77.000000	1	0.547066
81	81	75.658067	1	72.036142	77.000000	1	0.471131
82	1	3.967795	2	7.724220	7.000000	1	2.180645
83	2	3.967795	1	1.956500	7.000000	2	0.430012
84	3	3.967795	2	7.387294	7.000000	1	3.622742
85	4	3.967795	1	1.704441	7.000000	2	0.549132
86	5	3.967795	1	0.845744	7.000000	2	0.898787
87	6	3.967795	2	12.449360	7.000000	1	0.760550
88	7	3.967795	2	11.255339	7.000000	2	4.075542
89	8	3.967795	2	11.017862	7.000000	2	0.919291
90	9	3.967795	1	2.060028	7.000000	1	1.403857
91	10	3.967795	2	11.302309	7.000000	2	0.588623
92	11	3.967795	2	7.659922	7.000000	2	0.638988
93	12	3.967795	2	9.344749	7.000000	2	0.526426
94	13	3.967795	2	11.583295	7.000000	2	0.418741
95	14	3.967795	1	1.216298	7.000000	1	0.547866
96	15	3.967795	1	2.436389	7.000000	2	0.319762
97	16	3.967795	1	1.213593	7.000000	1	0.524620
98	17	3.967795	2	8.002448	7.000000	2	0.545298
99	18	3.967795	2	6.460341	7.000000	2	0.445364
100	19	3.967795	1	2.445481	7.000000	1	0.557336
101	20	3.967795	2	8.799974	7.000000	2	0.608705
102	1	48.848555	2	51.840750	49.000000	1	2.475148
103	2	48.848555	1	42.801275	49.000000	2	0.608387
104	3	48.848555	2	53.296010	49.000000	1	1.649581
105	4	48.848555	1	45.370384	49.000000	1	0.935980
106	5	48.848555	1	43.526486	49.000000	2	0.867786
107	6	48.848555	2	55.533339	49.000000	2	0.834227
108	7	48.848555	1	44.628774	49.000000	1	0.393967
109	8	48.848555	1	42.325443	49.000000	2	0.251873
110	9	48.848555	1	44.591760	49.000000	1	0.475559
111	10	48.848555	2	55.672653	49.000000	2	0.546347
112	11	48.848555	2	53.877259	49.000000	2	0.526139
113	12	48.848555	1	47.240861	49.000000	1	0.498854
114	13	48.848555	1	47.224164	49.000000	1	2.409336
115	14	48.848555	2	52.623493	49.000000	2	0.560133
116	15	48.848555	1	45.377016	49.000000	1	0.539417
117	16	48.848555	1	46.625790	49.000000	2	0.391279
118	17	48.848555	1	47.271212	49.000000	1	0.548037
119	18	48.848555	2	55.071339	49.000000	2	0.509400
120	19	48.848555	2	53.377411	49.000000	2	0.578961
121	20	48.848555	1	43.355266	49.000000	1	0.381556
122	21	48.848555	1	45.653824	49.000000	1	0.472337
123	22	48.848555	2	50.505438	49.000000	2	0.399173
124	1	38.190632	1	29.287229	35.000000	1	2.929047
125	2	38.190632	2	39.635492	35.000000	2	1.387936
126	3	38.190632	2	41.809789	35.000000	2	0.557095
127	4	38.190632	1	36.242422	35.000000	2	0.520291
128	5	38.190632	2	41.291314	35.000000	2	0.781211
129	6	38.190632	2	39.857842	35.000000	2	0.479718
130	7	38.190632	1	32.505545	35.000000	1	0.518390
131	8	38.190632	2	40.966343	35.000000	2	0.915232
132	9	38.190632	2	41.690167	35.000000	1	0.495396
133	10	38.190632	1	28.907114	35.000000	1	0.573348
134	11	38.190632	1	35.758505	35.000000	1	0.928176
135	12	38.190632	1	33.165008	35.000000	1	0.532398
136	13	38.190632	1	33.013947	35.000000	1	0.497021
137	14	38.190632	2	41.647389	35.000000	2	0.551127
138	15	38.190632	1	31.911606	35.000000	2	0.578380
139	16	38.190632	2	40.833291	35.000000	2	0.589006
140	17	38.190632	2	39.946972	35.000000	2	0.791059
141	18	38.190632	1	30.742225	35.000000	2	0.576694
142	19	38.190632	2	40.082876	35.000000	2	0.707453
143	20	38.190632	2	41.617021	35.000000	2	0.664507
144	21	38.190632	1	31.759670	35.000000	1	0.407916
145	22	38.190632	2	40.540722	35.000000	2	0.545203
146	23	38.190632	2	39.767335	35.000000	2	0.558500
147	24	38.190632	1	34.421640	35.000000	1	0.688479
148	25	38.190632	1	30.751268	35.000000	1	0.694469
149	26	38.190632	1	29.647165	35.000000	1	0.548176
150	27	38.190632	2	41.324092	35.000000	2	1.543541
151	28	38.190632	2	40.348276	35.000000	2	0.642708
152	29	38.190632	2	39.994742	35.000000	2	0.618737
153	1	87.741752	2	96.527381	91.000000	1	3.428856
154	2	87.741752	2	90.858719	91.000000	2	0.563399
155	3	87.741752	1	86.137061	91.000000	2	0.566737
156	4	87.741752	2	97.623970	91.000000	1	1.489386
157	5	87.741752	1	85.501104	91.000000	1	0.590579
158	6	87.741752	2	95.649629	91.000000	2	0.568714
159	7	87.741752	2	94.230862	91.000000	2	1.443220
160	8	87.741752	1	84.241001	91.000000	1	1.106535
161	9	87.741752	1	84.095389	91.000000	2	0.463295
162	10	87.741752	1	85.366661	91.000000	1	0.870838
163	11	87.741752	2	97.745634	91.000000	2	3.013132
164	12	87.741752	1	86.180591	91.000000	1	0.492584
165	13	87.741752	1	85.772133	91.000000	1	0.546571
166	14	87.741752	2	90.366316	91.000000	1	1.310598
167	15	87.741752	2	95.000832	91.000000	2	0.795413
168	16	87.741752	1	85.989942	91.000000	1	0.453142
169	17	87.741752	2	96.554045	91.000000	2	0.652378
170	18	87.741752	1	85.293117	91.000000	1	0.891746
171	19	87.741752	2	91.746309	91.000000	2	3.401517
172	20	87.741752	1	85.435466	91.000000	1	0.600617
173	21	87.741752	2	95.703005	91.000000	2	0.345921
174	22	87.741752	1	84.548195	91.000000	1	0.309895
175	23	87.741752	1	85.672095	91.000000	2	0.379595
176	24	87.741752	2	90.068708	91.000000	1	0.206280
177	25	87.741752	2	91.559198	91.000000	2	0.215800
178	26	87.741752	2	96.372606	91.000000	1	0.416820
179	27	87.741752	1	84.388015	91.000000	2	0.065319
180	28	87.741752	1	85.150228	91.000000	1	1.601141
181	29	87.741752	1	85.551340	91.000000	1	0.577596
182	30	87.741752	2	90.282087	91.000000	2	1.068276
183	31	87.741752	2	94.257398	91.000000	2	0.986566
184	32	87.741752	1	84.380093	91.000000	1	0.580294
185	33	87.741752	1	84.035037	91.000000	1	0.486720
186	34	87.741752	2	91.496551	91.000000	2	0.404884
187	35	87.741752	1	86.030256	91.000000	2	0.566421
188	36	87.741752	1	86.010617	91.000000	1	0.488901
189	37	87.741752	1	84.557359	91.000000	1	0.374892
190	38	87.741752	1	84.430991	91.000000	1	0.393717
191	39	87.741752	2	97.771969	91.000000	2	0.627871
192	40	87.741752	2	90.736712	91.000000	2	1.444417
193	41	87.741752	1	84.324105	91.000000	2	1.379595
194	42	87.741752	2	94.760052	91.000000	2	0.701618
195	43	87.741752	2	94.914515	91.000000	1	0.386853
196	44	87.741752	1	85.837097	91.000000	1	0.908813
197	45	87.741752	1	85.313428	91.000000	1	0.505967
198	46	87.741752	1	85.623662	91.000000	1	0.519359
199	47	87.741752	2	94.191678	91.000000	2	0.628120
200	48	87.741752	1	86.093997	91.000000	1	0.828502
201	49	87.741752	1	85.216220	91.000000	1	0.685123
202	50	87.741752	1	84.656567	91.000000	1	0.610876
203	51	87.741752	1	85.557003	91.000000	1	0.516192
204	52	87.741752	1	86.066314	91.000000	1	0.528789
205	53	87.741752	1	85.269777	91.000000	1	0.405476
206	54	87.741752	1	85.878160	91.000000	1	0.670969
207	55	87.741752	2	89.978167	91.000000	2	0.805499
208	1	23.256739	2	26.575868	21.000000	1	3.599683
209	2	23.256739	1	17.965112	21.000000	2	0.895346
210	3	23.256739	2	25.971570	21.000000	2	0.821109
211	4	23.256739	2	26.373813	21.000000	2	0.501593
212	5	23.256739	2	24.673613	21.000000	2	0.515003
213	6	23.256739	1	17.092155	21.000000	1	0.768224
214	7	23.256739	2	26.349785	21.000000	2	0.778802
215	8	23.256739	2	26.965088	21.000000	2	0.541236
216	9	23.256739	1	18.209299	21.000000	1	0.537207
217	10	23.256739	1	20.333674	21.000000	1	0.893296
218	11	23.256739	1	20.248923	21.000000	1	0.522945
219	12	23.256739	1	17.795304	21.000000	1	0.479533
220	13	23.256739	2	26.368635	21.000000	2	0.710281
221	14	23.256739	1	21.082823	21.000000	1	0.547457
222	15	23.256739	2	27.704662	21.000000	2	0.615425
223	1	61.528157	1	59.644343	63.000000	1	4.473369
224	2	61.528157	1	58.463954	63.000000	2	0.748890
225	3	61.528157	2	63.575658	63.000000	1	0.720936
226	4	61.528157	2	67.529445	63.000000	2	2.605409
227	5	61.528157	1	56.423836	63.000000	1	0.549175
228	6	61.528157	1	59.238344	63.000000	1	1.168376
229	7	61.528157	2	65.467141	63.000000	2	0.482545
230	8	61.528157	1	58.366838	63.000000	1	0.792688
231	9	61.528157	1	59.131305	63.000000	1	0.570358
232	10	61.528157	1	59.486085	63.000000	1	0.548984
233	11	61.528157	2	68.072157	63.000000	2	0.960453
234	12	61.528157	1	58.573939	63.000000	1	0.739502
235	13	61.528157	2	65.796226	63.000000	1	0.735256
236	14	61.528157	2	64.073837	63.000000	2	0.627011
237	15	61.528157	2	68.275718	63.000000	2	0.947530
238	16	61.528157	1	56.401881	63.000000	1	0.471423
239	1	79.877120	1	77.000000	76.168699	2	4.378469
240	2	79.877120	2	77.000000	83.297505	1	0.618213
241	3	79.877120	2	77.000000	82.759023	2	0.818751
242	4	79.877120	1	77.000000	73.933581	1	0.523245
243	5	79.877120	2	77.000000	82.188657	2	1.151958
244	6	79.877120	2	77.000000	82.824788	2	0.514518
245	7	79.877120	2	77.000000	82.342912	2	0.505046
246	8	79.877120	1	77.000000	74.240158	1	0.429287
247	9	79.877120	2	77.000000	83.357664	2	0.510116
248	10	79.877120	2	77.000000	83.409930	1	0.507527
249	11	79.877120	1	77.000000	73.012033	1	0.792833
250	12	79.877120	1	77.000000	78.453642	2	1.122685
251	13	79.877120	2	77.000000	81.628545	2	0.654553
252	14	79.877120	1	77.000000	76.328772	1	0.669838
253	15	79.877120	2	77.000000	83.126081	2	0.524595
254	16	79.877120	2	77.000000	81.736869	2	1.129400
255	17	79.877120	2	77.000000	83.003537	2	0.518374
256	18	79.877120	1	77.000000	73.381634	1	0.546220
257	19	79.877120	1	77.000000	71.651935	1	0.966127
258	20	79.877120	1	77.000000	73.166668	1	0.520988
259	21	79.877120	1	77.000000	76.698981	1	0.485820
260	22	79.877120	2	77.000000	81.786610	2	0.667789
261	23	79.877120	2	77.000000	82.322831	2	0.538344
262	24	79.877120	2	77.000000	82.897589	2	0.574432
263	1	18.859816	2	21.000000	24.150137	2	2.111719
264	2	18.859816	2	21.000000	23.226181	2	0.523754
265	3	18.859816	1	21.000000	15.881450	1	0.608544
266	4	18.859816	2	21.000000	22.039248	2	0.457657
267	5	18.859816	2	21.000000	27.913115	2	0.689162
268	6	18.859816	2	21.000000	21.240097	2	4.126887
269	7	18.859816	1	21.000000	16.390049	2	0.760993
270	8	18.859816	2	21.000000	24.368829	2	1.756069
271	9	18.859816	2	21.000000	27.243120	2	3.086528
272	10	18.859816	2	21.000000	26.745168	2	1.354579
273	11	18.859816	2	21.000000	24.476327	2	1.285073
274	12	18.859816	1	21.000000	16.306995	1	4.890721
275	13	18.859816	2	21.000000	23.145080	2	0.957201
276	14	18.859816	2	21.000000	24.324934	2	0.608241
277	1	91.284704	1	91.000000	86.142888	1	2.071346
278	2	91.284704	1	91.000000	88.490756	2	0.524832
279	3	91.284704	2	91.000000	97.435985	1	0.897321
280	4	91.284704	1	91.000000	86.690440	1	2.639123
281	5	91.284704	1	91.000000	88.095903	2	2.805598
282	6	91.284704	1	91.000000	87.589727	1	3.148990
283	7	91.284704	2	91.000000	95.087738	1	2.223059
284	8	91.284704	1	91.000000	89.394024	1	1.118594
285	9	91.284704	2	91.000000	93.458773	2	0.738715
286	10	91.284704	2	91.000000	94.238649	1	0.878697
287	11	91.284704	2	91.000000	97.093165	2	0.588903
288	12	91.284704	1	91.000000	84.912196	2	0.590920
289	13	91.284704	1	91.000000	85.153097	4	7.376819
290	14	91.284704	2	91.000000	94.493405	1	0.819378
291	15	91.284704	1	91.000000	85.942436	2	1.987925
292	16	91.284704	2	91.000000	95.868191	2	0.964876
293	17	91.284704	1	91.000000	84.687201	2	2.423757
294	18	91.284704	1	91.000000	86.617611	2	2.078808
295	19	91.284704	2	91.000000	93.151343	1	0.916555
296	20	91.284704	1	91.000000	86.136111	1	1.840879
297	21	91.284704	1	91.000000	85.832969	1	0.817734
298	22	91.284704	1	91.000000	84.088428	1	0.944166
299	23	91.284704	2	91.000000	97.151487	1	0.595920
300	24	91.284704	1	91.000000	87.923833	2	0.837751
301	25	91.284704	2	91.000000	97.403445	1	0.421501
302	26	91.284704	1	91.000000	85.036791	1	0.702247
303	27	91.284704	2	91.000000	97.123182	1	0.955550
304	28	91.284704	2	91.000000	97.311367	1	0.734529
305	29	91.284704	1	91.000000	84.542663	2	1.914188
306	30	91.284704	2	91.000000	94.193518	1	2.470508
307	31	91.284704	2	91.000000	93.435023	2	0.243753
308	32	91.284704	2	91.000000	94.508419	2	0.691946
309	33	91.284704	2	91.000000	97.001073	2	0.601839
310	34	91.284704	2	91.000000	97.341390	2	0.691054
311	35	91.284704	1	91.000000	86.800945	1	0.593038
312	36	91.284704	2	91.000000	95.495430	2	0.699048
313	37	91.284704	2	91.000000	92.988534	2	0.760557
314	38	91.284704	1	91.000000	89.658594	2	2.123901
315	39	91.284704	2	91.000000	96.985474	1	0.551495
316	40	91.284704	1	91.000000	86.515406	1	2.274764
317	41	91.284704	2	91.000000	96.224141	2	1.223895
318	42	91.284704	1	91.000000	88.020458	1	0.616126
319	43	91.284704	2	91.000000	93.670095	2	0.576891
320	44	91.284704	1	91.000000	86.485293	1	0.507360
321	45	91.284704	1	91.000000	84.884209	1	0.856644
322	46	91.284704	1	91.000000	84.729955	1	0.743791
323	47	91.284704	1	91.000000	87.751725	1	0.619589
324	48	91.284704	2	91.000000	96.640106	2	2.516224
325	49	91.284704	1	91.000000	87.258642	1	0.680178
326	50	91.284704	1	91.000000	87.762301	1	0.527891
327	51	91.284704	1	91.000000	86.942727	1	0.603339
328	52	91.284704	1	91.000000	86.668158	1	0.636475
329	1	33.436243	2	35.000000	35.994970	1	4.033655
330	2	33.436243	1	35.000000	30.984752	2	0.503709
331	3	33.436243	1	35.000000	30.717222	1	3.997177
332	4	33.436243	1	35.000000	29.557972	2	1.476460
333	5	33.436243	1	35.000000	29.941005	1	1.482362
334	6	33.436243	1	35.000000	28.319522	1	1.952349
335	7	33.436243	2	35.000000	36.723196	1	1.762594
336	8	33.436243	1	35.000000	31.851392	1	1.548886
337	9	33.436243	1	35.000000	31.388067	1	0.448055
338	10	33.436243	2	35.000000	38.799243	2	2.072316
339	11	33.436243	1	35.000000	28.884636	4	10.957734
340	12	33.436243	2	35.000000	35.498288	1	2.398131
341	13	33.436243	1	35.000000	31.508486	2	1.222756
342	14	33.436243	1	35.000000	29.189663	1	1.270818
343	15	33.436243	1	35.000000	31.783962	1	1.021338
344	16	33.436243	2	35.000000	36.110667	1	0.861209
345	17	33.436243	2	35.000000	41.931918	1	0.660375
346	18	33.436243	1	35.000000	31.909811	2	0.283580
347	19	33.436243	2	35.000000	39.790472	1	0.673754
348	20	33.436243	1	35.000000	31.371815	2	0.272356
349	21	33.436243	2	35.000000	38.198082	2	0.319170
350	22	33.436243	2	35.000000	38.126110	1	0.179977
351	23	33.436243	2	35.000000	41.046642	2	0.070743
352	24	33.436243	1	35.000000	30.839684	2	2.221895
353	25	33.436243	2	35.000000	41.989412	1	1.125146
354	26	33.436243	1	35.000000	31.897286	2	2.169461
355	27	33.436243	2	35.000000	37.689634	2	0.666894
356	28	33.436243	1	35.000000	28.802492	1	1.369309
357	29	33.436243	1	35.000000	31.763601	1	0.659497
358	30	33.436243	2	35.000000	39.106480	1	0.554698
359	31	33.436243	1	35.000000	30.562270	2	0.733936
360	32	33.436243	1	35.000000	28.184286	1	2.457733
361	33	33.436243	2	35.000000	36.969643	1	0.551694
362	34	33.436243	1	35.000000	31.570870	2	0.205679
363	35	33.436243	2	35.000000	38.805205	2	0.052495
364	36	33.436243	1	35.000000	31.558963	1	0.532119
365	37	33.436243	1	35.000000	31.182867	2	0.376774
366	38	33.436243	1	35.000000	29.671472	2	0.107769
367	39	33.436243	2	35.000000	41.153977	1	0.097283
368	40	33.436243	2	35.000000	36.342960	2	0.543611
369	41	33.436243	2	35.000000	41.127749	1	0.315617
370	42	33.436243	2	35.000000	36.910787	4	6.729166
371	43	33.436243	1	35.000000	29.238984	2	0.229905
372	44	33.436243	1	35.000000	31.605122	1	0.454959
373	45	33.436243	2	35.000000	35.260410	1	0.614317
374	46	33.436243	2	35.000000	41.290232	1	4.711699
375	47	33.436243	2	35.000000	36.138538	2	0.281785
376	48	33.436243	1	35.000000	29.778939	1	0.728533
377	49	33.436243	2	35.000000	38.967112	2	0.437219
378	50	33.436243	1	35.000000	29.225549	2	0.509234
379	51	33.436243	1	35.000000	30.483862	1	3.082665
380	52	33.436243	1	35.000000	28.916229	1	0.679355
381	53	33.436243	2	35.000000	38.733813	2	0.350010
382	54	33.436243	2	35.000000	37.924318	1	0.529383
383	55	33.436243	1	35.000000	29.009018	2	0.277949
384	56	33.436243	1	35.000000	29.392687	1	0.364761
385	57	33.436243	2	35.000000	39.871497	1	0.568324
386	58	33.436243	2	35.000000	37.258570	2	0.227020
387	59	33.436243	1	35.000000	29.794733	2	0.595730
388	60	33.436243	1	35.000000	29.946603	1	0.301770
389	61	33.436243	1	35.000000	30.354318	1	0.915310
390	62	33.436243	1	35.000000	30.995937	1	1.120291
391	63	33.436243	1	35.000000	32.032061	1	2.188462
392	64	33.436243	2	35.000000	38.132353	2	0.533137
393	65	33.436243	2	35.000000	39.738167	2	0.569154
394	66	33.436243	2	35.000000	37.447390	2	0.515941
395	67	33.436243	2	35.000000	37.786419	2	0.544434
396	68	33.436243	1	35.000000	30.839938	2	0.540327
397	69	33.436243	1	35.000000	28.988699	1	4.088542
398	70	33.436243	2	35.000000	34.864921	2	0.731811
399	71	33.436243	2	35.000000	39.666497	1	1.504285
400	72	33.436243	2	35.000000	40.882699	2	0.292896
401	73	33.436243	1	35.000000	31.118841	2	0.466930
402	74	33.436243	1	35.000000	30.586324	1	0.241683
403	75	33.436243	2	35.000000	36.994759	1	0.505941
404	76	33.436243	2	35.000000	36.659748	2	0.087158
405	77	33.436243	1	35.000000	29.065776	2	0.405645
406	78	33.436243	2	35.000000	35.360179	1	0.214862
407	79	33.436243	2	35.000000	38.721389	1	0.160430
408	80	33.436243	2	35.000000	41.584889	2	0.092164
409	81	33.436243	2	35.000000	36.922472	2	1.170658
410	82	33.436243	1	35.000000	31.322091	1	3.932636
411	83	33.436243	1	35.000000	28.984063	1	2.478737
412	84	33.436243	2	35.000000	39.636402	1	1.996071
413	85	33.436243	1	35.000000	28.177539	2	3.124949
414	86	33.436243	2	35.000000	39.706768	1	3.439524
415	87	33.436243	2	35.000000	37.685195	2	2.452693
416	88	33.436243	1	35.000000	31.219496	2	4.011084
417	89	33.436243	2	35.000000	40.078644	1	0.105943
418	90	33.436243	1	35.000000	31.270268	2	0.951581
419	91	33.436243	1	35.000000	30.229547	1	1.290401
420	92	33.436243	1	35.000000	30.356635	1	0.783909
421	93	33.436243	2	35.000000	35.576147	1	0.721647
422	94	33.436243	2	35.000000	36.919306	2	0.910280
423	95	33.436243	2	35.000000	34.870910	2	0.571213
424	96	33.436243	1	35.000000	31.360957	2	0.821828
425	97	33.436243	1	35.000000	31.715711	1	0.422279
426	98	33.436243	1	35.000000	30.013404	2	0.551081
427	99	33.436243	2	35.000000	38.971911	1	0.346339
428	100	33.436243	1	35.000000	29.070342	1	0.070437
429	101	33.436243	1	35.000000	29.113896	2	0.245424
430	102	33.436243	2	35.000000	35.978502	2	0.285776
431	103	33.436243	1	35.000000	28.674314	4	5.315881
432	104	33.436243	1	35.000000	30.007112	2	0.833793
433	105	33.436243	2	35.000000	36.372402	1	0.289781
434	106	33.436243	1	35.000000	31.419344	2	0.151776
435	107	33.436243	2	35.000000	39.448796	1	2.731591
436	108	33.436243	1	35.000000	31.908667	2	0.366605
437	109	33.436243	2	35.000000	36.169238	2	0.225241
438	110	33.436243	1	35.000000	30.878943	1	1.297993
439	111	33.436243	1	35.000000	29.038834	2	0.751623
440	112	33.436243	1	35.000000	31.824820	1	0.314763
441	113	33.436243	1	35.000000	29.068360	1	0.736215
442	114	33.436243	1	35.000000	29.505601	1	0.652014
443	115	33.436243	2	35.000000	41.104350	1	0.539374
444	116	33.436243	2	35.000000	39.952703	2	0.535124
445	117	33.436243	1	35.000000	28.909994	2	0.563137
446	118	33.436243	2	35.000000	34.938897	1	0.830449
447	119	33.436243	2	35.000000	35.153842	2	0.054879
448	120	33.436243	2	35.000000	34.912827	2	0.662827
449	121	33.436243	2	35.000000	39.687174	1	4.565945
450	122	33.436243	1	35.000000	30.230459	2	1.422084
451	123	33.436243	1	35.000000	31.036850	2	3.854226
452	124	33.436243	2	35.000000	40.315101	1	0.178826
453	125	33.436243	1	35.000000	30.083608	2	0.253747
454	126	33.436243	2	35.000000	37.970553	2	0.189431
455	127	33.436243	2	35.000000	37.511669	1	0.199544
456	128	33.436243	2	35.000000	35.851211	2	2.169191
457	129	33.436243	1	35.000000	29.053565	2	0.322667
458	130	33.436243	2	35.000000	41.400933	1	0.423508
459	131	33.436243	1	35.000000	28.379596	2	0.160047
460	132	33.436243	1	35.000000	29.497233	1	4.947742
461	133	33.436243	1	35.000000	28.274257	2	3.284422
462	134	33.436243	1	35.000000	29.071722	1	0.488222
463	135	33.436243	1	35.000000	30.460802	1	0.526298
464	136	33.436243	2	35.000000	38.549176	1	0.461499
465	137	33.436243	1	35.000000	31.649577	2	2.650362
466	138	33.436243	1	35.000000	30.109743	1	4.944164
467	139	33.436243	2	35.000000	35.102716	1	1.216681
468	140	33.436243	1	35.000000	28.940491	2	1.840817
469	141	33.436243	2	35.000000	36.555194	1	1.343735
470	142	33.436243	1	35.000000	31.646194	2	0.763174
471	143	33.436243	1	35.000000	29.293048	2	0.518295
472	144	33.436243	1	35.000000	28.602901	1	0.059077
473	145	33.436243	2	35.000000	35.850713	1	0.786672
474	146	33.436243	1	35.000000	28.481372	2	0.244558
475	147	33.436243	2	35.000000	38.243839	1	0.148668
476	148	33.436243	2	35.000000	37.352523	2	1.672352
477	149	33.436243	1	35.000000	28.376590	2	1.206108
478	150	33.436243	2	35.000000	41.587437	1	2.870833
479	151	33.436243	1	35.000000	28.249993	2	0.251845
480	152	33.436243	2	35.000000	37.992200	2	0.251254
481	153	33.436243	2	35.000000	39.783740	1	3.234825
482	154	33.436243	2	35.000000	37.185392	2	0.762059
483	155	33.436243	1	35.000000	32.034291	2	3.195930
484	156	33.436243	2	35.000000	41.485371	1	0.907982
485	157	33.436243	1	35.000000	31.773315	2	0.840899
486	158	33.436243	2	35.000000	41.829143	2	1.312653
487	159	33.436243	1	35.000000	31.109528	1	4.157626
488	160	33.436243	2	35.000000	41.200817	2	0.901990
489	161	33.436243	2	35.000000	37.298978	4	8.507098
490	162	33.436243	1	35.000000	31.650260	2	2.719329
491	163	33.436243	1	35.000000	29.568295	1	1.010487
492	164	33.436243	2	35.000000	41.526038	2	3.091306
493	165	33.436243	1	35.000000	31.276482	1	1.183203
494	166	33.436243	1	35.000000	30.851229	1	0.656783
495	167	33.436243	2	35.000000	38.795854	2	0.895997
496	168	33.436243	2	35.000000	36.179650	2	1.030940
497	169	33.436243	1	35.000000	28.845737	1	0.934160
498	170	33.436243	1	35.000000	31.961158	1	0.657692
499	171	33.436243	2	35.000000	36.719241	1	1.376981
500	172	33.436243	1	35.000000	29.635330	1	0.883042
501	173	33.436243	1	35.000000	29.103005	1	0.720811
502	174	33.436243	2	35.000000	35.707317	1	1.157266
503	175	33.436243	2	35.000000	37.515777	1	0.688060
504	176	33.436243	2	35.000000	39.773944	2	0.661978
505	177	33.436243	2	35.000000	38.371944	2	0.653056
506	178	33.436243	1	35.000000	28.679615	1	0.972393
507	179	33.436243	2	35.000000	37.223961	2	0.862562
508	180	33.436243	1	35.000000	30.555132	2	0.621814
509	181	33.436243	2	35.000000	35.849870	1	1.910280
510	182	33.436243	2	35.000000	40.788738	2	4.466699
511	183	33.436243	2	35.000000	39.337270	2	0.582968
512	184	33.436243	1	35.000000	31.404782	1	0.736839
