1	1	79.148276	1	77.000000	70.812203	2	0.800372
2	2	79.148276	1	77.000000	72.930419	1	1.329478
3	3	79.148276	2	77.000000	83.990922	1	0.493632
4	4	79.148276	1	77.000000	73.005346	2	0.867684
5	5	79.148276	2	77.000000	83.670924	2	1.441780
6	6	79.148276	1	77.000000	76.682871	2	0.809245
7	7	79.148276	1	77.000000	77.052590	1	1.682318
8	8	79.148276	2	77.000000	81.986071	1	1.344009
9	9	79.148276	1	77.000000	71.009971	2	1.115135
10	10	79.148276	2	77.000000	83.577798	2	0.736070
11	11	79.148276	2	77.000000	80.762207	2	1.859987
12	12	79.148276	1	77.000000	75.145993	1	0.954213
13	13	79.148276	2	77.000000	80.622446	2	0.549128
14	14	79.148276	1	77.000000	75.977117	1	0.552391
15	15	79.148276	2	77.000000	81.112778	2	0.643763
16	16	79.148276	2	77.000000	83.059510	2	0.907588
17	17	79.148276	2	77.000000	80.903008	2	0.608715
18	18	79.148276	2	77.000000	83.404929	2	1.289932
19	19	79.148276	2	77.000000	80.797513	2	0.583356
20	20	79.148276	1	77.000000	72.118154	1	0.920945
21	21	79.148276	2	77.000000	81.001209	2	0.525412
22	22	79.148276	1	77.000000	76.371489	2	0.945938
23	1	64.209559	2	63.000000	67.158131	2	1.663035
24	2	64.209559	2	63.000000	69.997056	1	1.005547
25	3	64.209559	1	63.000000	57.983688	2	1.134307
26	4	64.209559	2	63.000000	69.165544	1	2.257942
27	5	64.209559	2	63.000000	66.774493	2	1.063962
28	6	64.209559	1	63.000000	58.325537	2	1.038716
29	7	64.209559	2	63.000000	69.642480	2	0.670390
30	8	64.209559	2	63.000000	68.514580	1	0.772843
31	9	64.209559	2	63.000000	66.084647	2	0.463381
32	10	64.209559	2	63.000000	69.844588	2	0.478541
33	11	64.209559	2	63.000000	69.433199	2	1.381354
34	12	64.209559	2	63.000000	66.305199	2	0.887269
35	13	64.209559	1	63.000000	60.871073	1	0.828909
36	14	64.209559	1	63.000000	61.981836	2	1.109175
37	15	64.209559	2	63.000000	66.200411	2	0.738171
38	16	64.209559	2	63.000000	68.886508	2	0.926063
39	17	64.209559	2	63.000000	68.825855	2	0.706317
40	18	64.209559	1	63.000000	61.446290	1	0.535400
41	19	64.209559	2	63.000000	68.892869	2	0.643547
42	20	64.209559	2	63.000000	69.579261	2	0.867338
43	21	64.209559	1	63.000000	58.415930	1	1.497699
44	22	64.209559	2	63.000000	67.202684	2	0.470821
45	1	7.475262	1	7.000000	5.179552	2	2.549214
46	2	7.475262	2	7.000000	11.682935	2	0.759548
47	3	7.475262	1	7.000000	3.125468	1	0.522869
48	4	7.475262	2	7.000000	12.518417	2	0.559480
49	5	7.475262	2	7.000000	10.784808	2	0.938461
50	6	7.475262	2	7.000000	10.683619	2	1.318542
51	7	7.475262	2	7.000000	13.965797	2	1.194358
52	8	7.475262	1	7.000000	1.986529	1	0.635806
53	9	7.475262	1	7.000000	2.362670	2	0.683571
54	10	7.475262	1	7.000000	0.976696	2	0.913564
55	11	7.475262	1	7.000000	0.739558	1	0.574569
56	12	7.475262	2	7.000000	11.886550	2	0.961157
57	13	7.475262	1	7.000000	1.789001	1	0.716050
58	14	7.475262	2	7.000000	12.965502	2	0.712536
59	15	7.475262	2	7.000000	12.777449	2	1.453734
60	16	7.475262	1	7.000000	2.659570	1	0.676336
61	17	7.475262	1	7.000000	5.888469	2	0.786508
62	18	7.475262	1	7.000000	4.926017	1	1.412664
63	19	7.475262	2	7.000000	11.155795	1	1.309247
64	20	7.475262	2	7.000000	11.212162	2	0.633672
65	21	7.475262	1	7.000000	4.365872	2	1.297716
66	22	7.475262	1	7.000000	1.225558	1	1.823098
67	23	7.475262	1	7.000000	5.841224	1	0.726672
68	24	7.475262	1	7.000000	3.230070	1	0.691198
69	25	7.475262	2	7.000000	11.011892	2	0.785025
70	26	7.475262	2	7.000000	9.116206	2	0.682694
71	27	7.475262	2	7.000000	11.025524	1	0.664804
72	28	7.475262	1	7.000000	2.055665	1	1.159886
73	29	7.475262	1	7.000000	0.503651	1	0.850434
74	30	7.475262	2	7.000000	13.739463	2	0.529707
75	31	7.475262	1	7.000000	1.643322	2	0.926458
76	32	7.475262	1	7.000000	1.682194	1	0.786554
77	33	7.475262	1	7.000000	0.405311	1	0.908388
78	34	7.475262	2	7.000000	10.440753	2	1.393599
79	35	7.475262	2	7.000000	11.059580	2	0.786989
80	36	7.475262	1	7.000000	1.629109	1	1.628459
81	37	7.475262	1	7.000000	2.809559	1	0.892243
82	38	7.475262	2	7.000000	11.297316	2	0.705931
83	39	7.475262	2	7.000000	11.443044	2	1.014981
84	40	7.475262	2	7.000000	12.236990	2	0.799783
85	41	7.475262	1	7.000000	2.997391	1	1.041008
86	1	48.015612	2	49.000000	50.997812	2	1.603599
87	2	48.015612	1	49.000000	46.336507	1	0.935083
88	3	48.015612	1	49.000000	43.244178	2	1.279785
89	4	48.015612	2	49.000000	55.463175	2	0.862145
90	5	48.015612	2	49.000000	55.790514	1	0.765151
91	6	48.015612	2	49.000000	54.846306	2	1.864207
92	7	48.015612	2	49.000000	51.625692	2	0.550359
93	8	48.015612	2	49.000000	53.223742	2	0.825583
94	9	48.015612	1	49.000000	42.843826	1	0.474301
95	10	48.015612	2	49.000000	54.657293	2	0.504735
96	11	48.015612	2	49.000000	52.928486	2	0.798057
97	12	48.015612	2	49.000000	55.251984	2	0.623966
98	13	48.015612	1	49.000000	43.149885	1	0.432576
99	14	48.015612	1	49.000000	42.597550	1	0.928442
100	15	48.015612	1	49.000000	42.667010	1	0.732543
101	16	48.015612	1	49.000000	46.392442	1	0.784319
102	17	48.015612	2	49.000000	50.137183	1	0.866227
103	1	88.252121	2	91.000000	97.550834	2	1.889613
104	2	88.252121	1	91.000000	84.357792	2	0.790433
105	3	88.252121	2	91.000000	95.546105	2	0.616205
106	4	88.252121	1	91.000000	85.153323	1	0.736857
107	5	88.252121	2	91.000000	93.189213	2	0.452875
108	6	88.252121	1	91.000000	86.641837	1	0.931956
109	7	88.252121	2	91.000000	94.953336	2	0.544376
110	8	88.252121	2	91.000000	91.625329	2	0.540159
111	9	88.252121	1	91.000000	84.454428	1	0.792316
112	10	88.252121	2	91.000000	93.161962	2	0.441953
113	11	88.252121	2	91.000000	95.160340	2	0.601771
114	12	88.252121	1	91.000000	86.682247	1	0.891208
115	13	88.252121	1	91.000000	85.453551	1	0.801232
116	14	88.252121	1	91.000000	85.392741	2	1.353922
117	1	22.140095	2	21.000000	27.482100	2	1.264300
118	2	22.140095	1	21.000000	18.465867	1	0.831025
119	3	22.140095	2	21.000000	26.034018	1	0.799495
120	4	22.140095	1	21.000000	18.078855	2	1.072687
121	5	22.140095	2	21.000000	26.195492	2	0.710950
122	6	22.140095	1	21.000000	15.729659	1	0.971836
123	7	22.140095	1	21.000000	14.570875	1	1.309972
124	8	22.140095	2	21.000000	27.937317	1	0.810901
125	9	22.140095	1	21.000000	16.809681	2	0.675825
126	10	22.140095	1	21.000000	17.566635	2	1.346397
127	11	22.140095	2	21.000000	26.839935	2	0.845953
128	12	22.140095	1	21.000000	16.232708	2	0.781617
129	13	22.140095	1	21.000000	19.005243	1	0.624030
130	14	22.140095	1	21.000000	17.612094	1	0.569787
131	15	22.140095	2	21.000000	27.328577	2	1.468155
132	16	22.140095	1	21.000000	17.657113	2	1.776962
133	17	22.140095	1	21.000000	19.766012	1	0.738596
134	18	22.140095	1	21.000000	19.793656	1	0.870569
135	19	22.140095	1	21.000000	15.270743	1	0.668891
136	20	22.140095	1	21.000000	16.399535	1	0.667395
137	21	22.140095	2	21.000000	25.355128	2	1.402038
138	22	22.140095	1	21.000000	19.035606	1	1.301316
139	23	22.140095	1	21.000000	15.825247	1	1.159307
140	24	22.140095	1	21.000000	16.766205	1	0.970021
141	25	22.140095	2	21.000000	27.544187	2	0.468249
142	26	22.140095	2	21.000000	26.572316	2	1.123124
143	1	34.777363	1	35.000000	28.003658	2	1.338915
144	2	34.777363	2	35.000000	38.757328	2	0.558245
145	3	34.777363	1	35.000000	28.576675	2	1.097522
146	4	34.777363	1	35.000000	29.881755	2	0.774992
147	5	34.777363	1	35.000000	33.208485	2	0.889555
148	6	34.777363	1	35.000000	31.990491	1	0.415095
149	7	34.777363	2	35.000000	41.621487	1	0.744495
150	8	34.777363	1	35.000000	32.589281	2	1.596351
151	9	34.777363	2	35.000000	36.592674	2	1.005578
152	10	34.777363	1	35.000000	28.259836	1	0.854288
153	11	34.777363	2	35.000000	41.379241	2	0.901327
154	12	34.777363	2	35.000000	39.379245	2	0.770552
155	13	34.777363	2	35.000000	40.516922	2	0.668561
156	14	34.777363	1	35.000000	31.105783	2	0.779279
157	15	34.777363	1	35.000000	33.302829	1	1.101600
158	16	34.777363	2	35.000000	41.487838	2	0.778613
159	17	34.777363	1	35.000000	30.017841	2	1.141112
160	18	34.777363	2	35.000000	41.151407	1	0.400562
161	19	34.777363	2	35.000000	37.280130	2	0.665899
162	20	34.777363	1	35.000000	28.499287	1	0.712569
163	21	34.777363	1	35.000000	28.650068	2	1.573799
164	22	34.777363	1	35.000000	31.173791	2	4.103462
165	23	34.777363	1	35.000000	29.772768	1	1.017957
166	24	34.777363	2	35.000000	38.317413	1	0.506329
167	25	34.777363	2	35.000000	37.830097	2	0.807430
168	26	34.777363	1	35.000000	30.330244	2	0.824611
169	27	34.777363	1	35.000000	33.304408	2	0.632992
170	28	34.777363	2	35.000000	39.997374	2	0.512875
171	29	34.777363	2	35.000000	36.967573	1	0.622177
172	30	34.777363	2	35.000000	41.346824	2	0.326735
173	31	34.777363	1	35.000000	30.588570	1	1.027478
174	32	34.777363	1	35.000000	30.516481	2	1.163809
175	33	34.777363	1	35.000000	29.841128	1	0.734830
176	34	34.777363	1	35.000000	31.016118	2	0.722396
177	35	34.777363	1	35.000000	30.017670	1	0.334778
178	36	34.777363	2	35.000000	39.005537	2	1.019041
179	37	34.777363	1	35.000000	28.666926	1	0.891243
180	38	34.777363	2	35.000000	39.110195	2	0.601059
181	39	34.777363	2	35.000000	37.310833	1	0.946062
182	40	34.777363	1	35.000000	31.432194	2	0.429710
183	41	34.777363	1	35.000000	30.446981	2	0.734595
184	42	34.777363	2	35.000000	36.527155	2	0.858152
185	43	34.777363	2	35.000000	40.259045	2	1.417381
186	44	34.777363	1	35.000000	30.789783	1	1.321259
187	45	34.777363	1	35.000000	31.727977	1	0.981167
188	46	34.777363	1	35.000000	30.055081	2	0.887587
189	47	34.777363	1	35.000000	30.082828	2	0.621175
190	48	34.777363	2	35.000000	37.777780	1	0.965744
191	49	34.777363	2	35.000000	37.479688	2	0.440061
192	50	34.777363	2	35.000000	36.472674	2	0.776203
193	51	34.777363	2	35.000000	37.944626	2	0.698426
194	52	34.777363	1	35.000000	29.503334	1	0.952327
195	53	34.777363	2	35.000000	36.922761	1	0.891583
196	54	34.777363	1	35.000000	32.707082	2	0.616703
197	55	34.777363	1	35.000000	30.345635	1	0.561443
198	56	34.777363	1	35.000000	29.236198	1	0.925052
199	57	34.777363	1	35.000000	32.958321	1	0.329375
200	58	34.777363	2	35.000000	36.589780	1	0.790056
201	59	34.777363	1	35.000000	28.029121	2	0.807754
202	60	34.777363	2	35.000000	38.469923	2	0.408769
203	61	34.777363	2	35.000000	40.905369	2	0.322317
204	62	34.777363	2	35.000000	36.564811	2	0.462793
205	63	34.777363	2	35.000000	36.363235	2	0.934190
206	64	34.777363	1	35.000000	28.645756	2	0.643109
207	65	34.777363	1	35.000000	29.442271	1	1.137893
208	66	34.777363	2	35.000000	40.128436	1	0.437225
209	67	34.777363	1	35.000000	32.042584	1	0.629129
210	68	34.777363	2	35.000000	38.908842	2	0.485913
211	69	34.777363	1	35.000000	31.563179	1	0.611869
212	70	34.777363	2	35.000000	36.704495	1	0.813010
213	71	34.777363	2	35.000000	37.960864	2	0.702264
214	72	34.777363	2	35.000000	36.495739	2	0.835477
215	73	34.777363	2	35.000000	36.534887	2	0.523176
216	74	34.777363	2	35.000000	39.271490	1	0.719664
217	75	34.777363	1	35.000000	29.183862	2	1.908219
218	76	34.777363	1	35.000000	30.777219	2	0.768369
219	77	34.777363	1	35.000000	30.866453	1	0.419056
220	78	34.777363	1	35.000000	31.983167	1	0.555506
221	79	34.777363	1	35.000000	29.014645	1	0.342794
222	80	34.777363	1	35.000000	28.214068	1	0.643018
223	81	34.777363	1	35.000000	30.487321	2	0.690915
224	82	34.777363	1	35.000000	31.843176	2	0.696668
225	83	34.777363	1	35.000000	29.593367	1	0.734431
226	84	34.777363	2	35.000000	39.679921	1	1.146453
227	85	34.777363	2	35.000000	38.763065	2	0.357771
228	86	34.777363	2	35.000000	41.818124	2	0.409274
229	87	34.777363	2	35.000000	37.469512	2	0.418453
230	88	34.777363	1	35.000000	31.713292	1	0.691153
231	89	34.777363	2	35.000000	36.706116	2	0.929103
232	90	34.777363	1	35.000000	29.777313	1	0.486582
233	91	34.777363	1	35.000000	32.498471	2	0.811417
234	92	34.777363	2	35.000000	39.823706	2	0.804643
235	93	34.777363	1	35.000000	29.086821	1	0.461693
236	94	34.777363	2	35.000000	41.928697	2	0.548913
237	95	34.777363	2	35.000000	36.583458	1	0.712159
238	96	34.777363	2	35.000000	40.457468	2	0.717402
239	97	34.777363	1	35.000000	33.133978	2	0.362078
240	98	34.777363	1	35.000000	30.489693	2	1.117249
241	99	34.777363	2	35.000000	41.058975	2	0.897479
242	100	34.777363	2	35.000000	36.592952	2	1.015199
243	101	34.777363	1	35.000000	28.583980	1	0.944002
244	102	34.777363	2	35.000000	38.822960	2	0.475604
245	103	34.777363	1	35.000000	28.343586	1	0.554163
246	104	34.777363	2	35.000000	39.899098	2	0.461693
247	105	34.777363	1	35.000000	32.562407	1	0.381254
248	106	34.777363	1	35.000000	31.168065	1	1.103976
249	107	34.777363	2	35.000000	36.904065	2	0.436436
250	108	34.777363	2	35.000000	40.811506	2	0.964796
251	109	34.777363	1	35.000000	31.057641	1	0.399611
252	110	34.777363	1	35.000000	32.367377	1	0.856825
253	111	34.777363	2	35.000000	40.810209	2	0.641090
254	1	65.940362	1	63.291766	63.000000	2	1.396536
255	2	65.940362	2	68.648375	63.000000	2	1.333879
256	3	65.940362	1	56.077997	63.000000	2	0.521524
257	4	65.940362	2	67.540260	63.000000	2	1.485993
258	5	65.940362	2	67.859593	63.000000	1	0.827304
259	6	65.940362	1	58.046050	63.000000	1	0.531441
260	7	65.940362	2	68.853288	63.000000	2	0.592379
261	8	65.940362	1	57.283680	63.000000	1	0.649973
262	9	65.940362	1	64.448887	63.000000	2	0.529383
263	10	65.940362	2	68.046052	63.000000	2	0.662101
264	11	65.940362	1	60.647269	63.000000	1	1.109167
265	12	65.940362	1	57.082464	63.000000	1	0.905859
266	13	65.940362	2	69.188710	63.000000	2	0.983151
267	14	65.940362	2	69.562897	63.000000	2	0.856369
268	15	65.940362	2	67.881175	63.000000	2	0.727753
269	16	65.940362	1	57.449454	63.000000	1	0.572071
270	17	65.940362	1	61.391556	63.000000	2	0.374536
271	18	65.940362	1	59.242682	63.000000	1	0.777414
272	19	65.940362	1	64.162649	63.000000	2	0.843772
273	20	65.940362	2	69.061730	63.000000	2	1.035422
274	21	65.940362	1	58.511569	63.000000	1	0.619252
275	22	65.940362	2	68.069311	63.000000	2	0.739864
276	23	65.940362	1	60.515840	63.000000	1	0.871520
277	24	65.940362	1	59.747706	63.000000	1	0.957841
278	25	65.940362	2	68.066561	63.000000	2	0.568666
279	26	65.940362	2	68.429602	63.000000	1	0.387262
280	27	65.940362	2	69.091705	63.000000	2	0.541991
281	28	65.940362	2	68.295743	63.000000	2	0.865239
282	29	65.940362	2	68.825627	63.000000	2	0.560479
283	30	65.940362	1	57.593531	63.000000	1	0.779753
284	31	65.940362	1	57.268006	63.000000	1	0.662239
285	32	65.940362	1	63.667627	63.000000	1	0.965323
286	33	65.940362	1	61.762744	63.000000	1	0.615516
287	1	22.133187	2	25.123466	21.000000	2	1.228486
288	2	22.133187	1	20.467181	21.000000	1	0.845737
289	3	22.133187	2	26.972806	21.000000	1	1.236254
290	4	22.133187	2	27.125817	21.000000	1	1.035575
291	5	22.133187	1	16.650840	21.000000	2	1.035319
292	6	22.133187	2	25.937372	21.000000	2	1.338993
293	7	22.133187	1	14.701819	21.000000	1	0.518055
294	8	22.133187	2	23.910443	21.000000	2	0.610841
295	9	22.133187	2	23.999534	21.000000	2	0.740123
296	10	22.133187	2	26.051438	21.000000	2	0.736879
297	11	22.133187	2	23.910906	21.000000	2	0.619732
298	12	22.133187	2	24.320489	21.000000	2	0.651960
299	13	22.133187	2	26.287100	21.000000	2	0.595396
300	14	22.133187	2	24.672483	21.000000	2	0.717209
301	15	22.133187	1	20.134510	21.000000	1	1.009686
302	16	22.133187	1	19.379412	21.000000	1	0.826763
303	17	22.133187	1	15.881447	21.000000	1	0.603120
304	18	22.133187	2	25.549802	21.000000	2	0.740154
305	1	77.700643	1	72.688027	77.000000	2	1.791469
306	2	77.700643	2	83.531193	77.000000	2	1.464369
307	3	77.700643	1	74.654329	77.000000	1	0.791136
308	4	77.700643	1	76.131880	77.000000	1	0.992904
309	5	77.700643	1	75.793799	77.000000	2	0.490327
310	6	77.700643	2	83.124233	77.000000	2	4.096472
311	7	77.700643	1	75.004296	77.000000	2	0.899645
312	8	77.700643	1	76.257730	77.000000	2	0.928777
313	9	77.700643	1	73.186765	77.000000	2	1.668868
314	10	77.700643	1	70.409268	77.000000	1	0.890479
315	11	77.700643	2	79.320149	77.000000	2	0.816250
316	12	77.700643	1	75.709018	77.000000	1	0.736901
317	13	77.700643	1	73.783946	77.000000	2	0.676399
318	14	77.700643	2	83.976060	77.000000	2	0.867206
319	15	77.700643	2	79.325033	77.000000	2	0.609419
320	16	77.700643	2	80.265299	77.000000	2	0.522828
321	17	77.700643	1	72.145331	77.000000	1	0.927381
322	18	77.700643	1	75.690161	77.000000	2	0.731522
323	19	77.700643	2	79.840710	77.000000	2	0.600165
324	20	77.700643	1	73.357074	77.000000	1	1.833525
325	21	77.700643	1	74.278277	77.000000	1	0.704453
326	22	77.700643	2	83.440568	77.000000	2	0.621536
327	23	77.700643	2	80.072964	77.000000	2	0.630058
328	24	77.700643	1	72.143071	77.000000	1	0.702648
329	25	77.700643	2	83.889647	77.000000	2	0.443744
330	26	77.700643	1	71.800604	77.000000	1	0.411610
331	27	77.700643	1	73.462242	77.000000	1	0.741213
332	1	87.768024	1	84.612996	91.000000	2	1.109681
333	2	87.768024	2	93.667689	91.000000	2	0.570644
334	3	87.768024	1	84.152537	91.000000	1	0.597263
335	4	87.768024	2	92.571011	91.000000	2	0.415496
336	5	87.768024	2	93.182814	91.000000	2	0.624716
337	6	87.768024	2	92.890991	91.000000	2	0.521247
338	7	87.768024	2	92.591143	91.000000	2	0.557663
339	8	87.768024	2	89.770217	91.000000	2	0.457131
340	9	87.768024	1	85.342315	91.000000	2	0.560481
341	10	87.768024	1	85.939098	91.000000	2	0.667654
342	11	87.768024	1	84.165760	91.000000	1	0.610072
343	12	87.768024	1	85.252540	91.000000	1	0.611464
344	13	87.768024	2	95.972147	91.000000	2	0.684861
345	14	87.768024	1	85.969772	91.000000	2	0.834378
346	15	87.768024	2	97.743776	91.000000	2	0.618289
347	16	87.768024	1	85.029130	91.000000	1	0.498744
348	17	87.768024	1	84.584769	91.000000	1	1.104804
349	18	87.768024	2	92.959765	91.000000	2	0.421424
350	19	87.768024	1	84.158140	91.000000	1	0.534231
351	20	87.768024	2	94.086956	91.000000	2	0.490236
352	21	87.768024	2	90.792698	91.000000	2	0.568429
353	22	87.768024	1	85.854943	91.000000	2	0.786838
354	23	87.768024	2	96.778687	91.000000	2	0.516591
355	24	87.768024	2	91.436658	91.000000	2	0.489345
356	25	87.768024	2	93.554463	91.000000	2	0.599369
357	26	87.768024	2	91.796494	91.000000	1	1.072515
358	27	87.768024	2	94.508557	91.000000	2	0.510438
359	28	87.768024	2	92.884710	91.000000	2	0.628198
360	29	87.768024	1	85.965153	91.000000	1	0.700751
361	30	87.768024	2	91.333507	91.000000	2	0.545769
362	31	87.768024	2	97.625664	91.000000	2	0.549486
363	32	87.768024	2	97.661626	91.000000	2	0.529087
364	33	87.768024	1	84.321086	91.000000	1	0.389462
365	34	87.768024	1	86.143183	91.000000	1	0.639563
366	35	87.768024	2	93.126236	91.000000	2	0.719417
367	36	87.768024	2	92.922755	91.000000	2	0.548056
368	1	3.727699	2	5.359636	7.000000	2	2.447708
369	2	3.727699	1	0.941217	7.000000	1	0.814384
370	3	3.727699	1	1.651825	7.000000	1	0.599264
371	4	3.727699	2	9.281160	7.000000	2	0.544833
372	5	3.727699	2	12.084888	7.000000	2	0.644581
373	6	3.727699	1	0.594430	7.000000	1	0.652602
374	7	3.727699	2	10.641784	7.000000	2	0.443762
375	8	3.727699	1	1.516123	7.000000	1	0.427646
376	9	3.727699	1	1.715717	7.000000	1	0.636472
377	10	3.727699	2	13.682840	7.000000	2	0.525850
378	11	3.727699	2	11.923438	7.000000	2	1.208712
379	12	3.727699	1	0.588564	7.000000	1	0.441662
380	13	3.727699	1	1.724121	7.000000	1	0.801760
381	14	3.727699	1	0.757639	7.000000	1	0.786901
382	1	50.900588	2	55.237860	49.000000	1	1.597098
383	2	50.900588	1	42.599964	49.000000	2	0.998130
384	3	50.900588	2	55.186999	49.000000	2	0.951987
385	4	50.900588	2	52.970189	49.000000	2	0.674660
386	5	50.900588	1	42.374512	49.000000	1	0.929327
387	6	50.900588	1	48.182488	49.000000	2	0.749433
388	7	50.900588	1	47.583995	49.000000	2	0.768701
389	8	50.900588	2	54.240004	49.000000	1	1.059317
390	9	50.900588	2	52.327019	49.000000	2	0.625999
391	10	50.900588	2	52.555587	49.000000	1	0.874667
392	11	50.900588	1	42.705072	49.000000	2	0.649094
393	12	50.900588	1	46.638093	49.000000	2	4.408095
394	13	50.900588	2	52.401076	49.000000	1	1.230514
395	14	50.900588	2	52.545929	49.000000	2	0.478541
396	15	50.900588	2	53.975374	49.000000	1	0.462779
397	16	50.900588	2	53.934083	49.000000	2	0.420329
398	17	50.900588	1	48.124453	49.000000	2	0.669246
399	18	50.900588	1	44.130457	49.000000	2	0.451918
400	19	50.900588	2	53.274099	49.000000	2	0.747055
401	20	50.900588	1	44.194032	49.000000	1	0.398774
402	21	50.900588	2	53.670180	49.000000	2	0.304090
403	22	50.900588	1	47.170278	49.000000	1	0.309835
404	23	50.900588	2	53.518488	49.000000	2	0.315439
405	24	50.900588	2	55.674285	49.000000	1	0.272849
406	25	50.900588	1	47.832529	49.000000	1	0.367599
407	26	50.900588	1	48.233959	49.000000	2	0.442470
408	27	50.900588	1	47.335121	49.000000	1	0.634409
409	28	50.900588	2	54.757125	49.000000	2	0.554213
410	29	50.900588	1	46.423829	49.000000	1	0.653422
411	30	50.900588	2	52.534822	49.000000	2	0.500628
412	31	50.900588	2	55.627552	49.000000	2	0.746124
413	32	50.900588	2	54.977682	49.000000	2	0.581608
414	33	50.900588	2	53.618728	49.000000	1	0.792475
415	34	50.900588	1	47.133597	49.000000	1	0.850202
416	35	50.900588	2	52.720350	49.000000	2	0.545256
417	36	50.900588	2	54.349929	49.000000	2	0.597015
418	37	50.900588	2	52.307134	49.000000	2	1.255031
419	38	50.900588	1	49.164757	49.000000	1	0.869728
420	39	50.900588	1	42.746088	49.000000	1	0.868241
421	40	50.900588	2	55.074250	49.000000	2	0.458412
422	1	33.983730	1	31.088333	35.000000	2	0.912452
423	2	33.983730	2	37.613133	35.000000	1	0.717714
424	3	33.983730	2	35.470541	35.000000	1	0.706128
425	4	33.983730	1	28.066331	35.000000	1	1.063051
426	5	33.983730	1	29.826652	35.000000	2	0.646130
427	6	33.983730	1	30.393099	35.000000	1	0.662082
428	7	33.983730	1	31.292153	35.000000	1	0.740965
429	8	33.983730	2	37.742207	35.000000	1	0.432868
430	9	33.983730	2	40.507130	35.000000	2	0.705726
431	10	33.983730	2	36.903267	35.000000	2	0.638068
432	11	33.983730	2	41.457648	35.000000	2	0.694189
433	12	33.983730	2	40.407423	35.000000	2	0.579842
434	13	33.983730	1	28.443014	35.000000	1	0.686519
435	14	33.983730	1	28.748677	35.000000	1	0.604154
436	15	33.983730	2	39.765203	35.000000	2	0.693633
437	16	33.983730	2	39.620990	35.000000	1	1.011457
438	17	33.983730	2	36.724875	35.000000	2	0.548190
439	18	33.983730	1	30.155823	35.000000	1	0.536425
440	19	33.983730	2	38.822885	35.000000	2	0.524442
441	20	33.983730	1	29.441135	35.000000	1	0.704998
442	21	33.983730	1	28.583825	35.000000	1	0.470064
443	22	33.983730	1	28.911986	35.000000	1	0.668662
