1	1	37.779433	1	29.101876	35.000000	2	4.426015
2	2	37.779433	1	30.998501	35.000000	2	1.829475
3	3	37.779433	2	39.618375	35.000000	1	0.906588
4	4	37.779433	1	35.518114	35.000000	1	0.477408
5	5	37.779433	1	34.732063	35.000000	1	3.609796
6	6	37.779433	2	41.731330	35.000000	1	0.774428
7	7	37.779433	1	34.044531	35.000000	2	1.294711
8	8	37.779433	2	40.993795	35.000000	2	0.665615
9	9	37.779433	2	39.383439	35.000000	1	1.470108
10	10	37.779433	2	41.640688	35.000000	1	1.025685
11	11	37.779433	1	33.931016	35.000000	2	0.719389
12	12	37.779433	2	39.365923	35.000000	2	0.393819
13	13	37.779433	2	40.465435	35.000000	1	2.409482
14	14	37.779433	1	34.736097	35.000000	1	0.536269
15	15	37.779433	1	30.387847	35.000000	2	3.384526
16	16	37.779433	1	33.898501	35.000000	1	0.454058
17	17	37.779433	2	41.574384	35.000000	1	2.915165
18	18	37.779433	2	40.857803	35.000000	1	0.804404
19	19	37.779433	1	30.692569	35.000000	2	0.267081
20	20	37.779433	2	39.673184	35.000000	2	1.103693
21	21	37.779433	2	40.369056	35.000000	2	3.386316
22	22	37.779433	1	33.677048	35.000000	4	6.327699
23	23	37.779433	2	41.704004	35.000000	2	0.898717
24	24	37.779433	1	28.230885	35.000000	2	1.381391
25	25	37.779433	2	39.603829	35.000000	2	1.349183
26	26	37.779433	1	30.728104	35.000000	1	1.958223
27	27	37.779433	2	41.000561	35.000000	2	1.174178
28	28	37.779433	2	41.634240	35.000000	2	2.197779
29	29	37.779433	1	28.022651	35.000000	1	1.044259
30	30	37.779433	2	41.510281	35.000000	2	0.761594
31	31	37.779433	1	29.379410	35.000000	1	1.490504
32	32	37.779433	1	31.538062	35.000000	2	2.701235
33	33	37.779433	2	41.809985	35.000000	2	0.550610
34	34	37.779433	2	39.406143	35.000000	1	1.943762
35	35	37.779433	1	33.474850	35.000000	1	1.136098
36	36	37.779433	1	32.061227	35.000000	1	3.801343
37	37	37.779433	1	36.157279	35.000000	2	0.933711
38	38	37.779433	2	41.693563	35.000000	2	0.935228
39	39	37.779433	2	41.009705	35.000000	2	1.952648
40	40	37.779433	2	41.992907	35.000000	2	1.448451
41	41	37.779433	1	36.329292	35.000000	1	1.717540
42	42	37.779433	2	41.671664	35.000000	4	5.174890
43	43	37.779433	1	30.793917	35.000000	2	2.568651
44	44	37.779433	2	39.303942	35.000000	2	1.439387
45	45	37.779433	1	28.456535	35.000000	1	3.220356
46	46	37.779433	1	29.345267	35.000000	1	1.888651
47	47	37.779433	2	41.180548	35.000000	2	2.731344
48	48	37.779433	1	29.245014	35.000000	1	1.475829
49	49	37.779433	1	32.361120	35.000000	1	1.791500
50	50	37.779433	1	30.151014	35.000000	1	1.294352
51	51	37.779433	2	41.610838	35.000000	2	1.113439
52	52	37.779433	2	40.728803	35.000000	2	2.555898
53	53	37.779433	2	40.660896	35.000000	2	0.843414
54	54	37.779433	1	33.182755	35.000000	2	0.944896
55	55	37.779433	1	33.647906	35.000000	1	3.586090
56	56	37.779433	2	39.493107	35.000000	2	1.903392
57	1	87.513203	2	89.081936	91.000000	2	1.526009
58	2	87.513203	1	86.000529	91.000000	2	1.151391
59	3	87.513203	2	89.218159	91.000000	1	2.935896
60	4	87.513203	2	89.463406	91.000000	2	2.327832
61	5	87.513203	2	94.316055	91.000000	1	3.456694
62	6	87.513203	1	84.355103	91.000000	2	1.107343
63	7	87.513203	1	84.314297	91.000000	2	0.893957
64	8	87.513203	1	85.833573	91.000000	1	1.489348
65	9	87.513203	2	92.520074	91.000000	1	1.732328
66	10	87.513203	2	89.341982	91.000000	1	0.725806
67	11	87.513203	2	91.417703	91.000000	2	1.767661
68	12	87.513203	1	84.739126	91.000000	2	0.959193
69	13	87.513203	1	85.651674	91.000000	2	1.479913
70	14	87.513203	1	84.778442	91.000000	1	1.531658
71	15	87.513203	2	95.395515	91.000000	2	1.589092
72	16	87.513203	2	93.888739	91.000000	1	2.691945
73	17	87.513203	2	97.539788	91.000000	2	0.534102
74	18	87.513203	1	84.793674	91.000000	1	0.663819
75	19	87.513203	2	92.928864	91.000000	1	0.548573
76	20	87.513203	2	93.817838	91.000000	2	0.662157
77	21	87.513203	1	85.997443	91.000000	1	0.643267
78	22	87.513203	1	84.323684	91.000000	1	0.888708
79	23	87.513203	2	96.412998	91.000000	2	0.372131
80	24	87.513203	2	94.626487	91.000000	1	0.508444
81	25	87.513203	1	84.383202	91.000000	2	0.423725
82	26	87.513203	1	84.950860	91.000000	2	0.623516
83	27	87.513203	1	84.463366	91.000000	1	0.556235
84	28	87.513203	2	93.715158	91.000000	2	0.621342
85	29	87.513203	1	85.342962	91.000000	2	0.451613
86	30	87.513203	2	89.041463	91.000000	1	0.376572
87	31	87.513203	1	84.951302	91.000000	2	3.177114
88	32	87.513203	2	89.042938	91.000000	1	0.695091
89	33	87.513203	2	97.753037	91.000000	2	2.315038
90	34	87.513203	1	84.615776	91.000000	4	5.844693
91	35	87.513203	1	85.350058	91.000000	2	0.771248
92	36	87.513203	2	89.759946	91.000000	2	1.411203
93	37	87.513203	2	92.767639	91.000000	1	1.619060
94	38	87.513203	1	84.229038	91.000000	1	1.207100
95	39	87.513203	1	85.320089	91.000000	1	1.741533
96	40	87.513203	1	84.154983	91.000000	1	1.590304
97	41	87.513203	1	84.586354	91.000000	1	1.253327
98	42	87.513203	1	84.906147	91.000000	4	6.305751
99	43	87.513203	2	96.003865	91.000000	2	0.909281
100	44	87.513203	1	84.971738	91.000000	1	0.895969
101	45	87.513203	2	89.447180	91.000000	1	0.763623
102	46	87.513203	2	97.270498	91.000000	2	0.892245
103	47	87.513203	2	89.736560	91.000000	1	2.399779
104	48	87.513203	1	84.584381	91.000000	1	1.397896
105	49	87.513203	2	93.717614	91.000000	2	0.708939
106	50	87.513203	2	96.895689	91.000000	2	2.223729
107	51	87.513203	2	89.464767	91.000000	2	1.924804
108	52	87.513203	1	84.261913	91.000000	1	0.733846
109	53	87.513203	2	88.948229	91.000000	1	2.455491
110	54	87.513203	1	85.577293	91.000000	1	1.067007
111	55	87.513203	2	96.836272	91.000000	2	1.046787
112	56	87.513203	2	89.248837	91.000000	1	2.564186
113	57	87.513203	1	85.490853	91.000000	2	3.147744
114	58	87.513203	1	85.505236	91.000000	1	0.915468
115	59	87.513203	2	94.532893	91.000000	2	1.334156
116	60	87.513203	1	85.230325	91.000000	1	1.927007
117	61	87.513203	1	84.050512	91.000000	1	1.112388
118	62	87.513203	2	96.974122	91.000000	2	1.922899
119	63	87.513203	2	95.904370	91.000000	2	1.644197
120	64	87.513203	2	91.567861	91.000000	2	0.944936
121	65	87.513203	2	92.418783	91.000000	2	2.826492
122	66	87.513203	2	89.511603	91.000000	2	2.600253
123	67	87.513203	1	85.389929	91.000000	2	3.148241
124	68	87.513203	1	84.451266	91.000000	1	1.163856
125	69	87.513203	2	89.056112	91.000000	1	2.284545
126	70	87.513203	2	92.436442	91.000000	2	0.558853
127	71	87.513203	2	95.518703	91.000000	2	1.687772
128	72	87.513203	2	96.993742	91.000000	2	2.618614
129	73	87.513203	1	84.704655	91.000000	2	1.927246
130	74	87.513203	1	84.049537	91.000000	1	0.912630
131	75	87.513203	2	90.199536	91.000000	2	1.875338
132	76	87.513203	1	84.543615	91.000000	2	0.774542
133	77	87.513203	1	85.649442	91.000000	1	2.590760
134	78	87.513203	2	92.677911	91.000000	1	2.356848
135	79	87.513203	2	95.165908	91.000000	2	1.604342
136	80	87.513203	2	92.229102	91.000000	2	0.986399
137	81	87.513203	2	89.239945	91.000000	2	2.729926
138	82	87.513203	2	96.969147	91.000000	2	1.354636
139	83	87.513203	2	94.837936	91.000000	2	2.898936
140	84	87.513203	1	85.373429	91.000000	2	2.052631
141	85	87.513203	2	92.808739	91.000000	2	2.120589
142	86	87.513203	1	85.550588	91.000000	2	1.617708
143	87	87.513203	1	86.087181	91.000000	2	2.279007
144	88	87.513203	1	85.417607	91.000000	2	0.938113
145	89	87.513203	2	89.307962	91.000000	1	1.907589
146	90	87.513203	2	97.559804	91.000000	2	1.597521
147	91	87.513203	1	84.911532	91.000000	2	2.572128
148	92	87.513203	1	85.682037	91.000000	1	2.491045
149	93	87.513203	2	89.555668	91.000000	1	0.853186
150	94	87.513203	2	91.316939	91.000000	1	2.586015
151	95	87.513203	2	89.695362	91.000000	2	2.128145
152	96	87.513203	2	94.628823	91.000000	2	2.057188
153	97	87.513203	2	93.078845	91.000000	2	1.500961
154	98	87.513203	1	84.373233	91.000000	1	3.111617
155	99	87.513203	1	85.739490	91.000000	1	1.576114
156	100	87.513203	2	97.113416	91.000000	1	3.863589
157	101	87.513203	2	92.205280	91.000000	2	1.554253
158	102	87.513203	1	85.298868	91.000000	2	2.330430
159	103	87.513203	2	95.072289	91.000000	2	1.539336
160	104	87.513203	1	85.215742	91.000000	1	3.444226
161	105	87.513203	2	89.351055	91.000000	2	2.583857
162	106	87.513203	1	84.872849	91.000000	2	4.494400
163	107	87.513203	1	84.814105	91.000000	1	1.590935
164	108	87.513203	1	84.476147	91.000000	1	4.445934
165	109	87.513203	2	93.324833	91.000000	2	2.088618
166	110	87.513203	1	84.227032	91.000000	1	4.323228
167	111	87.513203	2	94.597350	91.000000	2	1.850235
168	112	87.513203	1	85.211833	91.000000	1	3.118463
169	113	87.513203	2	96.153165	91.000000	2	1.902750
170	114	87.513203	2	94.975959	91.000000	2	2.840865
171	115	87.513203	1	85.942079	91.000000	1	3.468778
172	116	87.513203	2	90.712973	91.000000	4	5.086787
173	1	4.550251	1	1.583020	7.000000	1	1.872404
174	2	4.550251	1	0.725053	7.000000	1	1.323963
175	3	4.550251	1	2.913962	7.000000	1	2.845670
176	4	4.550251	2	10.376008	7.000000	2	1.073423
177	5	4.550251	1	0.596109	7.000000	1	0.853685
178	6	4.550251	2	7.437870	7.000000	2	0.506034
179	7	4.550251	2	6.545959	7.000000	2	0.669336
180	8	4.550251	2	12.199418	7.000000	2	2.585559
181	9	4.550251	1	2.692513	7.000000	1	0.567593
182	10	4.550251	1	2.634747	7.000000	1	0.711979
183	11	4.550251	1	2.080349	7.000000	1	0.626851
184	12	4.550251	2	11.646457	7.000000	2	0.793023
185	13	4.550251	2	12.207378	7.000000	2	1.176583
186	14	4.550251	2	8.698378	7.000000	2	1.192312
187	1	64.635928	2	66.195485	63.000000	1	2.102407
188	2	64.635928	2	68.428815	63.000000	2	0.656301
189	3	64.635928	1	60.145988	63.000000	1	1.533216
190	4	64.635928	2	67.011197	63.000000	1	2.046258
191	5	64.635928	1	57.186069	63.000000	1	1.002667
192	6	64.635928	1	60.834451	63.000000	1	1.153176
193	7	64.635928	1	59.889266	63.000000	2	1.793845
194	8	64.635928	2	67.512169	63.000000	2	2.072421
195	9	64.635928	2	68.846955	63.000000	2	1.219654
196	10	64.635928	2	67.949921	63.000000	2	1.313539
197	11	64.635928	1	58.946188	63.000000	1	1.259871
198	12	64.635928	2	68.598824	63.000000	2	0.488247
199	13	64.635928	2	67.243732	63.000000	2	1.867934
200	14	64.635928	1	60.635039	63.000000	1	0.535301
201	15	64.635928	2	66.893298	63.000000	2	0.937000
202	16	64.635928	1	58.509369	63.000000	1	0.674308
203	17	64.635928	1	57.385488	63.000000	1	1.478367
204	18	64.635928	2	66.552015	63.000000	2	1.234101
205	1	48.727953	1	45.743410	49.000000	1	2.602098
206	2	48.727953	1	46.682366	49.000000	1	0.727638
207	3	48.727953	1	45.840921	49.000000	2	1.361546
208	4	48.727953	2	50.591095	49.000000	1	0.601914
209	5	48.727953	2	55.968114	49.000000	2	2.040931
210	6	48.727953	1	47.119318	49.000000	1	0.533480
211	7	48.727953	2	50.596296	49.000000	1	2.759081
212	8	48.727953	2	52.945964	49.000000	2	0.590433
213	9	48.727953	1	46.749027	49.000000	1	0.670136
214	10	48.727953	2	55.282717	49.000000	2	0.850470
215	11	48.727953	1	45.638187	49.000000	1	1.286895
216	12	48.727953	2	52.707886	49.000000	2	1.553982
217	13	48.727953	1	47.253358	49.000000	1	0.834326
218	14	48.727953	1	45.421709	49.000000	1	0.903956
219	15	48.727953	1	43.657042	49.000000	1	0.642200
220	16	48.727953	2	50.496525	49.000000	2	0.872152
221	17	48.727953	1	46.071987	49.000000	1	0.772130
222	18	48.727953	1	42.958988	49.000000	1	0.964450
223	1	23.233715	2	26.359124	21.000000	2	1.505123
224	2	23.233715	1	14.445527	21.000000	1	0.491343
225	3	23.233715	2	25.128320	21.000000	2	0.495159
226	4	23.233715	2	24.771931	21.000000	2	0.634994
227	5	23.233715	2	24.944702	21.000000	2	0.560417
228	6	23.233715	2	27.572349	21.000000	2	0.561401
229	7	23.233715	1	20.003475	21.000000	2	1.658466
230	8	23.233715	2	27.061941	21.000000	1	0.886444
231	9	23.233715	1	17.706395	21.000000	1	1.001733
232	10	23.233715	1	16.776569	21.000000	1	1.168491
233	11	23.233715	1	15.613333	21.000000	1	1.360376
234	12	23.233715	2	25.380365	21.000000	2	0.768681
235	13	23.233715	1	18.847480	21.000000	1	0.608981
236	14	23.233715	1	20.423487	21.000000	1	1.615819
237	15	23.233715	2	25.487347	21.000000	2	2.645944
238	16	23.233715	1	16.077272	21.000000	1	0.538127
239	17	23.233715	2	27.699037	21.000000	2	0.787382
240	18	23.233715	1	19.850125	21.000000	1	2.027195
241	19	23.233715	2	26.172883	21.000000	2	0.976473
242	20	23.233715	1	18.768538	21.000000	1	0.936394
243	21	23.233715	2	27.579324	21.000000	2	0.753736
244	1	76.383200	2	83.450499	77.000000	2	1.644053
245	2	76.383200	2	79.474858	77.000000	2	0.864692
246	3	76.383200	1	71.555105	77.000000	1	0.509588
247	4	76.383200	1	70.219517	77.000000	1	1.488604
248	5	76.383200	2	82.338078	77.000000	2	0.795510
249	6	76.383200	1	70.464500	77.000000	1	0.650951
250	7	76.383200	1	73.191473	77.000000	1	1.752039
251	8	76.383200	1	70.149298	77.000000	1	0.999928
252	9	76.383200	1	73.639557	77.000000	2	1.278571
253	10	76.383200	2	83.989152	77.000000	2	0.738248
254	11	76.383200	2	78.167559	77.000000	2	2.619874
255	12	76.383200	1	71.095794	77.000000	1	0.408592
256	13	76.383200	1	70.212783	77.000000	1	0.663658
257	14	76.383200	2	82.187638	77.000000	2	0.924606
258	1	64.172236	1	63.000000	60.930835	1	1.927764
259	2	64.172236	2	63.000000	67.310615	1	1.089124
260	3	64.172236	2	63.000000	69.462012	2	0.980472
261	4	64.172236	1	63.000000	58.471161	2	1.692398
262	5	64.172236	2	63.000000	67.581326	2	0.727191
263	6	64.172236	2	63.000000	66.115858	2	1.089390
264	7	64.172236	2	63.000000	67.382537	2	1.188626
265	8	64.172236	1	63.000000	60.461823	1	3.923793
266	9	64.172236	1	63.000000	59.897373	2	3.187410
267	10	64.172236	1	63.000000	59.639901	1	0.849089
268	11	64.172236	1	63.000000	62.020188	1	2.277779
269	12	64.172236	2	63.000000	66.455777	1	3.472783
270	13	64.172236	1	63.000000	57.193396	1	4.194846
271	14	64.172236	2	63.000000	66.837588	2	2.735725
272	15	64.172236	2	63.000000	66.660557	2	1.055713
273	16	64.172236	2	63.000000	69.811848	2	1.740383
274	17	64.172236	1	63.000000	61.442704	1	3.005052
275	18	64.172236	1	63.000000	59.998170	1	1.602173
276	19	64.172236	1	63.000000	58.070218	1	1.064487
277	20	64.172236	2	63.000000	69.831580	2	1.325058
278	21	64.172236	2	63.000000	68.439968	1	2.518708
279	22	64.172236	2	63.000000	69.310458	2	0.799438
280	23	64.172236	1	63.000000	62.419012	1	0.798231
281	24	64.172236	1	63.000000	61.251265	1	1.445494
282	25	64.172236	1	63.000000	57.958165	1	0.818628
283	26	64.172236	2	63.000000	67.259686	2	2.296660
284	1	4.690704	2	7.000000	6.898872	1	3.194005
285	2	4.690704	1	7.000000	2.996687	2	1.207728
286	3	4.690704	2	7.000000	9.666904	2	1.854164
287	4	4.690704	1	7.000000	2.180580	2	4.010254
288	5	4.690704	2	7.000000	9.503910	2	1.062630
289	6	4.690704	1	7.000000	2.616508	1	0.755022
290	7	4.690704	1	7.000000	1.355247	1	2.987834
291	8	4.690704	2	7.000000	7.790262	2	0.601410
292	9	4.690704	1	7.000000	1.234000	1	2.048649
293	10	4.690704	2	7.000000	7.541820	2	0.508950
294	11	4.690704	1	7.000000	1.586336	1	1.232097
295	12	4.690704	2	7.000000	8.287293	2	0.637799
296	13	4.690704	1	7.000000	3.112366	1	1.188954
297	14	4.690704	1	7.000000	3.036454	1	0.954715
298	15	4.690704	1	7.000000	0.046133	1	0.955306
299	16	4.690704	1	7.000000	2.511737	1	0.851836
300	1	45.625517	1	49.000000	44.105531	4	6.774297
301	2	45.625517	1	49.000000	42.095235	2	2.190856
302	3	45.625517	2	49.000000	55.625417	2	1.661297
303	4	45.625517	1	49.000000	42.588046	1	0.689577
304	5	45.625517	2	49.000000	48.275026	1	0.892953
305	6	45.625517	2	49.000000	53.423340	2	1.480160
306	7	45.625517	1	49.000000	43.660024	1	0.723841
307	8	45.625517	1	49.000000	43.733858	1	0.982013
308	9	45.625517	1	49.000000	42.928224	1	0.710030
309	10	45.625517	1	49.000000	44.168251	1	1.929044
310	11	45.625517	1	49.000000	44.031688	1	1.570307
311	12	45.625517	2	49.000000	54.643686	2	0.769762
312	13	45.625517	2	49.000000	53.075999	2	0.833889
313	14	45.625517	2	49.000000	50.223974	2	0.895215
314	15	45.625517	2	49.000000	54.400867	2	1.018823
315	16	45.625517	2	49.000000	47.238322	2	1.376745
316	1	73.704550	1	77.000000	71.011960	2	3.626735
317	2	73.704550	2	77.000000	82.423539	2	1.254799
318	3	73.704550	1	77.000000	71.762219	2	0.859430
319	4	73.704550	2	77.000000	83.482996	2	1.512106
320	5	73.704550	2	77.000000	83.567320	1	1.553963
321	6	73.704550	2	77.000000	82.424407	4	6.698468
322	7	73.704550	2	77.000000	77.217270	2	3.917820
323	8	73.704550	2	77.000000	82.846000	1	1.102225
324	9	73.704550	2	77.000000	82.261643	2	0.792492
325	10	73.704550	1	77.000000	71.958968	2	2.168229
326	11	73.704550	2	77.000000	77.009066	1	2.527353
327	12	73.704550	1	77.000000	71.618046	2	2.279979
328	13	73.704550	1	77.000000	71.046591	2	4.354868
329	14	73.704550	1	77.000000	70.045625	2	4.689124
330	15	73.704550	1	77.000000	72.149671	1	1.873638
331	16	73.704550	1	77.000000	71.833944	2	0.837011
332	17	73.704550	1	77.000000	70.103692	1	1.186236
333	18	73.704550	1	77.000000	70.908326	2	1.233310
334	19	73.704550	2	77.000000	83.590948	2	2.038539
335	20	73.704550	1	77.000000	70.870607	1	0.915074
336	21	73.704550	1	77.000000	71.391898	2	1.221912
337	22	73.704550	2	77.000000	77.338318	1	2.115549
338	23	73.704550	2	77.000000	78.887130	2	1.917383
339	24	73.704550	2	77.000000	78.612900	2	0.734783
340	25	73.704550	2	77.000000	75.528320	2	2.032211
341	26	73.704550	1	77.000000	70.951043	2	1.357413
342	27	73.704550	2	77.000000	76.128351	1	0.781689
343	28	73.704550	2	77.000000	83.252965	2	1.581927
344	29	73.704550	1	77.000000	70.980694	1	0.597359
345	30	73.704550	1	77.000000	71.160957	1	0.941100
346	31	73.704550	2	77.000000	76.552829	2	0.806325
347	32	73.704550	2	77.000000	78.229340	2	2.093221
348	33	73.704550	2	77.000000	83.628872	2	1.039513
349	34	73.704550	1	77.000000	72.163432	1	0.948871
350	35	73.704550	1	77.000000	71.663697	1	0.910215
351	36	73.704550	2	77.000000	81.106930	2	1.240927
352	37	73.704550	1	77.000000	71.127204	1	1.925951
353	38	73.704550	1	77.000000	70.657025	1	1.159338
354	39	73.704550	1	77.000000	70.916176	1	2.359770
355	40	73.704550	1	77.000000	70.121093	1	3.559615
356	1	35.170507	2	35.000000	36.771363	1	1.556690
357	2	35.170507	1	35.000000	32.250483	1	2.308897
358	3	35.170507	1	35.000000	29.886200	2	0.758491
359	4	35.170507	1	35.000000	29.158124	1	0.999413
360	5	35.170507	1	35.000000	29.440076	1	2.110169
361	6	35.170507	1	35.000000	32.980270	2	2.023700
362	7	35.170507	2	35.000000	41.584888	2	1.509061
363	8	35.170507	1	35.000000	28.800129	1	0.607282
364	9	35.170507	2	35.000000	39.233339	2	0.622018
365	10	35.170507	1	35.000000	31.562162	1	0.636401
366	11	35.170507	2	35.000000	39.140098	2	0.434206
367	12	35.170507	1	35.000000	29.537249	2	1.199819
368	13	35.170507	2	35.000000	36.778321	2	1.262331
369	14	35.170507	1	35.000000	29.122413	1	1.507046
370	15	35.170507	2	35.000000	41.582107	2	0.588808
371	16	35.170507	1	35.000000	31.135164	1	1.252603
372	17	35.170507	2	35.000000	41.520623	2	0.577053
373	18	35.170507	2	35.000000	40.418919	2	0.713205
374	19	35.170507	1	35.000000	28.945387	1	1.164411
375	20	35.170507	1	35.000000	31.138000	1	1.092896
376	1	94.451619	2	91.000000	97.083495	2	2.450339
377	2	94.451619	2	91.000000	97.274876	2	1.325829
378	3	94.451619	1	91.000000	86.746806	1	0.871608
379	4	94.451619	2	91.000000	95.978565	2	2.315686
380	5	94.451619	2	91.000000	97.026264	2	1.053013
381	6	94.451619	1	91.000000	91.922458	2	1.913760
382	7	94.451619	1	91.000000	92.559960	1	0.587839
383	8	94.451619	1	91.000000	90.472415	1	0.747529
384	9	94.451619	1	91.000000	89.298986	1	0.765055
385	10	94.451619	1	91.000000	89.538164	1	0.653723
386	11	94.451619	2	91.000000	95.870003	2	1.506756
387	12	94.451619	1	91.000000	85.396626	1	1.364786
388	13	94.451619	1	91.000000	85.349188	1	0.661254
389	14	94.451619	1	91.000000	84.098829	1	0.850237
390	1	24.095995	2	21.000000	27.532968	2	4.103515
391	2	24.095995	1	21.000000	21.932748	2	0.727428
392	3	24.095995	2	21.000000	27.143136	2	0.785627
393	4	24.095995	2	21.000000	26.781346	2	1.017368
394	5	24.095995	2	21.000000	27.117855	2	1.239270
395	6	24.095995	1	21.000000	19.878847	1	0.556404
396	7	24.095995	1	21.000000	17.890628	1	0.517379
397	8	24.095995	1	21.000000	19.257122	1	0.479592
398	9	24.095995	1	21.000000	17.061633	1	0.571994
399	10	24.095995	2	21.000000	25.902293	2	0.796387
400	11	24.095995	1	21.000000	22.388829	1	1.003746
401	12	24.095995	2	21.000000	25.516476	2	0.538323
402	13	24.095995	2	21.000000	27.282783	2	1.636129
403	14	24.095995	2	21.000000	26.269679	2	0.704911
