1	1	74.452514	2	77.877582	77.000000	1	0.859491
2	2	74.452514	1	71.050495	77.000000	1	1.576283
3	3	74.452514	2	82.521046	77.000000	1	1.223989
4	4	74.452514	1	70.627192	77.000000	1	1.973763
5	5	74.452514	1	70.999355	77.000000	2	0.741087
6	6	74.452514	1	72.425465	77.000000	2	1.414617
7	7	74.452514	1	72.355696	77.000000	1	0.580993
8	8	74.452514	2	82.932849	77.000000	1	0.389235
9	9	74.452514	1	72.115947	77.000000	1	2.437030
10	10	74.452514	1	72.055605	77.000000	2	0.393205
11	11	74.452514	2	80.575687	77.000000	1	0.257133
12	12	74.452514	2	78.802045	77.000000	1	0.518162
13	13	74.452514	1	71.812417	77.000000	2	2.104721
14	14	74.452514	2	81.184504	77.000000	1	0.722498
15	15	74.452514	1	71.955026	77.000000	2	2.356692
16	16	74.452514	1	70.928532	77.000000	1	2.036360
17	17	74.452514	1	70.105464	77.000000	1	3.568949
18	18	74.452514	2	81.542424	77.000000	2	1.471021
19	19	74.452514	2	76.112971	77.000000	1	0.834566
20	20	74.452514	1	71.429694	77.000000	1	1.319874
21	21	74.452514	1	72.732263	77.000000	1	2.705832
22	22	74.452514	2	79.458206	77.000000	2	0.468893
23	23	74.452514	2	78.886139	77.000000	2	0.591525
24	24	74.452514	2	82.380687	77.000000	2	1.615128
25	25	74.452514	1	72.473619	77.000000	1	0.549421
26	26	74.452514	2	78.797780	77.000000	2	3.582425
27	27	74.452514	1	71.341684	77.000000	1	0.420501
28	28	74.452514	1	70.781456	77.000000	1	0.594858
29	29	74.452514	1	70.359080	77.000000	1	0.666386
30	1	94.136285	1	89.106867	91.000000	2	1.634243
31	2	94.136285	2	97.978421	91.000000	2	1.167267
32	3	94.136285	1	85.218794	91.000000	1	0.655082
33	4	94.136285	1	85.406058	91.000000	1	1.228065
34	5	94.136285	2	95.967281	91.000000	2	1.514037
35	6	94.136285	1	85.134522	91.000000	1	0.734094
36	7	94.136285	1	89.314243	91.000000	2	2.648717
37	8	94.136285	2	97.817404	91.000000	2	0.473769
38	9	94.136285	1	88.086794	91.000000	1	0.718340
39	10	94.136285	2	95.544952	91.000000	2	0.624510
40	11	94.136285	2	96.140460	91.000000	2	0.696386
41	12	94.136285	1	86.816142	91.000000	1	0.594176
42	13	94.136285	1	84.799608	91.000000	1	0.585852
43	14	94.136285	2	95.804304	91.000000	2	0.561607
44	15	94.136285	1	91.439283	91.000000	1	1.706491
45	1	32.054695	1	28.231007	35.000000	2	1.995945
46	2	32.054695	2	39.437503	35.000000	1	1.098510
47	3	32.054695	1	29.184899	35.000000	1	2.493899
48	4	32.054695	1	30.535617	35.000000	1	2.479950
49	5	32.054695	1	30.643246	35.000000	1	1.978870
50	6	32.054695	2	38.791484	35.000000	2	0.602116
51	7	32.054695	1	28.798602	35.000000	2	3.441138
52	8	32.054695	1	28.193148	35.000000	1	0.804612
53	9	32.054695	2	40.974122	35.000000	2	1.163394
54	10	32.054695	1	28.165439	35.000000	1	0.563942
55	11	32.054695	1	29.357323	35.000000	1	0.828887
56	12	32.054695	1	29.025064	35.000000	2	0.531092
57	13	32.054695	2	34.057318	35.000000	1	0.477531
58	14	32.054695	2	40.358334	35.000000	2	0.665815
59	15	32.054695	2	34.010298	35.000000	2	0.710121
60	16	32.054695	1	29.731675	35.000000	1	1.097093
61	17	32.054695	2	33.525762	35.000000	2	2.284402
62	18	32.054695	1	30.413000	35.000000	1	0.622469
63	19	32.054695	1	28.727314	35.000000	1	0.693141
64	20	32.054695	2	36.539408	35.000000	2	0.976511
65	21	32.054695	1	30.136609	35.000000	1	0.832534
66	22	32.054695	1	30.597351	35.000000	1	0.757900
67	23	32.054695	1	30.183202	35.000000	1	0.558887
68	24	32.054695	2	40.189114	35.000000	2	0.639751
69	25	32.054695	2	39.550246	35.000000	2	0.437415
70	26	32.054695	1	28.168539	35.000000	1	0.659151
71	1	63.197612	1	58.321237	63.000000	2	1.303595
72	2	63.197612	2	68.352225	63.000000	2	2.458041
73	3	63.197612	2	66.672143	63.000000	2	0.605501
74	4	63.197612	1	59.833972	63.000000	1	0.444559
75	5	63.197612	1	57.529835	63.000000	1	0.818268
76	6	63.197612	2	67.381691	63.000000	1	0.512502
77	7	63.197612	2	68.042157	63.000000	2	0.659400
78	8	63.197612	2	64.658125	63.000000	1	1.528335
79	9	63.197612	1	57.071831	63.000000	1	0.882078
80	10	63.197612	1	61.653157	63.000000	2	0.349774
81	11	63.197612	2	66.806420	63.000000	2	0.383178
82	12	63.197612	2	66.759156	63.000000	2	0.847194
83	13	63.197612	1	58.019253	63.000000	1	0.716588
84	14	63.197612	1	58.050867	63.000000	1	0.942672
85	15	63.197612	1	56.708448	63.000000	1	1.024055
86	16	63.197612	2	68.175788	63.000000	2	0.718009
87	17	63.197612	2	66.877121	63.000000	1	0.536426
88	18	63.197612	2	69.498590	63.000000	2	0.561963
89	19	63.197612	2	65.278714	63.000000	1	2.546837
90	20	63.197612	2	66.727937	63.000000	2	0.539142
91	21	63.197612	2	64.937639	63.000000	2	1.214918
92	22	63.197612	2	65.293560	63.000000	2	0.395390
93	23	63.197612	1	57.081946	63.000000	1	0.691207
94	24	63.197612	1	61.105624	63.000000	1	0.734582
95	25	63.197612	2	67.193767	63.000000	2	0.377915
96	26	63.197612	2	68.750334	63.000000	2	1.416829
97	27	63.197612	1	60.587796	63.000000	1	0.798410
98	28	63.197612	1	60.112530	63.000000	1	0.541736
99	29	63.197612	2	69.509162	63.000000	2	1.511662
100	30	63.197612	2	67.873704	63.000000	2	1.457874
101	31	63.197612	2	67.513484	63.000000	2	0.822039
102	1	46.215964	2	53.810160	49.000000	1	1.249023
103	2	46.215964	2	47.711994	49.000000	2	0.814241
104	3	46.215964	1	44.170169	49.000000	2	1.460940
105	4	46.215964	1	42.579587	49.000000	2	1.393199
106	5	46.215964	1	43.165923	49.000000	1	0.800402
107	6	46.215964	2	53.254831	49.000000	2	0.535193
108	7	46.215964	1	43.802560	49.000000	1	0.616885
109	8	46.215964	1	42.489627	49.000000	1	0.575159
110	9	46.215964	1	42.982853	49.000000	1	0.623344
111	10	46.215964	1	42.123928	49.000000	1	1.621978
112	11	46.215964	1	44.351428	49.000000	1	0.427229
113	12	46.215964	2	53.940569	49.000000	2	0.697697
114	13	46.215964	2	52.564537	49.000000	2	1.077186
115	14	46.215964	2	54.993391	49.000000	2	1.105300
116	15	46.215964	2	52.999645	49.000000	1	1.331745
117	16	46.215964	2	52.102966	49.000000	2	0.661556
118	17	46.215964	2	54.007568	49.000000	2	0.426559
119	1	17.914786	1	15.977393	21.000000	1	1.573053
120	2	17.914786	1	14.003922	21.000000	1	1.251876
121	3	17.914786	2	26.209153	21.000000	1	1.512371
122	4	17.914786	2	19.718493	21.000000	1	1.786594
123	5	17.914786	1	15.474616	21.000000	1	1.193492
124	6	17.914786	1	14.216342	21.000000	2	0.296621
125	7	17.914786	2	22.346485	21.000000	2	0.948421
126	8	17.914786	2	26.410686	21.000000	1	0.781745
127	9	17.914786	1	14.067876	21.000000	1	0.549879
128	10	17.914786	2	25.936245	21.000000	2	0.439136
129	11	17.914786	1	15.299395	21.000000	1	0.652754
130	12	17.914786	1	14.861210	21.000000	1	0.769714
131	13	17.914786	2	22.922786	21.000000	1	0.561808
132	14	17.914786	1	14.486117	21.000000	1	1.402971
133	15	17.914786	1	14.608430	21.000000	1	0.561204
134	16	17.914786	2	19.767556	21.000000	1	0.618068
135	17	17.914786	2	21.582256	21.000000	1	0.432419
136	18	17.914786	1	14.748060	21.000000	1	0.702328
137	19	17.914786	2	23.857236	21.000000	2	1.033046
138	20	17.914786	2	22.198209	21.000000	2	0.848298
139	21	17.914786	1	16.001068	21.000000	1	0.659868
140	22	17.914786	2	19.388071	21.000000	1	1.672884
141	23	17.914786	2	22.532628	21.000000	2	0.636134
142	24	17.914786	2	27.317727	21.000000	2	0.913915
143	25	17.914786	1	14.321926	21.000000	1	0.540730
144	26	17.914786	1	16.505984	21.000000	1	0.542350
145	27	17.914786	1	14.510073	21.000000	1	0.735981
146	28	17.914786	2	22.768923	21.000000	2	0.905607
147	29	17.914786	2	20.996274	21.000000	2	1.932205
148	30	17.914786	2	23.960475	21.000000	2	0.637466
149	31	17.914786	1	15.888115	21.000000	1	0.931206
150	1	10.363658	1	4.780602	7.000000	1	1.488388
151	2	10.363658	1	5.479076	7.000000	1	0.883544
152	3	10.363658	2	13.053358	7.000000	2	1.350816
153	4	10.363658	2	11.935669	7.000000	2	1.903090
154	5	10.363658	2	12.960159	7.000000	2	1.113150
155	6	10.363658	1	6.594175	7.000000	1	1.139852
156	7	10.363658	1	8.763578	7.000000	1	1.061054
157	8	10.363658	2	13.355915	7.000000	2	1.137605
158	9	10.363658	2	12.851857	7.000000	2	1.290780
159	10	10.363658	2	13.070944	7.000000	2	0.694088
160	11	10.363658	1	0.419137	7.000000	1	0.673607
161	12	10.363658	2	13.162501	7.000000	2	0.877791
162	13	10.363658	2	12.421435	7.000000	2	1.505939
163	14	10.363658	1	4.369887	7.000000	1	0.708139
164	1	5.641509	1	7.000000	1.095480	1	1.585138
165	2	5.641509	1	7.000000	3.170831	1	1.120011
166	3	5.641509	2	7.000000	9.676336	1	0.737958
167	4	5.641509	1	7.000000	3.967592	1	0.763583
168	5	5.641509	2	7.000000	13.478684	1	1.628464
169	6	5.641509	2	7.000000	10.643991	1	0.866004
170	7	5.641509	2	7.000000	10.327000	1	1.038019
171	8	5.641509	1	7.000000	4.191839	1	0.579388
172	9	5.641509	1	7.000000	0.321897	1	0.691594
173	10	5.641509	2	7.000000	8.007999	1	0.606130
174	11	5.641509	2	7.000000	7.132564	1	0.846130
175	12	5.641509	2	7.000000	10.020749	1	0.915728
176	13	5.641509	2	7.000000	13.506186	2	0.957585
177	14	5.641509	1	7.000000	2.444790	2	0.534199
178	15	5.641509	1	7.000000	3.650349	2	0.656048
179	16	5.641509	2	7.000000	12.862057	2	1.612999
180	17	5.641509	2	7.000000	12.548591	1	1.283314
181	18	5.641509	2	7.000000	12.676338	1	0.974241
182	19	5.641509	2	7.000000	7.360897	2	1.750520
183	20	5.641509	1	7.000000	0.388072	2	1.840209
184	21	5.641509	2	7.000000	11.648050	1	0.555161
185	22	5.641509	1	7.000000	2.248854	1	0.788093
186	23	5.641509	2	7.000000	10.603802	2	1.509277
187	24	5.641509	1	7.000000	3.097039	2	1.533936
188	25	5.641509	1	7.000000	0.424377	2	1.264036
189	26	5.641509	1	7.000000	0.414987	1	0.819180
190	27	5.641509	1	7.000000	2.989567	1	0.785523
191	28	5.641509	1	7.000000	0.079086	2	0.834586
192	29	5.641509	2	7.000000	12.732047	1	0.758377
193	30	5.641509	2	7.000000	11.181192	1	1.503103
194	31	5.641509	2	7.000000	12.826966	1	0.753597
195	32	5.641509	2	7.000000	8.350160	2	0.402315
196	33	5.641509	2	7.000000	13.445551	2	0.953374
197	34	5.641509	1	7.000000	0.819701	1	1.386011
198	35	5.641509	2	7.000000	8.175987	2	0.993132
199	36	5.641509	2	7.000000	12.806332	2	0.992622
200	37	5.641509	2	7.000000	9.579099	2	1.887986
201	38	5.641509	1	7.000000	0.652491	2	2.018569
202	39	5.641509	2	7.000000	9.463691	1	0.823744
203	40	5.641509	1	7.000000	3.283963	2	0.549968
204	41	5.641509	1	7.000000	3.866652	2	1.774793
205	42	5.641509	1	7.000000	1.306659	1	0.662305
206	43	5.641509	1	7.000000	4.016919	2	1.091192
207	44	5.641509	2	7.000000	11.829164	1	3.390654
208	45	5.641509	2	7.000000	9.574390	2	0.820074
209	46	5.641509	2	7.000000	9.559062	2	0.738256
210	47	5.641509	2	7.000000	11.525485	2	1.027492
211	48	5.641509	2	7.000000	11.550028	2	1.713791
212	49	5.641509	2	7.000000	8.361193	2	1.923833
213	50	5.641509	2	7.000000	8.576332	1	2.373028
214	51	5.641509	2	7.000000	12.660127	2	1.595964
215	52	5.641509	2	7.000000	10.315416	2	1.827005
216	53	5.641509	1	7.000000	1.012992	2	1.192271
217	54	5.641509	2	7.000000	10.224811	1	2.719534
218	55	5.641509	1	7.000000	0.777261	2	0.760167
219	56	5.641509	1	7.000000	0.427585	1	2.017074
220	57	5.641509	1	7.000000	0.136224	2	1.118238
221	58	5.641509	2	7.000000	8.246971	1	1.056123
222	59	5.641509	2	7.000000	8.963316	2	1.364875
223	60	5.641509	1	7.000000	2.236456	1	0.893023
224	61	5.641509	2	7.000000	9.501496	2	0.992570
225	62	5.641509	2	7.000000	13.045335	2	1.463807
226	63	5.641509	2	7.000000	9.728824	2	0.884047
227	64	5.641509	1	7.000000	0.963506	1	1.735588
228	65	5.641509	1	7.000000	2.513914	1	2.024489
229	66	5.641509	1	7.000000	1.589499	1	1.469553
230	67	5.641509	2	7.000000	11.296833	1	2.137316
231	68	5.641509	1	7.000000	0.192582	1	1.609695
232	69	5.641509	1	7.000000	1.673234	1	1.504009
233	70	5.641509	2	7.000000	7.501049	1	1.802240
234	71	5.641509	2	7.000000	9.939767	1	0.888269
235	72	5.641509	2	7.000000	9.153058	1	0.803654
236	73	5.641509	2	7.000000	13.874718	1	0.946411
237	74	5.641509	2	7.000000	7.096858	1	0.811899
238	75	5.641509	1	7.000000	1.573673	2	0.986643
239	76	5.641509	1	7.000000	1.602774	1	2.753951
240	77	5.641509	1	7.000000	0.933496	1	1.113261
241	78	5.641509	2	7.000000	12.884023	1	1.363974
242	79	5.641509	1	7.000000	1.326405	1	0.788186
243	80	5.641509	1	7.000000	3.694118	1	1.019802
244	81	5.641509	2	7.000000	11.235291	1	1.737902
245	82	5.641509	1	7.000000	1.985604	2	1.234551
246	83	5.641509	1	7.000000	1.962903	4	7.615662
247	84	5.641509	1	7.000000	2.686691	1	1.021664
248	85	5.641509	1	7.000000	2.764667	2	1.195616
249	86	5.641509	1	7.000000	0.376921	1	0.298829
250	87	5.641509	1	7.000000	1.844993	1	0.342660
251	88	5.641509	1	7.000000	0.548647	1	0.711859
252	89	5.641509	1	7.000000	1.651780	1	1.674928
253	90	5.641509	1	7.000000	0.212360	1	0.846219
254	91	5.641509	1	7.000000	3.121450	1	3.403769
255	92	5.641509	1	7.000000	1.601603	1	0.768531
256	93	5.641509	2	7.000000	8.012932	1	1.800743
257	94	5.641509	2	7.000000	13.134005	1	1.222681
258	95	5.641509	1	7.000000	2.493384	1	0.756670
259	96	5.641509	2	7.000000	11.268426	1	1.301472
260	97	5.641509	2	7.000000	10.583092	1	1.631985
261	98	5.641509	1	7.000000	1.804906	2	0.461521
262	99	5.641509	1	7.000000	1.452766	1	0.618491
263	100	5.641509	1	7.000000	0.243027	1	1.368677
264	101	5.641509	1	7.000000	1.975427	1	0.856586
265	102	5.641509	2	7.000000	11.972887	1	2.101286
266	103	5.641509	1	7.000000	1.092380	1	0.959026
267	104	5.641509	1	7.000000	1.395278	1	1.703843
268	105	5.641509	2	7.000000	13.655183	3	1.177948
269	106	5.641509	1	7.000000	3.712157	1	0.406192
270	107	5.641509	2	7.000000	13.949135	1	1.717322
271	108	5.641509	1	7.000000	3.923031	1	0.591966
272	109	5.641509	1	7.000000	0.611811	1	1.102457
273	110	5.641509	1	7.000000	1.631498	1	0.688950
274	111	5.641509	2	7.000000	11.583726	2	0.580466
275	112	5.641509	1	7.000000	1.201894	1	0.780905
276	113	5.641509	2	7.000000	7.255520	2	1.277046
277	114	5.641509	2	7.000000	7.933756	1	0.744789
278	115	5.641509	2	7.000000	11.522288	1	1.586324
279	116	5.641509	1	7.000000	3.039795	2	3.705184
280	117	5.641509	1	7.000000	2.369968	1	2.177831
281	118	5.641509	1	7.000000	0.456293	1	1.752935
282	119	5.641509	1	7.000000	1.152785	1	0.625062
283	120	5.641509	2	7.000000	12.361682	1	1.479399
284	121	5.641509	2	7.000000	8.809846	2	0.514986
285	122	5.641509	2	7.000000	9.996356	2	1.494068
286	123	5.641509	1	7.000000	0.030040	1	3.264770
287	124	5.641509	1	7.000000	1.228181	1	1.220036
288	125	5.641509	1	7.000000	1.929478	1	0.785725
289	126	5.641509	2	7.000000	11.050333	2	1.785213
290	127	5.641509	2	7.000000	8.213024	2	0.703991
291	128	5.641509	1	7.000000	3.422710	2	2.739051
292	129	5.641509	2	7.000000	12.687955	2	2.035015
293	130	5.641509	2	7.000000	11.378528	1	2.031368
294	131	5.641509	1	7.000000	3.027219	1	3.116599
295	132	5.641509	2	7.000000	9.005860	2	1.653761
296	133	5.641509	1	7.000000	1.508108	1	0.705872
297	134	5.641509	2	7.000000	9.015588	2	0.828686
298	135	5.641509	1	7.000000	2.770679	2	1.706794
299	136	5.641509	2	7.000000	11.918311	2	0.925143
300	137	5.641509	2	7.000000	9.569708	2	0.799160
301	138	5.641509	2	7.000000	11.271135	1	0.709852
302	139	5.641509	1	7.000000	0.540770	2	0.697729
303	140	5.641509	2	7.000000	8.112223	2	0.548377
304	141	5.641509	2	7.000000	10.339287	1	1.365999
305	142	5.641509	1	7.000000	2.718872	1	0.710357
306	143	5.641509	1	7.000000	2.635449	1	1.025343
307	144	5.641509	2	7.000000	9.824517	2	1.305131
308	145	5.641509	1	7.000000	4.093073	1	2.291337
309	146	5.641509	1	7.000000	1.406729	1	1.860047
310	147	5.641509	2	7.000000	11.849344	2	0.816125
311	148	5.641509	2	7.000000	12.106082	2	0.734320
312	149	5.641509	1	7.000000	3.554879	2	0.847981
313	150	5.641509	2	7.000000	10.275744	2	1.503531
314	151	5.641509	1	7.000000	1.751365	1	1.215472
315	152	5.641509	1	7.000000	0.628346	1	1.734018
316	153	5.641509	2	7.000000	13.417337	2	0.998924
317	154	5.641509	1	7.000000	1.015587	1	0.743946
318	155	5.641509	2	7.000000	13.864983	2	1.167600
319	1	92.426123	1	91.000000	88.042820	2	3.344436
320	2	92.426123	2	91.000000	95.126652	2	1.288078
321	3	92.426123	1	91.000000	87.012328	2	3.355069
322	4	92.426123	1	91.000000	90.261202	2	0.585725
323	5	92.426123	2	91.000000	96.266271	1	1.201586
324	6	92.426123	1	91.000000	89.517452	2	2.336082
325	7	92.426123	2	91.000000	95.690462	1	2.784302
326	8	92.426123	1	91.000000	89.753414	2	3.934231
327	9	92.426123	2	91.000000	93.990628	2	2.503890
328	10	92.426123	1	91.000000	84.594072	1	1.183750
329	11	92.426123	1	91.000000	87.202435	2	0.806720
330	12	92.426123	1	91.000000	88.843433	2	2.638876
331	13	92.426123	2	91.000000	96.610105	2	1.665559
332	14	92.426123	2	91.000000	97.830785	2	1.534004
333	15	92.426123	1	91.000000	86.468593	1	2.033292
334	16	92.426123	2	91.000000	96.545367	2	4.739310
335	17	92.426123	1	91.000000	86.208950	2	2.601828
336	18	92.426123	1	91.000000	86.425817	1	3.023270
337	19	92.426123	2	91.000000	96.864452	2	2.779791
338	20	92.426123	1	91.000000	89.001177	1	1.490191
339	21	92.426123	2	91.000000	97.572051	1	1.965396
340	22	92.426123	1	91.000000	87.045940	2	1.813302
341	23	92.426123	2	91.000000	97.174748	2	3.035368
342	24	92.426123	2	91.000000	94.795160	2	2.999081
343	25	92.426123	1	91.000000	89.840046	2	0.548946
344	26	92.426123	1	91.000000	87.851692	2	0.541894
345	27	92.426123	2	91.000000	94.617578	2	1.274032
346	28	92.426123	2	91.000000	94.690111	1	1.315384
347	29	92.426123	1	91.000000	90.677655	1	1.509835
348	30	92.426123	2	91.000000	96.113898	2	0.528189
349	31	92.426123	2	91.000000	97.896481	2	1.034304
350	32	92.426123	1	91.000000	84.291940	1	1.103732
351	33	92.426123	1	91.000000	85.126687	1	1.066339
352	34	92.426123	1	91.000000	87.600238	2	1.766367
353	35	92.426123	2	91.000000	96.693155	2	0.605637
354	36	92.426123	2	91.000000	94.338133	2	1.188697
355	37	92.426123	1	91.000000	86.532539	2	1.853770
356	38	92.426123	1	91.000000	84.067037	1	1.175941
357	39	92.426123	2	91.000000	95.990162	2	1.487783
358	40	92.426123	1	91.000000	85.637847	1	0.906526
359	41	92.426123	1	91.000000	88.028371	1	1.093547
360	42	92.426123	2	91.000000	95.593620	2	1.216693
361	43	92.426123	2	91.000000	97.470860	2	0.694468
362	44	92.426123	1	91.000000	85.312175	1	2.194069
363	45	92.426123	1	91.000000	88.462535	1	1.040624
364	46	92.426123	1	91.000000	89.891588	1	1.125651
365	47	92.426123	2	91.000000	95.191944	2	1.903620
366	48	92.426123	1	91.000000	88.539294	4	5.801625
367	1	50.621137	1	49.000000	46.797372	1	1.903585
368	2	50.621137	1	49.000000	45.567682	2	0.642719
369	3	50.621137	1	49.000000	48.924219	2	3.983279
370	4	50.621137	2	49.000000	53.172787	1	0.478598
371	5	50.621137	1	49.000000	46.632996	1	1.001475
372	6	50.621137	2	49.000000	55.680140	1	0.519941
373	7	50.621137	2	49.000000	53.291967	1	3.274190
374	8	50.621137	1	49.000000	42.889605	2	1.180717
375	9	50.621137	1	49.000000	42.736534	2	2.110857
376	10	50.621137	1	49.000000	42.131238	2	1.142296
377	11	50.621137	2	49.000000	54.998298	1	1.233407
378	12	50.621137	2	49.000000	53.937549	2	1.013320
379	13	50.621137	1	49.000000	42.858180	1	1.459903
380	14	50.621137	2	49.000000	54.178471	1	1.616107
381	15	50.621137	2	49.000000	53.950112	2	0.957662
382	16	50.621137	2	49.000000	55.258948	1	1.646446
383	17	50.621137	2	49.000000	53.123630	1	1.371352
384	18	50.621137	2	49.000000	55.442961	2	0.771232
385	19	50.621137	1	49.000000	45.980787	2	3.091179
386	20	50.621137	2	49.000000	55.129963	1	0.476917
387	21	50.621137	1	49.000000	47.815040	2	1.665485
388	22	50.621137	1	49.000000	46.019376	2	1.709612
389	23	50.621137	1	49.000000	45.277112	2	0.695680
390	24	50.621137	2	49.000000	54.646958	1	1.075231
391	25	50.621137	1	49.000000	44.990147	1	2.711095
392	26	50.621137	1	49.000000	44.779541	1	0.624613
393	27	50.621137	1	49.000000	47.294738	1	0.599003
394	28	50.621137	1	49.000000	42.371544	2	0.925791
395	29	50.621137	1	49.000000	42.994815	1	0.311934
396	30	50.621137	1	49.000000	44.104933	1	0.339058
397	31	50.621137	2	49.000000	55.098011	1	0.622150
398	32	50.621137	2	49.000000	54.791217	1	0.451307
399	33	50.621137	1	49.000000	42.376062	1	0.848276
400	34	50.621137	2	49.000000	52.266359	1	0.621798
401	35	50.621137	1	49.000000	45.117830	2	1.188051
402	36	50.621137	2	49.000000	54.016201	2	0.828942
403	37	50.621137	2	49.000000	52.256073	2	0.721440
404	38	50.621137	2	49.000000	54.173973	2	1.155640
405	39	50.621137	2	49.000000	52.439541	2	0.652041
406	40	50.621137	1	49.000000	46.779465	2	1.257144
407	41	50.621137	2	49.000000	52.773403	1	1.485654
408	42	50.621137	2	49.000000	55.083216	2	0.632486
409	43	50.621137	2	49.000000	52.178904	2	1.830071
410	44	50.621137	2	49.000000	53.846162	2	0.507456
411	45	50.621137	2	49.000000	54.849296	2	0.638506
412	46	50.621137	1	49.000000	42.126542	1	3.324211
413	47	50.621137	1	49.000000	43.064996	1	3.076325
414	48	50.621137	1	49.000000	43.177936	1	1.422697
415	49	50.621137	1	49.000000	46.431137	1	0.868508
416	50	50.621137	2	49.000000	54.606703	2	2.153018
417	51	50.621137	1	49.000000	46.204043	1	3.432309
418	52	50.621137	1	49.000000	47.319072	1	0.876299
419	53	50.621137	1	49.000000	47.211882	1	0.952568
420	54	50.621137	1	49.000000	45.041389	1	0.689347
421	1	17.967916	2	21.000000	25.235685	4	6.932655
422	2	17.967916	2	21.000000	27.024517	2	1.086559
423	3	17.967916	2	21.000000	25.617875	2	1.203503
424	4	17.967916	1	21.000000	15.933073	1	1.096445
425	5	17.967916	2	21.000000	19.947519	1	0.651719
426	6	17.967916	1	21.000000	15.917301	1	1.400616
427	7	17.967916	2	21.000000	23.046336	2	1.102841
428	8	17.967916	2	21.000000	24.135979	2	0.785527
429	9	17.967916	1	21.000000	15.067570	1	0.745056
430	10	17.967916	1	21.000000	15.039881	1	0.770654
431	11	17.967916	2	21.000000	22.418146	2	1.138588
432	12	17.967916	1	21.000000	15.355868	1	0.996049
433	13	17.967916	2	21.000000	20.441414	1	2.315408
434	14	17.967916	1	21.000000	14.426039	1	0.749027
435	15	17.967916	1	21.000000	15.285428	1	0.950415
436	16	17.967916	2	21.000000	23.367613	2	1.271795
437	17	17.967916	2	21.000000	26.519601	2	1.227084
438	18	17.967916	2	21.000000	22.027520	2	0.952753
439	19	17.967916	1	21.000000	15.044110	1	2.121403
440	1	61.657493	2	63.000000	64.139311	2	1.990380
441	2	61.657493	1	63.000000	59.024276	2	0.869043
