1	1	93.819418	2	91.000000	95.905622	4	5.268852
2	2	93.819418	1	91.000000	88.827221	1	0.994748
3	3	93.819418	1	91.000000	91.561684	1	0.825180
4	4	93.819418	2	91.000000	96.076433	1	0.640884
5	5	93.819418	1	91.000000	90.761479	2	1.034397
6	6	93.819418	1	91.000000	92.135975	2	1.424141
7	7	93.819418	2	91.000000	95.273158	1	0.707596
8	8	93.819418	2	91.000000	96.515110	2	1.053494
9	9	93.819418	2	91.000000	95.260254	2	0.642434
10	10	93.819418	1	91.000000	91.569118	2	0.445766
11	11	93.819418	2	91.000000	96.314910	1	1.283027
12	12	93.819418	1	91.000000	85.239394	2	0.886108
13	13	93.819418	2	91.000000	96.747161	1	0.952940
14	14	93.819418	1	91.000000	84.488813	2	0.656886
15	15	93.819418	1	91.000000	91.245058	2	0.734536
16	16	93.819418	2	91.000000	95.358079	2	2.264272
17	17	93.819418	2	91.000000	96.667386	1	0.705679
18	18	93.819418	2	91.000000	97.741713	1	2.676078
19	19	93.819418	1	91.000000	91.307604	2	0.717914
20	20	93.819418	2	91.000000	97.763857	2	0.910015
21	21	93.819418	1	91.000000	87.704030	2	0.550433
22	22	93.819418	2	91.000000	96.339217	2	0.547313
23	23	93.819418	1	91.000000	91.783814	2	0.708720
24	24	93.819418	2	91.000000	96.595514	1	0.797846
25	25	93.819418	2	91.000000	96.003872	2	0.589666
26	26	93.819418	2	91.000000	97.810347	2	0.796545
27	27	93.819418	2	91.000000	95.836100	2	0.571107
28	28	93.819418	2	91.000000	97.127729	1	0.810995
29	29	93.819418	1	91.000000	85.661393	2	0.569793
30	30	93.819418	2	91.000000	97.157030	2	1.911336
31	31	93.819418	1	91.000000	85.511305	2	0.667062
32	32	93.819418	2	91.000000	96.061025	1	0.798255
33	33	93.819418	1	91.000000	84.266379	2	0.601320
34	34	93.819418	2	91.000000	95.453243	1	0.856080
35	35	93.819418	1	91.000000	88.499310	2	0.670999
36	36	93.819418	2	91.000000	96.589274	1	0.866965
37	37	93.819418	2	91.000000	96.807681	1	1.939324
38	38	93.819418	2	91.000000	97.832693	1	0.628523
39	39	93.819418	1	91.000000	86.885608	2	1.006060
40	40	93.819418	2	91.000000	96.154550	1	0.754768
41	41	93.819418	1	91.000000	87.518601	2	0.547035
42	42	93.819418	2	91.000000	96.969783	1	0.699896
43	43	93.819418	1	91.000000	91.006150	1	2.682610
44	44	93.819418	1	91.000000	89.470045	4	6.339656
45	45	93.819418	2	91.000000	96.153317	1	2.745823
46	46	93.819418	2	91.000000	97.644285	2	2.048281
47	47	93.819418	2	91.000000	97.013344	1	1.488722
48	48	93.819418	1	91.000000	90.593430	2	1.844244
49	49	93.819418	2	91.000000	95.463866	2	2.237373
50	50	93.819418	2	91.000000	97.099073	1	3.393382
51	51	93.819418	1	91.000000	90.118702	2	1.342010
52	52	93.819418	1	91.000000	88.560462	2	1.182321
53	53	93.819418	2	91.000000	95.937679	1	2.230624
54	54	93.819418	1	91.000000	89.021808	2	1.034023
55	55	93.819418	2	91.000000	95.310050	1	1.399213
56	56	93.819418	1	91.000000	89.443599	2	1.061600
57	57	93.819418	1	91.000000	90.922200	2	0.656903
58	58	93.819418	1	91.000000	84.679719	2	0.773128
59	59	93.819418	1	91.000000	88.075575	2	0.577658
60	60	93.819418	1	91.000000	84.925101	2	0.594858
61	61	93.819418	2	91.000000	95.893241	1	0.652104
62	62	93.819418	2	91.000000	96.290395	2	3.017363
63	63	93.819418	1	91.000000	89.579450	2	2.380056
64	64	93.819418	2	91.000000	97.170277	1	4.970442
65	65	93.819418	2	91.000000	95.756831	1	0.863343
66	66	93.819418	1	91.000000	91.014345	2	0.827686
67	67	93.819418	2	91.000000	95.628463	1	1.417072
68	68	93.819418	2	91.000000	97.297146	1	0.718945
69	69	93.819418	1	91.000000	88.407667	2	0.497527
70	70	93.819418	1	91.000000	90.490367	2	0.379012
71	71	93.819418	1	91.000000	86.693114	2	0.566946
72	72	93.819418	1	91.000000	89.915136	2	0.528602
73	73	93.819418	1	91.000000	89.527943	2	0.522393
74	74	93.819418	1	91.000000	90.317070	1	0.540778
75	75	93.819418	2	91.000000	97.376172	1	0.437815
76	76	93.819418	2	91.000000	97.120039	1	0.763535
77	77	93.819418	2	91.000000	96.399799	2	0.363258
78	78	93.819418	1	91.000000	91.474237	2	0.517113
79	79	93.819418	1	91.000000	87.661362	1	0.233939
80	80	93.819418	2	91.000000	97.581364	1	2.771321
81	81	93.819418	2	91.000000	97.587323	2	2.273834
82	82	93.819418	2	91.000000	97.437574	2	1.515872
83	83	93.819418	1	91.000000	88.579390	2	0.524883
84	84	93.819418	1	91.000000	88.634891	2	3.150237
85	85	93.819418	1	91.000000	91.107351	2	3.467855
86	86	93.819418	2	91.000000	96.412223	2	4.603962
87	87	93.819418	2	91.000000	96.339878	1	1.885811
88	88	93.819418	1	91.000000	87.357304	2	0.850622
89	89	93.819418	1	91.000000	90.690717	2	0.396503
90	90	93.819418	1	91.000000	91.180887	2	0.877779
91	91	93.819418	1	91.000000	89.369613	1	0.522490
92	92	93.819418	1	91.000000	91.338511	1	0.447679
93	93	93.819418	2	91.000000	95.440288	1	1.406764
94	94	93.819418	1	91.000000	88.521740	2	1.932995
95	95	93.819418	2	91.000000	95.596439	1	0.614107
96	96	93.819418	1	91.000000	84.753037	1	0.431535
97	97	93.819418	2	91.000000	96.982977	1	1.439807
98	98	93.819418	2	91.000000	96.890079	1	0.594189
99	99	93.819418	1	91.000000	88.649361	1	0.620518
100	100	93.819418	1	91.000000	88.045241	2	1.546641
101	101	93.819418	1	91.000000	88.400213	2	3.811016
102	102	93.819418	2	91.000000	96.356507	1	0.846260
103	103	93.819418	1	91.000000	87.992512	2	1.314209
104	104	93.819418	2	91.000000	95.866129	1	0.755595
105	105	93.819418	1	91.000000	87.497258	2	0.611323
106	106	93.819418	1	91.000000	87.191460	2	4.778717
107	107	93.819418	1	91.000000	89.936678	1	2.711903
108	108	93.819418	1	91.000000	87.010875	2	1.129025
109	109	93.819418	2	91.000000	96.683766	1	0.884286
110	110	93.819418	2	91.000000	95.377461	2	3.246460
111	111	93.819418	1	91.000000	86.162273	2	2.274117
112	112	93.819418	1	91.000000	84.111849	2	3.389209
113	113	93.819418	2	91.000000	96.150071	1	1.138709
114	114	93.819418	1	91.000000	91.125704	1	2.348054
115	115	93.819418	2	91.000000	96.977189	1	1.131700
116	116	93.819418	2	91.000000	96.591457	1	0.716854
117	117	93.819418	2	91.000000	97.352024	1	0.814403
118	118	93.819418	2	91.000000	97.909429	2	4.173572
119	119	93.819418	1	91.000000	84.703423	1	2.912807
120	120	93.819418	1	91.000000	91.693721	1	2.633992
121	121	93.819418	2	91.000000	95.276488	1	1.518155
122	122	93.819418	2	91.000000	96.253057	1	1.771921
123	123	93.819418	1	91.000000	88.483275	2	3.005124
124	124	93.819418	1	91.000000	90.057848	2	1.096903
125	125	93.819418	1	91.000000	92.381107	1	2.683561
126	126	93.819418	2	91.000000	97.283734	1	2.101432
127	127	93.819418	1	91.000000	85.300456	2	0.942627
128	128	93.819418	2	91.000000	96.410288	1	0.880136
129	129	93.819418	2	91.000000	95.762544	2	3.634230
130	130	93.819418	2	91.000000	96.382982	2	1.005404
131	131	93.819418	2	91.000000	96.851110	2	1.163459
132	132	93.819418	1	91.000000	90.380990	1	1.603112
133	133	93.819418	2	91.000000	97.346233	2	1.596133
134	134	93.819418	2	91.000000	96.362081	2	0.902674
135	135	93.819418	2	91.000000	96.012327	2	0.633357
136	136	93.819418	1	91.000000	88.153841	1	0.625291
137	137	93.819418	2	91.000000	95.834478	2	0.611946
138	138	93.819418	2	91.000000	95.546102	2	1.306948
139	139	93.819418	1	91.000000	85.276088	1	0.634308
140	140	93.819418	2	91.000000	96.693404	2	0.556859
141	141	93.819418	1	91.000000	87.733279	1	0.776583
142	1	23.581938	1	21.000000	21.905374	4	6.141495
143	2	23.581938	2	21.000000	26.897374	1	1.866918
144	3	23.581938	2	21.000000	25.305636	1	1.908488
145	4	23.581938	1	21.000000	15.457882	2	0.879594
146	5	23.581938	1	21.000000	18.768618	2	3.869375
147	6	23.581938	1	21.000000	15.947940	2	3.101076
148	7	23.581938	1	21.000000	19.089008	4	5.476135
149	8	23.581938	2	21.000000	25.915371	2	0.982980
150	9	23.581938	2	21.000000	26.825474	1	1.543538
151	10	23.581938	2	21.000000	26.268202	2	0.857637
152	11	23.581938	2	21.000000	27.643170	2	0.741042
153	12	23.581938	1	21.000000	16.221504	1	1.550198
154	13	23.581938	2	21.000000	27.477832	2	0.558504
155	14	23.581938	2	21.000000	26.383026	2	0.824136
156	15	23.581938	1	21.000000	16.184998	2	2.045272
157	16	23.581938	1	21.000000	22.144845	2	2.956467
158	17	23.581938	1	21.000000	15.080337	1	0.688793
159	18	23.581938	2	21.000000	27.106750	2	0.643639
160	19	23.581938	2	21.000000	27.794361	2	0.729236
161	20	23.581938	2	21.000000	25.315221	2	3.105684
162	21	23.581938	1	21.000000	16.371374	1	0.681356
163	22	23.581938	2	21.000000	27.604279	2	1.084657
164	23	23.581938	2	21.000000	26.081270	2	0.629413
165	24	23.581938	2	21.000000	26.112162	2	2.055378
166	25	23.581938	1	21.000000	14.400561	1	0.575123
167	26	23.581938	1	21.000000	16.538872	1	0.590485
168	27	23.581938	1	21.000000	18.304474	1	0.655200
169	28	23.581938	2	21.000000	25.584314	2	0.745020
170	29	23.581938	1	21.000000	20.113604	2	0.936557
171	1	50.059226	2	49.000000	55.278778	2	3.756645
172	2	50.059226	1	49.000000	42.962296	2	1.258735
173	3	50.059226	1	49.000000	46.577304	1	2.853558
174	4	50.059226	1	49.000000	44.441228	2	0.604127
175	5	50.059226	2	49.000000	53.328476	2	1.341474
176	6	50.059226	2	49.000000	51.498100	2	1.198860
177	7	50.059226	1	49.000000	45.098156	2	1.505016
178	8	50.059226	1	49.000000	42.395591	1	2.489496
179	9	50.059226	2	49.000000	53.654098	1	0.781878
180	10	50.059226	2	49.000000	52.654700	1	3.316754
181	11	50.059226	2	49.000000	54.265390	2	1.121511
182	12	50.059226	1	49.000000	43.477075	1	0.802691
183	13	50.059226	2	49.000000	52.106488	1	3.874935
184	14	50.059226	1	49.000000	42.580035	2	3.750655
185	15	50.059226	1	49.000000	45.566612	2	3.528719
186	16	50.059226	1	49.000000	42.546885	4	6.077404
187	17	50.059226	2	49.000000	54.882848	1	1.968853
188	18	50.059226	2	49.000000	51.803182	1	1.562100
189	19	50.059226	2	49.000000	52.888476	1	1.275434
190	20	50.059226	1	49.000000	47.782392	2	0.762858
191	21	50.059226	2	49.000000	54.345575	2	1.140032
192	22	50.059226	1	49.000000	46.809851	2	1.277429
193	23	50.059226	1	49.000000	43.279803	2	2.560544
194	24	50.059226	2	49.000000	55.768575	4	5.504797
195	25	50.059226	1	49.000000	46.894363	2	1.283059
196	26	50.059226	1	49.000000	46.775469	2	0.758170
197	27	50.059226	1	49.000000	43.843061	1	2.023118
198	28	50.059226	1	49.000000	43.459080	1	2.349316
199	29	50.059226	2	49.000000	53.717883	2	0.675774
200	30	50.059226	1	49.000000	44.942529	2	0.741074
201	31	50.059226	2	49.000000	51.656103	2	0.806876
202	32	50.059226	1	49.000000	42.327326	1	3.014658
203	33	50.059226	2	49.000000	53.045977	2	0.683871
204	34	50.059226	2	49.000000	54.650849	2	0.854896
205	35	50.059226	1	49.000000	42.206380	2	0.729874
206	36	50.059226	2	49.000000	54.200017	2	0.556359
207	37	50.059226	2	49.000000	52.142684	2	0.628507
208	38	50.059226	1	49.000000	42.382277	1	1.194195
209	39	50.059226	2	49.000000	55.496274	2	1.601370
210	40	50.059226	2	49.000000	53.850262	1	2.663434
211	41	50.059226	2	49.000000	51.651082	1	0.778988
212	42	50.059226	2	49.000000	52.170359	2	1.140090
213	43	50.059226	1	49.000000	44.441033	2	1.318299
214	44	50.059226	1	49.000000	45.713690	2	0.904118
215	45	50.059226	1	49.000000	42.984617	1	3.543173
216	46	50.059226	1	49.000000	46.589504	2	1.804268
217	47	50.059226	2	49.000000	55.917245	1	3.945625
218	48	50.059226	1	49.000000	46.893365	1	1.072166
219	49	50.059226	2	49.000000	52.386259	2	2.629538
220	50	50.059226	1	49.000000	45.924626	1	1.454799
221	51	50.059226	1	49.000000	48.283877	1	1.298424
222	52	50.059226	2	49.000000	53.595149	2	1.306125
223	53	50.059226	1	49.000000	44.944268	1	2.430421
224	54	50.059226	1	49.000000	42.710106	2	1.282975
225	55	50.059226	1	49.000000	45.378087	2	0.628019
226	56	50.059226	2	49.000000	54.705782	2	0.657812
227	57	50.059226	1	49.000000	43.263738	1	2.591081
228	58	50.059226	1	49.000000	45.052956	1	0.682097
229	59	50.059226	1	49.000000	48.197685	2	0.669762
230	60	50.059226	2	49.000000	54.580669	2	1.337186
231	61	50.059226	1	49.000000	42.512654	2	1.226477
232	62	50.059226	1	49.000000	43.479191	1	2.582106
233	63	50.059226	2	49.000000	54.508605	2	2.324857
234	64	50.059226	2	49.000000	55.384947	2	0.957138
235	65	50.059226	1	49.000000	44.155790	1	0.901997
236	66	50.059226	1	49.000000	44.612716	2	0.960295
237	67	50.059226	2	49.000000	54.745949	2	0.968807
238	68	50.059226	2	49.000000	51.793026	2	0.996225
239	69	50.059226	2	49.000000	54.209457	2	0.679539
240	70	50.059226	2	49.000000	54.908581	2	0.899280
241	71	50.059226	1	49.000000	46.037905	1	1.148882
242	72	50.059226	2	49.000000	55.861727	1	2.180924
243	73	50.059226	2	49.000000	55.753706	2	2.455385
244	74	50.059226	2	49.000000	54.072922	1	1.943198
245	75	50.059226	1	49.000000	45.890117	1	1.096913
246	76	50.059226	1	49.000000	43.651338	1	0.723740
247	77	50.059226	1	49.000000	46.592842	1	1.295729
248	78	50.059226	2	49.000000	53.038301	2	0.600113
249	79	50.059226	2	49.000000	55.352420	2	0.670518
250	80	50.059226	2	49.000000	52.824939	1	0.898119
251	81	50.059226	2	49.000000	53.789414	1	1.829431
252	82	50.059226	2	49.000000	54.363616	1	1.107291
253	83	50.059226	1	49.000000	48.191682	1	0.652030
254	84	50.059226	1	49.000000	42.408179	1	0.681101
255	85	50.059226	1	49.000000	47.062648	1	0.892490
256	86	50.059226	1	49.000000	45.989200	1	0.888073
257	87	50.059226	2	49.000000	54.716155	2	0.564893
258	88	50.059226	1	49.000000	48.272670	2	3.219896
259	89	50.059226	1	49.000000	46.771622	1	1.398134
260	90	50.059226	1	49.000000	42.964248	1	1.509843
261	91	50.059226	2	49.000000	55.366051	2	0.693627
262	92	50.059226	2	49.000000	55.702337	2	2.067699
263	93	50.059226	2	49.000000	55.611060	1	3.285185
264	94	50.059226	1	49.000000	45.674453	1	0.816223
265	95	50.059226	2	49.000000	55.337567	2	2.941295
266	96	50.059226	1	49.000000	47.738652	1	1.493247
267	97	50.059226	1	49.000000	45.839921	1	1.528120
268	98	50.059226	2	49.000000	52.597342	1	0.825067
269	99	50.059226	1	49.000000	47.700108	2	1.631351
270	100	50.059226	2	49.000000	55.916895	1	2.018140
271	101	50.059226	2	49.000000	53.833340	1	2.145269
272	102	50.059226	2	49.000000	54.528940	1	2.064576
273	103	50.059226	1	49.000000	46.362298	2	1.299661
274	104	50.059226	2	49.000000	52.987931	2	4.693878
275	105	50.059226	1	49.000000	43.632028	1	2.919397
276	106	50.059226	1	49.000000	45.286106	1	1.494452
277	107	50.059226	1	49.000000	46.946216	2	1.136307
278	108	50.059226	1	49.000000	45.092493	2	1.001488
279	109	50.059226	1	49.000000	45.693037	2	0.847991
280	110	50.059226	2	49.000000	54.276191	2	4.380814
281	111	50.059226	2	49.000000	55.746320	2	0.709979
282	112	50.059226	1	49.000000	42.829435	1	0.787179
283	113	50.059226	2	49.000000	51.563236	2	0.650015
284	114	50.059226	2	49.000000	54.751838	2	0.599087
285	115	50.059226	1	49.000000	42.315777	1	1.862025
286	116	50.059226	2	49.000000	52.638742	2	1.392855
287	117	50.059226	1	49.000000	46.308423	1	1.623060
288	118	50.059226	1	49.000000	44.226752	2	2.948602
289	119	50.059226	1	49.000000	44.276579	2	2.315249
290	120	50.059226	1	49.000000	46.366805	2	2.228131
291	121	50.059226	2	49.000000	55.603739	2	0.561266
292	122	50.059226	1	49.000000	46.681886	1	2.195978
293	123	50.059226	1	49.000000	45.315268	2	1.302641
294	124	50.059226	1	49.000000	44.131489	2	3.728636
295	125	50.059226	2	49.000000	55.348770	2	1.070396
296	126	50.059226	1	49.000000	47.453152	1	1.714515
297	127	50.059226	1	49.000000	43.417175	2	3.868335
298	128	50.059226	2	49.000000	53.714582	2	0.749064
299	129	50.059226	2	49.000000	54.314348	2	2.364697
300	130	50.059226	1	49.000000	47.256784	1	0.917989
301	131	50.059226	2	49.000000	53.684624	1	1.327318
302	132	50.059226	2	49.000000	55.842876	1	2.746954
303	133	50.059226	2	49.000000	52.264400	1	1.142826
304	134	50.059226	2	49.000000	53.156625	2	3.941554
305	135	50.059226	1	49.000000	43.819242	1	1.362628
306	136	50.059226	2	49.000000	55.715085	2	0.583009
307	137	50.059226	1	49.000000	46.202208	1	0.589631
308	138	50.059226	2	49.000000	53.894761	1	2.329429
309	139	50.059226	1	49.000000	48.454418	1	0.936563
310	140	50.059226	1	49.000000	47.215947	1	2.785731
311	141	50.059226	2	49.000000	51.722662	1	1.417215
312	142	50.059226	1	49.000000	42.365825	2	1.075318
313	143	50.059226	2	49.000000	54.305964	2	1.005636
314	144	50.059226	2	49.000000	51.669600	2	0.995579
315	145	50.059226	2	49.000000	55.099681	2	0.751465
316	146	50.059226	2	49.000000	55.183359	1	0.994413
317	147	50.059226	1	49.000000	47.598440	1	3.123122
318	148	50.059226	2	49.000000	51.520621	1	1.208200
319	149	50.059226	2	49.000000	53.046074	2	1.006074
320	150	50.059226	2	49.000000	54.286115	2	1.261483
321	151	50.059226	1	49.000000	48.591153	2	2.319874
322	152	50.059226	2	49.000000	52.299457	2	1.544788
323	153	50.059226	1	49.000000	48.479121	1	3.073936
324	154	50.059226	1	49.000000	45.582876	1	2.555655
325	155	50.059226	1	49.000000	42.848332	1	1.321745
326	156	50.059226	1	49.000000	43.048346	1	3.771588
327	157	50.059226	1	49.000000	47.358547	1	2.682440
328	158	50.059226	2	49.000000	55.813311	2	0.676863
329	159	50.059226	1	49.000000	42.735511	1	0.723641
330	160	50.059226	2	49.000000	55.674258	2	1.040729
331	161	50.059226	2	49.000000	51.848502	2	0.860655
332	162	50.059226	1	49.000000	46.295098	1	0.688622
333	1	8.490291	2	7.000000	13.935180	1	3.987436
334	2	8.490291	2	7.000000	12.724863	1	2.801336
335	3	8.490291	2	7.000000	12.009963	2	2.315653
336	4	8.490291	2	7.000000	10.494151	2	3.613576
337	5	8.490291	2	7.000000	11.345763	2	3.050360
338	6	8.490291	2	7.000000	11.489612	2	1.109276
339	7	8.490291	1	7.000000	4.989823	2	3.560093
340	8	8.490291	2	7.000000	10.659075	2	0.726722
341	9	8.490291	2	7.000000	11.849388	2	0.847337
342	10	8.490291	1	7.000000	6.771545	1	1.514260
343	11	8.490291	1	7.000000	5.438721	1	0.638111
344	12	8.490291	1	7.000000	1.810523	1	0.652417
345	13	8.490291	1	7.000000	2.532060	2	1.736987
346	14	8.490291	2	7.000000	10.795292	2	0.568646
347	15	8.490291	2	7.000000	12.849041	2	0.608898
348	16	8.490291	1	7.000000	5.055244	1	0.966872
349	17	8.490291	2	7.000000	10.672176	2	0.584371
350	18	8.490291	2	7.000000	12.059173	2	0.554700
351	19	8.490291	2	7.000000	10.813389	1	2.735790
352	20	8.490291	1	7.000000	0.468663	1	0.518979
353	21	8.490291	1	7.000000	4.762266	1	0.531099
354	22	8.490291	2	7.000000	12.205197	2	0.659034
355	23	8.490291	2	7.000000	13.473513	2	0.519229
356	24	8.490291	2	7.000000	13.951079	2	0.741979
357	25	8.490291	2	7.000000	13.036341	2	0.569910
358	26	8.490291	2	7.000000	13.193322	2	0.527785
359	27	8.490291	2	7.000000	11.464349	1	3.849940
360	28	8.490291	1	7.000000	1.727354	1	0.541205
361	29	8.490291	1	7.000000	1.623125	1	0.570279
362	30	8.490291	2	7.000000	10.065256	1	0.476901
363	31	8.490291	2	7.000000	11.646997	2	0.616621
364	32	8.490291	1	7.000000	0.486268	1	0.494847
365	33	8.490291	1	7.000000	4.772216	2	1.258107
366	34	8.490291	1	7.000000	4.048313	1	1.326371
367	35	8.490291	2	7.000000	12.345826	2	1.054079
368	36	8.490291	1	7.000000	3.012890	2	1.073497
369	37	8.490291	2	7.000000	11.171023	2	0.555926
370	38	8.490291	1	7.000000	3.104836	1	0.515716
371	39	8.490291	1	7.000000	4.552271	1	0.694101
372	40	8.490291	1	7.000000	6.082382	1	2.129301
373	41	8.490291	2	7.000000	13.427456	2	0.642906
374	42	8.490291	1	7.000000	1.020209	1	0.523935
375	43	8.490291	2	7.000000	9.969425	2	1.605338
376	44	8.490291	2	7.000000	10.275949	2	0.946129
377	45	8.490291	2	7.000000	12.288208	2	0.554892
378	46	8.490291	2	7.000000	10.354090	2	0.555982
379	47	8.490291	1	7.000000	1.662215	1	0.612288
380	1	61.748843	2	63.000000	68.281062	4	5.996561
381	2	61.748843	1	63.000000	59.600941	1	1.609051
382	3	61.748843	1	63.000000	56.322539	1	0.662554
383	4	61.748843	1	63.000000	57.519496	1	3.070820
384	5	61.748843	1	63.000000	58.543688	1	0.685222
385	6	61.748843	1	63.000000	60.192493	1	0.878359
386	7	61.748843	1	63.000000	58.565409	1	0.565873
387	8	61.748843	2	63.000000	63.692380	1	0.625825
388	9	61.748843	1	63.000000	57.532441	1	0.816444
389	10	61.748843	2	63.000000	66.025975	2	1.453522
390	11	61.748843	1	63.000000	59.943577	2	2.187230
391	12	61.748843	1	63.000000	58.724882	2	1.559721
392	13	61.748843	1	63.000000	58.918206	1	1.119174
393	14	61.748843	2	63.000000	67.102638	1	3.231701
394	15	61.748843	1	63.000000	58.986361	1	2.900076
395	16	61.748843	1	63.000000	58.852057	2	1.024569
396	17	61.748843	1	63.000000	56.781628	2	1.368412
397	18	61.748843	1	63.000000	58.761484	2	1.319740
398	19	61.748843	1	63.000000	59.404958	1	0.776990
399	20	61.748843	1	63.000000	59.110690	1	2.321241
400	21	61.748843	2	63.000000	65.685137	2	1.593267
401	22	61.748843	1	63.000000	57.283004	1	0.705732
402	23	61.748843	2	63.000000	67.795912	2	0.484256
403	24	61.748843	1	63.000000	56.832575	1	0.495936
404	25	61.748843	1	63.000000	56.992029	1	2.544584
405	26	61.748843	1	63.000000	60.296633	2	0.667206
406	27	61.748843	1	63.000000	56.674076	1	1.800627
407	28	61.748843	2	63.000000	65.248575	2	0.747612
408	29	61.748843	2	63.000000	68.916979	2	0.999272
409	30	61.748843	2	63.000000	68.120730	1	1.396200
410	31	61.748843	1	63.000000	59.294084	1	0.672825
411	32	61.748843	1	63.000000	56.242714	2	0.852167
412	33	61.748843	2	63.000000	63.366651	2	1.241109
413	34	61.748843	1	63.000000	56.085820	1	0.586905
414	35	61.748843	1	63.000000	58.539123	1	0.634663
415	36	61.748843	1	63.000000	59.491608	1	2.809240
416	37	61.748843	1	63.000000	56.267266	2	0.540839
417	38	61.748843	1	63.000000	58.302049	2	1.145735
418	39	61.748843	2	63.000000	64.548832	2	0.809432
419	40	61.748843	2	63.000000	68.659962	2	0.669264
420	41	61.748843	2	63.000000	68.632378	2	0.978966
421	42	61.748843	1	63.000000	58.271612	1	0.561275
422	43	61.748843	1	63.000000	57.179560	1	1.946221
423	44	61.748843	2	63.000000	69.241901	2	0.817805
424	45	61.748843	1	63.000000	56.733914	1	0.582059
425	46	61.748843	1	63.000000	57.769693	1	1.285752
426	47	61.748843	2	63.000000	66.661710	2	0.776808
427	48	61.748843	2	63.000000	65.533309	2	1.592359
428	49	61.748843	2	63.000000	67.581024	2	1.654455
429	50	61.748843	1	63.000000	57.327681	1	0.523092
430	51	61.748843	2	63.000000	65.186534	1	1.056037
431	1	34.635701	2	35.000000	39.971148	1	4.059727
432	2	34.635701	2	35.000000	38.242511	1	0.794391
433	3	34.635701	2	35.000000	36.128636	2	2.593236
434	4	34.635701	1	35.000000	32.089630	2	1.488464
435	5	34.635701	2	35.000000	39.928139	2	2.431936
436	6	34.635701	2	35.000000	38.355385	2	2.591411
437	7	34.635701	2	35.000000	38.243389	1	1.601584
438	8	34.635701	1	35.000000	29.459725	1	3.687779
439	9	34.635701	1	35.000000	31.078013	1	0.705158
440	10	34.635701	1	35.000000	31.233687	2	3.204027
441	11	34.635701	1	35.000000	32.764003	2	2.232525
442	12	34.635701	2	35.000000	38.189318	2	2.436699
443	13	34.635701	2	35.000000	39.009754	2	2.265440
444	14	34.635701	1	35.000000	30.089121	1	0.722698
445	15	34.635701	2	35.000000	41.601745	2	0.868909
446	16	34.635701	1	35.000000	30.651877	1	0.648475
447	17	34.635701	1	35.000000	32.815572	1	1.909406
448	18	34.635701	2	35.000000	41.292390	2	0.646712
449	19	34.635701	2	35.000000	39.394817	2	1.827629
