1	1	50.291486	2	49.000000	52.840972	1	2.209660
2	2	50.291486	2	49.000000	54.101250	2	2.050402
3	3	50.291486	1	49.000000	42.995536	2	3.125590
4	4	50.291486	1	49.000000	48.700880	2	1.621285
5	5	50.291486	1	49.000000	48.819686	1	1.891878
6	6	50.291486	1	49.000000	43.041286	1	2.332223
7	7	50.291486	1	49.000000	42.947933	1	1.124545
8	8	50.291486	2	49.000000	55.827955	1	0.981668
9	9	50.291486	1	49.000000	46.558983	1	1.252877
10	10	50.291486	1	49.000000	43.728070	1	1.024830
11	11	50.291486	2	49.000000	52.614692	2	1.378931
12	12	50.291486	2	49.000000	52.213989	1	1.664144
13	13	50.291486	2	49.000000	52.436211	2	1.110699
14	14	50.291486	2	49.000000	52.481754	1	1.832959
15	15	50.291486	2	49.000000	55.397131	2	0.923993
16	16	50.291486	2	49.000000	52.968026	2	0.612696
17	17	50.291486	1	49.000000	47.456812	2	0.895150
18	18	50.291486	1	49.000000	43.972955	2	1.009666
19	19	50.291486	1	49.000000	46.966611	2	1.350986
20	20	50.291486	1	49.000000	45.112547	1	0.486779
21	21	50.291486	2	49.000000	53.176959	1	0.784645
22	22	50.291486	1	49.000000	48.877760	2	0.913266
23	23	50.291486	1	49.000000	46.803908	1	0.754279
24	24	50.291486	2	49.000000	53.499032	1	0.554117
25	25	50.291486	1	49.000000	42.178860	2	0.722767
26	26	50.291486	1	49.000000	43.075101	2	1.076847
27	27	50.291486	2	49.000000	54.393536	2	0.701070
28	28	50.291486	1	49.000000	43.612679	2	1.354863
29	29	50.291486	1	49.000000	46.057353	1	0.611498
30	30	50.291486	2	49.000000	55.622905	1	0.544765
31	31	50.291486	2	49.000000	52.175142	1	0.722568
32	32	50.291486	1	49.000000	47.519537	2	0.468870
33	33	50.291486	2	49.000000	52.726525	2	0.861979
34	34	50.291486	1	49.000000	43.870924	2	0.483252
35	35	50.291486	1	49.000000	42.631064	1	0.438509
36	36	50.291486	2	49.000000	53.946797	2	1.163766
37	37	50.291486	1	49.000000	48.386138	1	1.454863
38	38	50.291486	1	49.000000	47.750083	2	1.092943
39	39	50.291486	2	49.000000	51.822314	2	0.927678
40	40	50.291486	1	49.000000	44.207652	2	0.392444
41	41	50.291486	2	49.000000	52.299723	2	0.847411
42	42	50.291486	1	49.000000	47.508439	1	0.580492
43	43	50.291486	1	49.000000	47.757200	2	0.567424
44	44	50.291486	2	49.000000	53.912678	2	0.771785
45	45	50.291486	2	49.000000	54.029845	2	0.817479
46	46	50.291486	2	49.000000	53.795759	2	0.791262
47	47	50.291486	2	49.000000	54.355785	2	1.335525
48	48	50.291486	2	49.000000	55.287624	2	0.582041
49	49	50.291486	1	49.000000	48.535301	1	0.902424
50	50	50.291486	2	49.000000	55.762478	1	0.818126
51	51	50.291486	2	49.000000	52.821663	1	1.237783
52	52	50.291486	2	49.000000	52.320671	2	0.914781
53	53	50.291486	1	49.000000	44.836767	2	0.282606
54	54	50.291486	1	49.000000	45.955505	1	0.856187
55	55	50.291486	1	49.000000	48.382632	1	0.660196
56	56	50.291486	2	49.000000	52.832362	2	0.777127
57	57	50.291486	1	49.000000	43.174090	2	0.488852
58	58	50.291486	2	49.000000	53.565413	1	0.700960
59	59	50.291486	1	49.000000	45.658809	1	0.742588
60	60	50.291486	1	49.000000	46.947606	1	0.646875
61	61	50.291486	2	49.000000	53.411971	2	0.772520
62	62	50.291486	2	49.000000	52.853656	2	0.677647
63	63	50.291486	1	49.000000	46.135693	2	0.720255
64	64	50.291486	1	49.000000	43.065484	1	0.884563
65	65	50.291486	2	49.000000	55.053910	1	0.558012
66	66	50.291486	2	49.000000	53.624395	2	0.430439
67	67	50.291486	2	49.000000	53.410881	2	0.987398
68	68	50.291486	2	49.000000	54.018916	1	0.405343
69	69	50.291486	2	49.000000	55.531122	1	0.593532
70	70	50.291486	1	49.000000	48.764794	1	0.784835
71	71	50.291486	2	49.000000	54.600830	2	0.576603
72	72	50.291486	1	49.000000	42.763043	2	0.407292
73	73	50.291486	1	49.000000	42.855205	1	0.413759
74	74	50.291486	1	49.000000	46.997031	1	0.259457
75	75	50.291486	1	49.000000	43.846839	2	0.441372
76	76	50.291486	2	49.000000	52.821446	2	0.278832
77	77	50.291486	2	49.000000	54.843101	1	0.247639
78	78	50.291486	2	49.000000	53.573237	2	0.244078
79	79	50.291486	2	49.000000	53.290899	2	0.333407
80	80	50.291486	2	49.000000	52.811179	1	0.214655
81	81	50.291486	1	49.000000	44.994328	2	0.578627
82	82	50.291486	1	49.000000	47.788210	1	0.400734
83	83	50.291486	1	49.000000	43.287446	2	0.679837
84	84	50.291486	1	49.000000	45.376541	2	0.627314
85	85	50.291486	2	49.000000	54.350396	1	0.767943
86	86	50.291486	2	49.000000	53.769973	1	0.607178
87	87	50.291486	2	49.000000	55.660349	1	0.558279
88	88	50.291486	2	49.000000	54.891692	2	0.303303
89	89	50.291486	1	49.000000	48.511997	2	0.474644
90	90	50.291486	2	49.000000	54.973153	2	0.376456
91	91	50.291486	2	49.000000	54.533666	1	0.500816
92	92	50.291486	1	49.000000	42.831032	2	0.459214
93	93	50.291486	2	49.000000	52.299823	2	0.432197
94	94	50.291486	1	49.000000	48.021982	2	0.379323
95	95	50.291486	1	49.000000	45.985067	2	0.635286
96	96	50.291486	2	49.000000	51.711705	1	0.425892
97	97	50.291486	2	49.000000	54.658210	1	0.717880
98	98	50.291486	1	49.000000	47.910229	1	0.560046
99	99	50.291486	1	49.000000	42.306012	1	0.461932
100	100	50.291486	1	49.000000	45.967245	1	0.387448
101	101	50.291486	2	49.000000	53.065591	2	0.428119
102	102	50.291486	2	49.000000	52.557484	2	0.397767
103	103	50.291486	1	49.000000	48.021356	1	0.448323
104	104	50.291486	2	49.000000	55.304891	1	0.541436
105	105	50.291486	2	49.000000	55.310580	1	0.510268
106	106	50.291486	1	49.000000	48.789066	1	0.633584
107	107	50.291486	1	49.000000	45.322889	2	0.598302
108	108	50.291486	2	49.000000	52.023416	2	0.381335
109	109	50.291486	1	49.000000	47.936738	2	0.367188
110	110	50.291486	1	49.000000	43.305806	1	0.565281
111	111	50.291486	2	49.000000	52.580855	1	0.433495
112	112	50.291486	2	49.000000	53.233230	1	0.251031
113	113	50.291486	1	49.000000	43.168658	2	0.548092
114	114	50.291486	2	49.000000	54.952462	2	0.473289
115	115	50.291486	2	49.000000	52.252962	2	0.434269
116	116	50.291486	2	49.000000	55.474524	1	0.313420
117	117	50.291486	2	49.000000	52.924235	1	0.477225
118	118	50.291486	1	49.000000	43.641772	1	0.465092
119	119	50.291486	1	49.000000	43.008315	1	0.555410
120	120	50.291486	2	49.000000	54.670642	1	0.556438
121	121	50.291486	1	49.000000	43.508292	2	0.324856
122	122	50.291486	1	49.000000	44.315947	2	0.469995
123	123	50.291486	1	49.000000	44.445816	2	0.569768
124	124	50.291486	1	49.000000	44.631962	2	0.186188
125	125	50.291486	1	49.000000	44.815289	1	0.346128
126	126	50.291486	1	49.000000	42.782170	1	0.238240
127	127	50.291486	2	49.000000	53.557924	1	0.399858
128	128	50.291486	2	49.000000	55.286240	1	0.575305
129	129	50.291486	1	49.000000	47.020856	1	0.333920
130	130	50.291486	1	49.000000	42.166259	2	0.911052
131	131	50.291486	1	49.000000	48.694378	2	0.423866
132	132	50.291486	1	49.000000	43.731714	1	0.989759
133	133	50.291486	2	49.000000	53.189211	2	0.340334
134	134	50.291486	1	49.000000	44.348937	1	0.294117
135	135	50.291486	2	49.000000	53.578869	2	0.328824
136	136	50.291486	1	49.000000	47.020277	1	0.290480
137	137	50.291486	1	49.000000	42.500338	2	0.527440
138	138	50.291486	1	49.000000	45.622723	1	0.223241
139	139	50.291486	1	49.000000	48.164140	2	0.360674
140	140	50.291486	2	49.000000	54.872134	1	0.221159
141	141	50.291486	1	49.000000	43.434463	2	0.379848
142	142	50.291486	2	49.000000	53.133487	1	0.212321
143	143	50.291486	2	49.000000	55.097310	1	0.217413
144	144	50.291486	2	49.000000	53.788448	1	0.192085
145	145	50.291486	2	49.000000	55.543641	1	0.071373
146	146	50.291486	1	49.000000	43.136131	1	0.635993
147	147	50.291486	1	49.000000	42.685655	2	0.745015
148	148	50.291486	2	49.000000	54.306708	2	1.144725
149	149	50.291486	1	49.000000	46.443562	1	1.182898
150	150	50.291486	2	49.000000	54.776820	2	0.768388
151	151	50.291486	2	49.000000	55.144729	1	0.576537
152	152	50.291486	1	49.000000	48.120475	2	0.943769
153	153	50.291486	1	49.000000	42.705775	1	0.471221
154	154	50.291486	2	49.000000	54.669079	2	0.731410
155	155	50.291486	2	49.000000	54.452768	1	0.436932
156	156	50.291486	1	49.000000	44.274529	1	0.737954
157	157	50.291486	2	49.000000	53.850912	2	0.730832
158	158	50.291486	2	49.000000	54.014468	1	0.875586
159	159	50.291486	2	49.000000	52.999185	1	0.734759
160	160	50.291486	2	49.000000	55.961942	2	0.584534
161	161	50.291486	1	49.000000	42.570777	1	0.418077
162	162	50.291486	2	49.000000	52.998112	2	1.037431
163	163	50.291486	1	49.000000	43.333599	1	0.570787
164	164	50.291486	1	49.000000	48.829394	2	0.562624
165	165	50.291486	2	49.000000	52.129174	2	0.661671
166	166	50.291486	1	49.000000	43.359217	2	0.420913
167	167	50.291486	2	49.000000	53.753729	1	0.690865
168	168	50.291486	1	49.000000	43.641689	2	0.886403
169	169	50.291486	1	49.000000	42.178177	1	0.635643
170	170	50.291486	2	49.000000	55.784026	2	0.744552
171	171	50.291486	2	49.000000	54.955701	2	0.762014
172	172	50.291486	1	49.000000	45.880159	1	0.824415
173	173	50.291486	2	49.000000	54.806570	2	0.651013
174	174	50.291486	1	49.000000	45.795464	1	0.712915
175	175	50.291486	1	49.000000	47.522155	1	0.884087
176	176	50.291486	2	49.000000	53.258042	2	0.718476
177	177	50.291486	1	49.000000	47.127230	2	0.848721
178	178	50.291486	1	49.000000	48.205089	1	0.607136
179	179	50.291486	2	49.000000	55.142137	1	0.763825
180	180	50.291486	2	49.000000	54.338056	1	0.803784
181	181	50.291486	2	49.000000	54.478582	2	0.674102
182	182	50.291486	1	49.000000	42.823461	2	0.581731
183	183	50.291486	2	49.000000	53.871378	2	0.822143
184	184	50.291486	2	49.000000	53.513403	1	0.843804
185	185	50.291486	2	49.000000	52.982439	1	0.600391
186	186	50.291486	2	49.000000	53.880659	1	0.677484
187	187	50.291486	2	49.000000	51.803206	1	0.994166
188	188	50.291486	1	49.000000	43.640275	1	0.736613
189	189	50.291486	2	49.000000	52.390599	1	0.673818
190	190	50.291486	2	49.000000	52.604448	2	0.501044
191	191	50.291486	1	49.000000	44.441543	2	1.273698
192	192	50.291486	1	49.000000	46.998748	1	0.706131
193	193	50.291486	2	49.000000	55.153614	1	0.716976
194	194	50.291486	2	49.000000	54.397463	2	0.824373
195	195	50.291486	2	49.000000	52.173624	2	0.845116
196	196	50.291486	2	49.000000	53.559915	1	0.856807
197	197	50.291486	2	49.000000	52.305364	1	0.653758
198	198	50.291486	2	49.000000	55.897894	1	0.590382
199	199	50.291486	1	49.000000	42.547100	2	0.691034
200	200	50.291486	1	49.000000	42.491572	2	0.900169
201	201	50.291486	1	49.000000	45.792851	1	0.622087
202	202	50.291486	2	49.000000	55.886552	2	0.764420
203	203	50.291486	1	49.000000	43.088169	1	0.652262
204	204	50.291486	1	49.000000	44.693978	2	0.617455
205	205	50.291486	2	49.000000	53.969606	1	0.648433
206	206	50.291486	2	49.000000	54.744610	2	0.560627
207	207	50.291486	1	49.000000	46.547672	2	0.791189
208	208	50.291486	2	49.000000	54.307500	2	0.639920
209	209	50.291486	1	49.000000	42.343824	1	0.460877
210	210	50.291486	1	49.000000	45.064936	1	0.600409
211	211	50.291486	2	49.000000	54.013990	2	0.879529
212	212	50.291486	1	49.000000	46.630971	2	1.026242
213	213	50.291486	2	49.000000	53.547984	1	0.672052
214	214	50.291486	2	49.000000	51.706709	1	0.706910
215	215	50.291486	1	49.000000	46.884208	1	0.869206
216	216	50.291486	2	49.000000	53.067737	1	1.257274
217	217	50.291486	2	49.000000	53.707715	2	0.781389
218	218	50.291486	2	49.000000	52.616466	2	0.764578
219	219	50.291486	2	49.000000	52.362865	2	0.748717
220	220	50.291486	2	49.000000	54.603964	1	0.565000
221	221	50.291486	1	49.000000	48.429061	1	0.558981
222	222	50.291486	1	49.000000	43.777462	1	0.853702
223	223	50.291486	1	49.000000	43.687762	2	0.902294
224	224	50.291486	2	49.000000	52.938478	1	0.822900
225	225	50.291486	2	49.000000	54.992895	1	0.858910
226	226	50.291486	2	49.000000	52.576593	2	0.861488
227	227	50.291486	1	49.000000	44.139325	2	0.841508
228	228	50.291486	1	49.000000	44.881087	1	1.599013
229	229	50.291486	2	49.000000	55.777081	1	0.702051
230	230	50.291486	1	49.000000	48.262117	2	0.880209
231	231	50.291486	2	49.000000	52.340037	2	0.847823
232	232	50.291486	2	49.000000	53.121457	2	1.432864
233	233	50.291486	2	49.000000	52.695088	1	1.204212
234	234	50.291486	1	49.000000	43.070221	1	0.915877
235	235	50.291486	2	49.000000	54.467286	2	0.917929
236	236	50.291486	1	49.000000	46.566779	1	0.833340
237	237	50.291486	1	49.000000	47.343533	1	1.249760
238	238	50.291486	2	49.000000	54.441461	2	1.133917
239	239	50.291486	2	49.000000	53.165782	2	1.239383
240	240	50.291486	1	49.000000	47.691876	1	1.001322
241	241	50.291486	1	49.000000	45.861911	1	0.994167
242	242	50.291486	1	49.000000	46.825004	2	0.775235
243	243	50.291486	2	49.000000	54.520048	2	1.119302
244	244	50.291486	2	49.000000	53.263045	2	1.112698
245	245	50.291486	1	49.000000	48.500235	1	0.874422
246	246	50.291486	2	49.000000	55.797474	2	1.045184
247	247	50.291486	1	49.000000	46.007739	2	1.250074
248	248	50.291486	2	49.000000	54.205516	1	1.365606
249	249	50.291486	2	49.000000	54.438107	1	0.831248
250	250	50.291486	2	49.000000	52.251987	2	0.818205
251	251	50.291486	1	49.000000	48.142775	2	0.735968
252	252	50.291486	1	49.000000	46.321196	1	2.479806
253	253	50.291486	2	49.000000	52.338453	2	1.241893
254	254	50.291486	1	49.000000	48.195715	1	1.114066
255	255	50.291486	1	49.000000	45.420550	1	0.896317
256	256	50.291486	1	49.000000	45.828157	2	1.305715
257	257	50.291486	2	49.000000	52.834796	2	1.444359
258	258	50.291486	2	49.000000	52.400337	1	0.712437
259	259	50.291486	2	49.000000	55.794675	1	0.683554
260	260	50.291486	2	49.000000	55.064971	2	0.910392
261	261	50.291486	1	49.000000	44.621754	2	0.782342
262	262	50.291486	2	49.000000	53.166878	1	0.895011
263	263	50.291486	1	49.000000	47.347366	1	0.320836
264	264	50.291486	1	49.000000	43.366765	1	0.904407
265	265	50.291486	1	49.000000	47.384734	2	0.763369
266	266	50.291486	1	49.000000	44.182054	1	0.829070
267	267	50.291486	2	49.000000	51.937734	1	0.730516
268	268	50.291486	2	49.000000	53.612791	1	0.673130
269	269	50.291486	2	49.000000	53.151939	1	1.060626
270	270	50.291486	2	49.000000	54.370805	1	1.248670
271	271	50.291486	2	49.000000	51.753988	1	1.035171
272	272	50.291486	2	49.000000	54.704986	2	0.573684
273	273	50.291486	1	49.000000	47.978648	2	0.884443
274	274	50.291486	1	49.000000	44.896232	2	0.869002
275	275	50.291486	2	49.000000	55.333023	1	0.720862
276	276	50.291486	2	49.000000	52.897701	1	0.642542
277	277	50.291486	1	49.000000	46.116477	2	0.736306
278	278	50.291486	2	49.000000	52.749061	2	0.881593
279	279	50.291486	1	49.000000	44.808864	2	0.899550
280	280	50.291486	1	49.000000	43.182886	1	1.177192
281	281	50.291486	1	49.000000	46.138654	1	1.003132
282	282	50.291486	1	49.000000	46.031810	1	0.834406
283	283	50.291486	2	49.000000	52.254463	2	1.024512
284	284	50.291486	2	49.000000	52.373380	1	0.998831
285	285	50.291486	1	49.000000	42.472812	2	0.885276
286	286	50.291486	2	49.000000	54.540386	1	1.352303
287	287	50.291486	2	49.000000	54.539061	2	0.567630
288	288	50.291486	2	49.000000	52.364506	2	0.776089
289	289	50.291486	1	49.000000	45.609019	2	0.839544
290	290	50.291486	1	49.000000	43.355976	1	0.708360
291	291	50.291486	2	49.000000	55.602039	2	0.695274
292	292	50.291486	2	49.000000	52.420006	1	0.729203
293	293	50.291486	2	49.000000	52.413419	1	0.788364
294	294	50.291486	1	49.000000	42.480852	1	0.908958
295	295	50.291486	2	49.000000	52.436657	2	0.875999
296	296	50.291486	1	49.000000	43.455184	2	0.746453
297	297	50.291486	2	49.000000	52.086441	2	0.890382
298	298	50.291486	2	49.000000	52.770011	1	0.969463
299	299	50.291486	2	49.000000	53.183362	2	1.157116
300	300	50.291486	1	49.000000	43.274017	1	0.697331
301	301	50.291486	1	49.000000	47.130210	1	0.881013
302	302	50.291486	2	49.000000	54.957001	2	0.778209
303	303	50.291486	1	49.000000	44.112996	2	1.025474
304	304	50.291486	1	49.000000	43.942154	1	1.121027
305	305	50.291486	1	49.000000	43.368052	1	0.761377
306	306	50.291486	1	49.000000	46.740354	2	0.652538
307	307	50.291486	2	49.000000	51.716155	2	0.829733
308	308	50.291486	2	49.000000	55.235612	1	0.963230
309	309	50.291486	2	49.000000	53.923668	2	0.943003
310	310	50.291486	2	49.000000	52.950327	2	1.151391
311	311	50.291486	2	49.000000	54.252858	1	0.744663
312	312	50.291486	2	49.000000	52.172016	1	0.925193
313	313	50.291486	1	49.000000	48.644881	1	1.077510
314	314	50.291486	2	49.000000	54.080546	2	0.784186
315	315	50.291486	2	49.000000	52.127540	2	1.166778
316	316	50.291486	1	49.000000	42.642165	1	0.784402
317	317	50.291486	1	49.000000	48.252028	2	0.989549
318	318	50.291486	1	49.000000	42.970561	1	1.077658
319	319	50.291486	2	49.000000	52.819913	2	1.119585
320	320	50.291486	1	49.000000	43.570812	2	0.776783
321	321	50.291486	1	49.000000	42.695686	2	0.896805
322	322	50.291486	2	49.000000	55.264326	2	0.970464
323	323	50.291486	1	49.000000	43.366097	1	0.882597
324	324	50.291486	2	49.000000	52.414902	2	0.888430
325	325	50.291486	2	49.000000	54.045976	2	0.947206
326	326	50.291486	1	49.000000	48.774671	2	1.061220
327	327	50.291486	2	49.000000	53.526266	1	0.874442
328	328	50.291486	1	49.000000	45.830163	1	1.119052
329	329	50.291486	2	49.000000	55.861290	2	0.877647
330	330	50.291486	1	49.000000	47.792307	2	1.135832
331	331	50.291486	1	49.000000	44.666053	2	1.145182
332	332	50.291486	1	49.000000	47.106735	1	1.164552
333	333	50.291486	1	49.000000	44.423900	2	0.533255
334	334	50.291486	2	49.000000	52.501558	1	0.811740
335	335	50.291486	1	49.000000	45.878843	2	0.852381
336	336	50.291486	2	49.000000	53.132334	2	0.645382
337	337	50.291486	1	49.000000	42.200382	2	0.834513
338	338	50.291486	1	49.000000	43.833140	2	1.167138
339	339	50.291486	1	49.000000	46.891406	2	0.902496
340	340	50.291486	2	49.000000	55.670869	2	0.907354
341	341	50.291486	1	49.000000	48.875338	1	0.819192
342	342	50.291486	2	49.000000	55.147684	2	0.937346
343	343	50.291486	1	49.000000	46.577337	2	0.930544
344	344	50.291486	2	49.000000	51.986569	2	0.931412
345	345	50.291486	1	49.000000	45.015116	1	0.795447
346	346	50.291486	1	49.000000	47.951827	1	0.645681
347	347	50.291486	1	49.000000	47.314610	2	0.896422
348	348	50.291486	2	49.000000	51.704511	2	1.371368
349	349	50.291486	2	49.000000	54.566053	1	0.828699
350	350	50.291486	2	49.000000	54.314158	2	0.968026
351	351	50.291486	1	49.000000	47.546955	2	1.103437
352	352	50.291486	1	49.000000	45.152146	2	0.932144
353	353	50.291486	1	49.000000	42.949414	1	1.306615
354	354	50.291486	1	49.000000	42.656939	2	0.901492
355	355	50.291486	2	49.000000	55.681523	2	0.926462
356	356	50.291486	1	49.000000	44.792888	1	1.000681
357	357	50.291486	1	49.000000	46.445197	2	1.222637
358	358	50.291486	1	49.000000	43.224525	2	0.835698
359	359	50.291486	2	49.000000	55.507665	1	0.762479
360	360	50.291486	1	49.000000	48.554445	2	0.433470
361	361	50.291486	1	49.000000	46.909268	1	0.376803
362	362	50.291486	1	49.000000	47.522257	2	0.910896
363	363	50.291486	2	49.000000	55.010033	1	0.529009
364	364	50.291486	2	49.000000	52.560613	2	0.778746
365	365	50.291486	1	49.000000	44.063372	1	0.122299
366	366	50.291486	1	49.000000	43.005045	2	1.244946
367	367	50.291486	1	49.000000	46.181633	2	1.440065
368	368	50.291486	2	49.000000	55.258431	2	1.448281
369	369	50.291486	1	49.000000	48.753412	2	1.024155
370	370	50.291486	1	49.000000	48.480102	2	1.461996
371	371	50.291486	2	49.000000	55.131492	2	1.181159
372	372	50.291486	1	49.000000	48.711150	2	1.185751
373	373	50.291486	2	49.000000	55.913252	2	1.304882
374	374	50.291486	2	49.000000	53.340842	1	1.567773
375	375	50.291486	2	49.000000	55.304808	2	1.058282
376	376	50.291486	1	49.000000	45.034180	2	1.307087
377	377	50.291486	2	49.000000	55.058469	2	1.075774
378	378	50.291486	1	49.000000	48.775119	2	1.655787
379	379	50.291486	2	49.000000	52.624104	1	0.995308
380	380	50.291486	1	49.000000	46.035899	2	1.210190
381	381	50.291486	2	49.000000	51.953471	2	1.759728
382	382	50.291486	1	49.000000	48.882203	1	1.247507
383	383	50.291486	2	49.000000	53.609141	2	1.840892
384	384	50.291486	1	49.000000	42.313596	1	1.271732
385	385	50.291486	1	49.000000	46.059474	2	1.775512
386	386	50.291486	1	49.000000	47.490916	2	1.374332
387	387	50.291486	1	49.000000	43.573289	1	1.501272
388	388	50.291486	1	49.000000	47.863592	1	1.313336
389	389	50.291486	1	49.000000	43.561367	1	1.859329
390	390	50.291486	2	49.000000	53.217673	2	1.507918
391	391	50.291486	2	49.000000	53.012289	2	1.966387
392	392	50.291486	2	49.000000	51.866154	2	1.828482
393	393	50.291486	2	49.000000	54.935828	1	1.599233
394	394	50.291486	2	49.000000	53.430539	1	1.313533
395	395	50.291486	2	49.000000	55.222298	1	1.497488
396	396	50.291486	1	49.000000	43.590395	2	1.323878
397	397	50.291486	2	49.000000	55.482476	1	1.527231
398	398	50.291486	2	49.000000	51.961514	1	1.326354
399	399	50.291486	2	49.000000	52.741462	2	1.081364
400	400	50.291486	1	49.000000	47.858354	2	1.379194
401	401	50.291486	1	49.000000	44.843343	1	1.579927
402	402	50.291486	1	49.000000	47.974671	1	1.467864
403	403	50.291486	1	49.000000	48.572170	2	1.204806
404	404	50.291486	2	49.000000	55.074496	2	1.307912
405	405	50.291486	1	49.000000	47.404336	1	1.051492
406	406	50.291486	1	49.000000	42.873600	2	1.334305
407	407	50.291486	2	49.000000	52.645095	1	0.585241
408	408	50.291486	2	49.000000	55.976003	2	0.968779
409	409	50.291486	2	49.000000	52.002883	2	0.792532
410	410	50.291486	2	49.000000	51.929747	1	0.606028
411	411	50.291486	2	49.000000	52.025510	2	0.605820
412	412	50.291486	2	49.000000	53.259544	1	1.157048
413	413	50.291486	1	49.000000	47.116047	2	1.122847
414	414	50.291486	1	49.000000	47.915231	1	0.734318
415	415	50.291486	1	49.000000	44.044981	1	0.981021
416	416	50.291486	1	49.000000	43.618073	3	0.779695
417	417	50.291486	1	49.000000	47.247395	2	1.248035
418	418	50.291486	2	49.000000	54.467274	2	0.723648
419	419	50.291486	1	49.000000	48.318299	1	0.479464
420	420	50.291486	1	49.000000	47.737617	2	0.857965
421	421	50.291486	1	49.000000	43.846720	1	0.606187
422	422	50.291486	2	49.000000	55.157443	2	0.901141
423	423	50.291486	1	49.000000	46.792876	1	1.191223
424	424	50.291486	1	49.000000	48.889540	1	1.167512
425	425	50.291486	1	49.000000	42.182204	1	1.210046
426	426	50.291486	2	49.000000	54.438400	1	1.580339
427	427	50.291486	2	49.000000	54.241397	2	1.611114
428	428	50.291486	1	49.000000	42.002315	1	1.160845
429	429	50.291486	1	49.000000	42.889200	1	1.184503
430	430	50.291486	1	49.000000	44.560105	1	1.104092
431	431	50.291486	1	49.000000	46.250118	1	1.219407
432	432	50.291486	1	49.000000	45.838007	1	1.325733
433	433	50.291486	1	49.000000	44.562690	1	1.357729
434	434	50.291486	2	49.000000	53.251266	2	1.365524
435	1	37.994020	1	35.000000	33.523758	1	2.287136
436	2	37.994020	2	35.000000	41.329173	2	1.261302
437	3	37.994020	1	35.000000	28.522994	1	1.145268
438	4	37.994020	2	35.000000	41.823710	2	1.143260
439	5	37.994020	1	35.000000	28.058226	1	1.265445
440	6	37.994020	2	35.000000	40.598562	2	1.192036
441	7	37.994020	2	35.000000	41.048127	2	1.159128
442	8	37.994020	2	35.000000	41.280274	2	1.086887
443	9	37.994020	2	35.000000	40.095016	2	1.395890
444	10	37.994020	1	35.000000	35.289028	1	0.968087
445	11	37.994020	2	35.000000	40.261244	2	0.895241
446	12	37.994020	2	35.000000	39.780449	2	0.977126
447	13	37.994020	2	35.000000	41.175435	2	1.107251
448	14	37.994020	1	35.000000	30.566787	1	1.124087
449	1	59.608910	1	63.000000	56.700945	1	2.179462
450	2	59.608910	2	63.000000	66.968745	1	1.692064
451	3	59.608910	2	63.000000	65.372830	2	1.505864
452	4	59.608910	2	63.000000	68.454403	2	1.212113
453	5	59.608910	2	63.000000	68.699019	2	1.259004
454	6	59.608910	1	63.000000	56.363488	1	1.390542
455	7	59.608910	2	63.000000	63.769780	2	1.196183
456	8	59.608910	1	63.000000	57.205206	2	1.202656
457	9	59.608910	1	63.000000	57.182342	1	0.866709
458	10	59.608910	1	63.000000	57.645452	1	1.036784
459	11	59.608910	1	63.000000	56.395224	1	0.672537
460	12	59.608910	2	63.000000	65.802727	2	0.819718
461	13	59.608910	2	63.000000	67.691249	2	1.196022
462	14	59.608910	2	63.000000	68.544816	2	0.681774
463	15	59.608910	2	63.000000	68.374164	1	0.763099
464	16	59.608910	1	63.000000	57.078021	2	1.345507
465	17	59.608910	1	63.000000	57.974017	1	1.163907
466	18	59.608910	2	63.000000	63.160462	2	1.028465
467	19	59.608910	1	63.000000	58.141973	2	0.969722
468	20	59.608910	2	63.000000	65.431715	2	0.474899
469	21	59.608910	2	63.000000	62.189961	1	0.924104
470	22	59.608910	1	63.000000	57.728143	2	1.061627
471	23	59.608910	2	63.000000	66.866596	1	0.744849
472	24	59.608910	1	63.000000	56.364312	2	1.021066
473	25	59.608910	2	63.000000	67.489270	1	1.078330
474	26	59.608910	2	63.000000	65.486238	2	1.281492
475	27	59.608910	1	63.000000	56.178588	1	0.699388
476	28	59.608910	2	63.000000	67.789962	2	0.289166
477	29	59.608910	2	63.000000	68.532490	1	1.050820
478	30	59.608910	1	63.000000	56.674114	4	40.086821
