1	1	23.959800	1	18.234789	21.000000	2	0.518757
2	2	23.959800	2	27.326590	21.000000	1	0.385127
3	3	23.959800	1	22.258020	21.000000	2	0.304928
4	4	23.959800	2	26.382822	21.000000	1	0.588025
5	5	23.959800	1	15.325195	21.000000	1	0.531659
6	6	23.959800	2	26.177365	21.000000	2	0.734290
7	7	23.959800	1	18.064759	21.000000	2	0.839403
8	8	23.959800	1	18.875052	21.000000	2	0.565180
9	9	23.959800	2	26.743199	21.000000	2	0.750073
10	10	23.959800	1	18.923902	21.000000	1	0.542984
11	11	23.959800	2	26.740927	21.000000	2	0.720387
12	12	23.959800	2	26.108237	21.000000	2	0.714790
13	13	23.959800	2	27.955885	21.000000	2	0.677689
14	14	23.959800	2	25.806503	21.000000	2	0.658101
15	15	23.959800	1	22.444367	21.000000	2	0.646696
16	16	23.959800	2	25.908851	21.000000	2	0.668461
17	17	23.959800	1	18.923439	21.000000	1	0.480793
18	18	23.959800	2	25.734248	21.000000	2	0.629238
19	19	23.959800	1	18.050095	21.000000	2	0.955499
20	20	23.959800	1	18.772651	21.000000	2	0.868233
21	21	23.959800	2	26.483261	21.000000	2	0.792160
22	22	23.959800	1	21.687520	21.000000	2	1.239781
23	23	23.959800	2	26.753438	21.000000	2	0.756766
24	24	23.959800	2	26.315583	21.000000	2	0.685546
25	25	23.959800	1	14.490004	21.000000	1	0.689341
26	26	23.959800	1	14.490623	21.000000	1	0.684849
27	27	23.959800	1	16.055339	21.000000	1	0.640480
28	28	23.959800	1	22.041063	21.000000	2	0.726028
29	29	23.959800	1	19.657194	21.000000	2	1.097624
30	30	23.959800	2	27.846267	21.000000	2	1.035523
31	31	23.959800	1	18.150174	21.000000	2	1.280773
32	32	23.959800	1	14.055722	21.000000	1	0.597666
33	33	23.959800	1	17.193719	21.000000	1	0.692230
34	34	23.959800	2	27.675317	21.000000	2	0.631852
35	35	23.959800	1	16.896248	21.000000	1	0.726071
36	36	23.959800	2	26.283603	21.000000	2	0.656393
37	37	23.959800	1	16.916315	21.000000	1	0.621228
38	38	23.959800	2	26.897262	21.000000	2	0.491497
39	39	23.959800	2	26.663136	21.000000	2	0.591276
40	40	23.959800	1	17.062864	21.000000	1	0.822872
41	41	23.959800	2	25.373745	21.000000	2	0.596391
42	42	23.959800	2	27.448605	21.000000	2	0.483896
43	43	23.959800	1	16.652661	21.000000	1	0.615857
44	1	9.408070	1	4.108479	7.000000	1	0.912536
45	2	9.408070	2	12.186483	7.000000	1	1.019367
46	3	9.408070	1	2.204485	7.000000	2	0.905349
47	4	9.408070	2	13.100942	7.000000	2	0.851875
48	5	9.408070	1	3.285337	7.000000	2	0.760738
49	6	9.408070	2	13.993417	7.000000	2	0.513747
50	7	9.408070	2	13.699734	7.000000	1	0.756752
51	8	9.408070	1	1.452435	7.000000	1	0.813453
52	9	9.408070	1	5.255369	7.000000	1	0.724386
53	10	9.408070	2	12.638066	7.000000	1	1.302602
54	11	9.408070	1	6.034623	7.000000	2	0.969067
55	12	9.408070	2	11.957533	7.000000	1	1.233248
56	13	9.408070	1	2.434263	7.000000	1	0.790188
57	14	9.408070	2	11.700486	7.000000	2	0.869683
58	15	9.408070	2	12.594740	7.000000	2	0.801754
59	16	9.408070	2	11.057357	7.000000	1	1.072554
60	17	9.408070	1	7.458146	7.000000	2	0.868311
61	18	9.408070	2	12.714412	7.000000	2	0.640667
62	19	9.408070	1	4.460837	7.000000	1	0.646052
63	20	9.408070	1	1.968069	7.000000	1	0.683891
64	21	9.408070	2	12.476399	7.000000	2	0.575446
65	22	9.408070	1	1.191221	7.000000	1	0.815739
66	23	9.408070	2	11.095130	7.000000	2	0.573921
67	24	9.408070	2	11.584655	7.000000	2	0.862281
68	25	9.408070	1	5.771218	7.000000	1	0.842823
69	26	9.408070	1	1.218701	7.000000	1	0.944329
70	27	9.408070	2	13.625945	7.000000	2	0.609774
71	28	9.408070	1	7.417180	7.000000	2	0.488860
72	29	9.408070	1	6.188760	7.000000	1	0.580501
73	30	9.408070	2	12.479242	7.000000	2	0.564774
74	1	65.545011	2	69.173503	63.000000	2	0.657923
75	2	65.545011	2	68.697016	63.000000	2	0.630872
76	3	65.545011	1	56.911661	63.000000	2	0.565312
77	4	65.545011	1	64.038423	63.000000	1	1.077585
78	5	65.545011	1	59.864566	63.000000	1	0.953689
79	6	65.545011	2	68.267730	63.000000	2	0.530343
80	7	65.545011	2	67.868866	63.000000	2	0.676659
81	8	65.545011	2	69.167982	63.000000	2	0.688943
82	9	65.545011	2	69.101406	63.000000	2	0.492458
83	10	65.545011	2	68.752877	63.000000	2	0.792231
84	11	65.545011	2	67.767162	63.000000	2	0.967650
85	12	65.545011	1	56.558098	63.000000	1	0.615693
86	13	65.545011	2	69.874781	63.000000	2	0.685874
87	14	65.545011	1	57.986455	63.000000	1	0.577331
88	1	91.960847	1	85.521874	91.000000	2	0.571605
89	2	91.960847	2	94.225074	91.000000	2	0.843953
90	3	91.960847	1	88.378403	91.000000	2	0.769543
91	4	91.960847	2	94.911260	91.000000	2	0.656176
92	5	91.960847	2	93.573334	91.000000	2	0.694618
93	6	91.960847	1	84.680315	91.000000	1	0.819893
94	7	91.960847	1	86.608128	91.000000	1	0.888226
95	8	91.960847	2	96.704153	91.000000	2	0.475556
96	9	91.960847	2	96.896927	91.000000	2	0.432098
97	10	91.960847	1	84.286155	91.000000	1	0.605827
98	11	91.960847	2	96.665559	91.000000	2	0.517029
99	12	91.960847	1	86.346889	91.000000	1	0.783268
100	13	91.960847	1	84.348572	91.000000	1	0.726632
101	14	91.960847	2	96.231198	91.000000	2	0.864894
102	15	91.960847	1	88.275031	91.000000	1	0.917494
103	1	34.472691	1	32.866775	35.000000	1	0.733599
104	2	34.472691	1	30.408464	35.000000	1	0.767009
105	3	34.472691	2	37.209685	35.000000	2	0.575318
106	4	34.472691	1	32.213962	35.000000	2	0.799566
107	5	34.472691	1	30.976462	35.000000	1	0.518367
108	6	34.472691	2	38.454578	35.000000	2	0.576701
109	7	34.472691	2	38.662199	35.000000	2	0.809050
110	8	34.472691	1	28.865118	35.000000	1	0.575946
111	9	34.472691	1	32.937652	35.000000	1	0.441912
112	10	34.472691	2	41.977554	35.000000	2	0.551600
113	11	34.472691	2	40.229681	35.000000	1	0.518969
114	12	34.472691	1	28.486097	35.000000	1	0.625336
115	13	34.472691	2	37.001366	35.000000	2	0.535735
116	14	34.472691	1	28.936145	35.000000	1	0.394544
117	15	34.472691	2	41.810651	35.000000	2	0.849278
118	16	34.472691	2	40.809666	35.000000	2	0.781950
119	17	34.472691	1	30.363303	35.000000	1	0.526278
120	18	34.472691	2	38.395468	35.000000	2	0.784403
121	1	75.872975	1	71.813851	77.000000	2	0.541193
122	2	75.872975	2	80.936441	77.000000	2	0.606789
123	3	75.872975	2	83.319659	77.000000	2	0.533797
124	4	75.872975	1	72.964461	77.000000	1	0.655383
125	5	75.872975	1	73.720850	77.000000	1	0.814124
126	6	75.872975	1	72.921854	77.000000	1	0.747302
127	7	75.872975	1	72.360191	77.000000	1	0.796741
128	8	75.872975	1	73.055134	77.000000	1	1.284286
129	9	75.872975	1	70.074201	77.000000	1	0.687381
130	10	75.872975	2	79.464968	77.000000	2	0.474724
131	11	75.872975	2	79.705807	77.000000	2	0.415258
132	12	75.872975	2	83.712109	77.000000	2	0.495537
133	13	75.872975	1	70.689517	77.000000	1	0.507190
134	14	75.872975	2	78.167294	77.000000	2	0.484474
135	1	49.315601	1	47.263030	49.000000	1	0.742084
136	2	49.315601	1	42.254482	49.000000	1	1.479545
137	3	49.315601	2	51.829557	49.000000	2	0.626369
138	4	49.315601	1	47.869178	49.000000	2	0.665646
139	5	49.315601	2	54.923600	49.000000	2	0.973825
140	6	49.315601	2	52.979483	49.000000	2	1.085735
141	7	49.315601	1	45.857878	49.000000	1	0.625029
142	8	49.315601	1	46.691706	49.000000	2	0.903368
143	9	49.315601	2	54.974751	49.000000	2	0.938075
144	10	49.315601	2	55.028165	49.000000	2	0.907456
145	11	49.315601	2	52.668128	49.000000	2	1.110209
146	12	49.315601	2	54.909346	49.000000	2	0.504925
147	13	49.315601	1	46.906007	49.000000	1	0.611841
148	14	49.315601	1	46.450128	49.000000	1	0.626832
149	15	49.315601	2	54.832367	49.000000	2	0.449147
150	16	49.315601	1	46.980785	49.000000	1	0.566325
151	17	49.315601	1	45.466774	49.000000	1	0.734611
152	18	49.315601	2	54.667839	49.000000	2	0.551947
153	1	20.018351	1	21.000000	16.916687	2	0.909462
154	2	20.018351	1	21.000000	14.316943	2	0.832522
155	3	20.018351	1	21.000000	15.753133	2	1.117829
156	4	20.018351	2	21.000000	22.001394	2	0.879539
157	5	20.018351	1	21.000000	17.669928	2	0.827854
158	6	20.018351	2	21.000000	23.117604	1	0.913968
159	7	20.018351	2	21.000000	23.742981	2	1.356689
160	8	20.018351	2	21.000000	25.290551	1	0.636995
161	9	20.018351	1	21.000000	17.205548	2	1.210767
162	10	20.018351	1	21.000000	14.664434	2	0.969033
163	11	20.018351	1	21.000000	18.474560	1	1.673190
164	12	20.018351	2	21.000000	24.190428	2	0.692651
165	13	20.018351	1	21.000000	17.779836	1	1.648364
166	14	20.018351	2	21.000000	23.465531	2	1.637156
167	15	20.018351	2	21.000000	22.197384	2	1.714081
168	16	20.018351	1	21.000000	17.372855	2	1.012006
169	17	20.018351	2	21.000000	25.346376	2	0.978646
170	18	20.018351	1	21.000000	15.334105	1	0.658629
171	19	20.018351	1	21.000000	17.351659	2	0.559658
172	20	20.018351	2	21.000000	22.800341	2	0.680751
173	21	20.018351	2	21.000000	23.995147	2	0.908857
174	22	20.018351	1	21.000000	14.400787	2	1.231622
175	23	20.018351	1	21.000000	14.956198	2	0.973531
176	24	20.018351	1	21.000000	14.372133	1	0.773499
177	25	20.018351	1	21.000000	16.875493	1	1.061571
178	26	20.018351	2	21.000000	24.656396	2	0.954428
179	27	20.018351	2	21.000000	26.131517	2	1.083001
180	28	20.018351	1	21.000000	17.660778	2	1.102312
181	29	20.018351	1	21.000000	14.579389	2	0.912743
182	30	20.018351	1	21.000000	17.487796	2	0.795374
183	31	20.018351	1	21.000000	14.485208	2	0.474679
184	32	20.018351	2	21.000000	23.338307	2	0.959571
185	33	20.018351	2	21.000000	24.962536	2	0.560261
186	34	20.018351	1	21.000000	18.488048	1	0.617239
187	35	20.018351	2	21.000000	27.292369	2	1.519452
188	36	20.018351	1	21.000000	16.581636	1	1.585178
189	37	20.018351	2	21.000000	26.264643	1	1.336042
190	38	20.018351	1	21.000000	16.682175	2	1.137169
191	39	20.018351	1	21.000000	16.741751	1	1.130200
192	40	20.018351	1	21.000000	15.787888	2	0.564199
193	41	20.018351	2	21.000000	26.837265	1	1.573266
194	42	20.018351	2	21.000000	25.514291	2	0.724696
195	43	20.018351	1	21.000000	14.366072	1	1.032562
196	44	20.018351	1	21.000000	17.919084	2	1.317006
197	45	20.018351	1	21.000000	14.729824	2	0.862708
198	46	20.018351	2	21.000000	24.020449	2	1.027257
199	47	20.018351	1	21.000000	18.288001	1	1.089566
200	48	20.018351	1	21.000000	16.946490	2	1.700515
201	49	20.018351	2	21.000000	27.154073	4	8.478894
202	50	20.018351	2	21.000000	24.600692	1	1.402173
203	51	20.018351	2	21.000000	22.489266	2	1.536642
204	52	20.018351	2	21.000000	26.950082	2	0.729537
205	53	20.018351	1	21.000000	14.343908	1	0.731686
206	54	20.018351	1	21.000000	14.169892	2	0.909861
207	55	20.018351	2	21.000000	25.720256	2	1.160639
208	56	20.018351	2	21.000000	23.954328	2	0.969432
209	57	20.018351	1	21.000000	15.316923	1	0.746858
210	58	20.018351	1	21.000000	15.313524	1	0.970738
211	59	20.018351	1	21.000000	16.305267	2	1.074681
212	60	20.018351	1	21.000000	16.422558	2	1.510617
213	61	20.018351	1	21.000000	17.614917	1	0.841062
214	62	20.018351	1	21.000000	15.364759	1	1.158439
215	63	20.018351	1	21.000000	16.295086	2	1.223032
216	64	20.018351	1	21.000000	14.863827	1	0.828889
217	65	20.018351	2	21.000000	21.547652	2	0.914842
218	66	20.018351	1	21.000000	18.107302	1	0.893741
219	67	20.018351	2	21.000000	23.700863	2	0.825191
220	68	20.018351	2	21.000000	26.691490	2	0.815203
221	69	20.018351	2	21.000000	25.910022	2	0.686117
222	70	20.018351	1	21.000000	16.459029	1	0.617524
223	71	20.018351	1	21.000000	14.268747	1	1.120017
224	72	20.018351	2	21.000000	25.462904	2	0.785780
225	73	20.018351	2	21.000000	26.639483	2	0.801237
226	74	20.018351	2	21.000000	26.628406	2	0.640080
227	1	33.015182	2	35.000000	40.631401	2	0.882884
228	2	33.015182	1	35.000000	29.651318	2	0.702258
229	3	33.015182	2	35.000000	37.398053	1	1.121084
230	4	33.015182	1	35.000000	30.564417	1	0.539031
231	5	33.015182	2	35.000000	36.475452	2	0.588780
232	6	33.015182	1	35.000000	29.267075	1	0.700384
233	7	33.015182	1	35.000000	31.190980	2	0.607154
234	8	33.015182	1	35.000000	31.333610	1	1.118127
235	9	33.015182	1	35.000000	30.034985	1	0.808049
236	10	33.015182	2	35.000000	37.424170	2	0.678876
237	11	33.015182	2	35.000000	41.404488	2	0.843148
238	12	33.015182	2	35.000000	39.973669	2	0.672607
239	13	33.015182	1	35.000000	30.242077	1	0.748937
240	14	33.015182	2	35.000000	39.602160	2	0.821681
241	15	33.015182	1	35.000000	30.903892	2	0.891816
242	16	33.015182	2	35.000000	37.995400	2	0.879335
243	17	33.015182	2	35.000000	38.471475	2	0.899478
244	18	33.015182	1	35.000000	30.798721	1	1.141971
245	19	33.015182	1	35.000000	29.174090	1	0.903284
246	20	33.015182	2	35.000000	39.092527	2	0.857960
247	21	33.015182	1	35.000000	28.579436	1	0.742850
248	1	62.029114	2	63.000000	64.954017	2	0.712952
249	2	62.029114	1	63.000000	59.218008	2	0.883805
250	3	62.029114	2	63.000000	69.657752	2	0.791350
251	4	62.029114	1	63.000000	57.505935	1	0.584514
252	5	62.029114	2	63.000000	66.535862	2	1.198455
253	6	62.029114	2	63.000000	67.148807	2	0.845623
254	7	62.029114	1	63.000000	56.560530	2	0.635012
255	8	62.029114	1	63.000000	56.177959	2	0.720722
256	9	62.029114	2	63.000000	66.174099	2	0.786967
257	10	62.029114	2	63.000000	65.132110	2	0.914423
258	11	62.029114	1	63.000000	58.577135	1	0.621099
259	12	62.029114	1	63.000000	59.909689	1	0.747498
260	13	62.029114	1	63.000000	59.614513	1	0.756874
261	14	62.029114	2	63.000000	64.761399	1	0.629815
262	15	62.029114	1	63.000000	59.401054	2	1.668102
263	16	62.029114	2	63.000000	65.488838	1	0.847596
264	17	62.029114	2	63.000000	64.806678	1	1.453003
265	18	62.029114	1	63.000000	60.001092	2	0.913380
266	19	62.029114	2	63.000000	65.042548	2	1.221704
267	20	62.029114	1	63.000000	56.270732	1	0.873949
268	21	62.029114	1	63.000000	57.006050	1	1.181879
269	22	62.029114	2	63.000000	64.686921	1	1.869829
270	23	62.029114	2	63.000000	68.094314	2	1.073150
271	24	62.029114	2	63.000000	68.284025	2	0.805188
272	25	62.029114	2	63.000000	68.691330	1	0.972013
273	26	62.029114	1	63.000000	56.699242	1	0.875974
274	27	62.029114	1	63.000000	56.271722	1	0.743984
275	28	62.029114	1	63.000000	57.838570	1	0.705627
276	29	62.029114	1	63.000000	58.540445	1	0.820455
277	30	62.029114	2	63.000000	69.354012	2	1.050444
278	31	62.029114	1	63.000000	57.140634	2	0.647194
279	32	62.029114	2	63.000000	69.107509	2	0.620978
280	33	62.029114	1	63.000000	59.252981	1	0.651227
281	34	62.029114	1	63.000000	59.391501	1	0.703967
282	35	62.029114	2	63.000000	66.583612	2	0.858950
283	36	62.029114	1	63.000000	58.481864	2	0.919779
284	37	62.029114	2	63.000000	67.098196	2	1.017780
285	38	62.029114	2	63.000000	69.602806	1	0.751740
286	39	62.029114	1	63.000000	60.603868	2	0.600595
287	40	62.029114	1	63.000000	58.682773	2	1.023554
288	41	62.029114	1	63.000000	59.257183	1	0.733686
289	42	62.029114	1	63.000000	58.502162	1	0.823105
290	43	62.029114	1	63.000000	60.498931	2	0.557096
291	44	62.029114	2	63.000000	68.545537	2	0.606279
292	45	62.029114	1	63.000000	57.092397	2	0.637200
293	46	62.029114	2	63.000000	67.428183	2	0.618888
294	47	62.029114	1	63.000000	59.429257	1	0.488906
295	48	62.029114	2	63.000000	65.821190	1	0.764903
296	49	62.029114	1	63.000000	58.009436	2	0.837689
297	50	62.029114	1	63.000000	56.646994	2	0.835262
298	51	62.029114	1	63.000000	57.280078	2	0.696645
299	52	62.029114	2	63.000000	63.962921	2	0.508265
300	53	62.029114	2	63.000000	69.633842	2	0.583192
301	54	62.029114	2	63.000000	69.347372	2	0.702835
302	55	62.029114	2	63.000000	69.134040	2	0.681851
303	56	62.029114	2	63.000000	69.060745	2	0.574110
304	57	62.029114	1	63.000000	56.099050	1	0.718321
305	58	62.029114	2	63.000000	65.715058	1	0.624492
306	59	62.029114	1	63.000000	57.529954	1	0.774810
307	60	62.029114	1	63.000000	57.510594	1	0.734974
308	61	62.029114	2	63.000000	64.118171	2	1.056589
309	62	62.029114	2	63.000000	67.527044	2	0.677114
310	63	62.029114	1	63.000000	57.462155	2	0.769365
311	64	62.029114	2	63.000000	67.767541	2	0.737659
312	65	62.029114	2	63.000000	63.988478	2	0.803068
313	66	62.029114	2	63.000000	68.505858	2	0.721888
314	67	62.029114	2	63.000000	69.492035	2	0.756172
315	68	62.029114	1	63.000000	60.379803	1	0.893036
316	69	62.029114	2	63.000000	67.273221	2	0.992345
317	70	62.029114	2	63.000000	69.427477	2	0.743703
318	71	62.029114	1	63.000000	56.135032	1	0.873183
319	72	62.029114	1	63.000000	56.503634	1	0.949409
320	1	91.278924	2	91.000000	92.718067	2	0.835950
321	2	91.278924	1	91.000000	88.026761	1	0.273500
322	3	91.278924	1	91.000000	88.118417	1	0.838011
323	4	91.278924	2	91.000000	94.889962	1	0.627467
324	5	91.278924	2	91.000000	96.327860	1	0.929790
325	6	91.278924	1	91.000000	85.751418	1	0.723913
326	7	91.278924	1	91.000000	89.640281	2	1.134113
327	8	91.278924	1	91.000000	89.512804	1	0.511104
328	9	91.278924	2	91.000000	95.037676	2	0.850217
329	10	91.278924	2	91.000000	95.317077	1	0.711024
330	11	91.278924	1	91.000000	87.658913	1	0.746043
331	12	91.278924	1	91.000000	87.450282	2	0.699483
332	13	91.278924	1	91.000000	85.678890	1	0.910522
333	14	91.278924	1	91.000000	88.116191	1	1.122319
334	15	91.278924	2	91.000000	93.911149	1	0.907007
335	16	91.278924	2	91.000000	95.505399	2	0.893976
336	17	91.278924	2	91.000000	97.496978	2	0.593181
337	18	91.278924	2	91.000000	96.818221	1	0.984851
338	19	91.278924	2	91.000000	96.595432	2	1.384152
339	20	91.278924	1	91.000000	85.365320	1	0.815181
340	21	91.278924	2	91.000000	93.835586	1	0.830163
341	22	91.278924	1	91.000000	87.879805	2	2.620146
342	23	91.278924	2	91.000000	94.448414	2	0.720974
343	24	91.278924	2	91.000000	93.881987	2	1.051145
344	25	91.278924	2	91.000000	96.592082	2	0.759771
345	26	91.278924	2	91.000000	97.047765	2	0.880647
346	27	91.278924	2	91.000000	94.284919	2	0.692697
347	28	91.278924	1	91.000000	89.771424	2	0.504268
348	29	91.278924	1	91.000000	84.439953	1	0.523419
349	30	91.278924	2	91.000000	94.034373	2	0.901571
350	31	91.278924	2	91.000000	94.449667	2	0.560350
351	32	91.278924	2	91.000000	96.912397	2	0.705450
352	33	91.278924	2	91.000000	96.526717	2	0.772065
353	34	91.278924	1	91.000000	84.301406	2	0.932634
354	35	91.278924	1	91.000000	89.740724	1	0.949710
355	36	91.278924	2	91.000000	97.663948	2	0.518495
356	37	91.278924	2	91.000000	94.957211	1	0.976827
357	38	91.278924	2	91.000000	93.967243	1	0.552974
358	39	91.278924	1	91.000000	87.135040	1	1.010011
359	40	91.278924	1	91.000000	85.048324	1	1.176462
360	41	91.278924	2	91.000000	94.867275	2	0.608482
361	42	91.278924	1	91.000000	86.870243	1	0.687408
362	43	91.278924	2	91.000000	97.968493	2	0.666990
363	44	91.278924	1	91.000000	85.326805	1	0.519365
364	45	91.278924	2	91.000000	93.535672	1	0.657585
365	46	91.278924	1	91.000000	88.045555	1	0.646724
366	47	91.278924	2	91.000000	97.741179	1	0.899999
367	48	91.278924	2	91.000000	96.067549	2	0.662976
368	49	91.278924	2	91.000000	94.704643	1	1.083893
369	50	91.278924	1	91.000000	88.322048	2	1.359034
370	51	91.278924	1	91.000000	86.521458	2	0.825274
371	52	91.278924	1	91.000000	84.138287	1	1.367386
372	53	91.278924	1	91.000000	85.542758	2	0.726054
373	54	91.278924	2	91.000000	96.000473	2	0.640213
374	55	91.278924	1	91.000000	89.861204	1	0.757817
375	56	91.278924	2	91.000000	97.351783	2	1.318757
376	57	91.278924	1	91.000000	85.560879	1	0.616557
377	58	91.278924	2	91.000000	95.676943	2	0.622826
378	59	91.278924	2	91.000000	93.745862	1	1.124982
379	60	91.278924	2	91.000000	95.118410	2	0.918840
380	61	91.278924	1	91.000000	89.119553	1	0.784925
381	62	91.278924	2	91.000000	97.899288	1	0.880398
382	63	91.278924	1	91.000000	87.740102	1	0.654336
383	64	91.278924	1	91.000000	89.607531	1	0.651462
384	65	91.278924	2	91.000000	96.419698	1	0.486510
385	66	91.278924	2	91.000000	95.421231	2	0.570223
386	67	91.278924	2	91.000000	97.062453	2	0.674507
387	68	91.278924	1	91.000000	85.339853	1	0.686592
388	69	91.278924	2	91.000000	93.965587	1	0.698380
389	70	91.278924	1	91.000000	89.720539	2	0.973900
390	71	91.278924	1	91.000000	84.347225	1	1.461848
391	72	91.278924	2	91.000000	94.286969	1	0.898141
392	73	91.278924	1	91.000000	85.262170	1	0.501749
393	74	91.278924	2	91.000000	96.300008	2	0.562454
394	75	91.278924	2	91.000000	95.824546	1	0.769675
395	76	91.278924	1	91.000000	89.806312	1	0.617824
396	77	91.278924	1	91.000000	87.366806	1	0.776087
397	78	91.278924	1	91.000000	88.275568	2	0.768424
398	79	91.278924	1	91.000000	88.817429	1	0.648630
399	80	91.278924	1	91.000000	84.959646	1	0.590266
400	81	91.278924	2	91.000000	94.723414	1	0.637681
401	82	91.278924	2	91.000000	97.616247	1	1.027415
402	83	91.278924	2	91.000000	94.523248	2	0.665287
403	84	91.278924	2	91.000000	94.486315	2	0.733595
404	85	91.278924	2	91.000000	94.103804	2	0.887090
405	86	91.278924	2	91.000000	92.931425	1	0.674470
406	87	91.278924	2	91.000000	96.104141	2	1.342793
407	88	91.278924	2	91.000000	93.381479	2	0.616040
408	89	91.278924	1	91.000000	86.663851	2	0.758219
409	90	91.278924	1	91.000000	88.359306	1	0.622847
410	91	91.278924	2	91.000000	97.237368	1	0.309251
411	92	91.278924	2	91.000000	94.743892	2	0.688554
412	93	91.278924	1	91.000000	87.418377	1	0.652147
413	94	91.278924	2	91.000000	95.712582	2	0.680875
414	95	91.278924	1	91.000000	87.397505	2	0.581283
415	96	91.278924	2	91.000000	93.545203	2	0.621614
416	97	91.278924	1	91.000000	88.286429	1	0.716051
417	98	91.278924	2	91.000000	93.064806	2	0.614232
418	99	91.278924	1	91.000000	85.363395	1	0.668983
419	100	91.278924	1	91.000000	84.886978	2	0.713150
420	101	91.278924	2	91.000000	96.255108	2	0.508226
421	102	91.278924	2	91.000000	93.435602	2	0.679162
422	103	91.278924	1	91.000000	86.644045	1	0.547596
423	104	91.278924	2	91.000000	95.042461	3	0.725191
424	105	91.278924	2	91.000000	95.051335	2	1.052256
425	106	91.278924	1	91.000000	87.054082	1	1.241088
426	107	91.278924	1	91.000000	89.562924	2	0.734354
427	108	91.278924	1	91.000000	84.576233	2	0.015697
428	109	91.278924	2	91.000000	95.750282	2	0.422265
429	110	91.278924	2	91.000000	94.086168	2	0.844947
430	111	91.278924	2	91.000000	95.670477	2	0.586412
431	112	91.278924	1	91.000000	84.522162	1	0.682007
432	113	91.278924	1	91.000000	84.774016	2	0.670206
433	114	91.278924	2	91.000000	97.854140	2	0.178459
434	115	91.278924	1	91.000000	84.369029	2	0.219163
435	116	91.278924	2	91.000000	96.870377	1	0.257706
436	117	91.278924	2	91.000000	97.971279	2	1.286977
437	118	91.278924	1	91.000000	86.111291	1	1.786246
438	119	91.278924	2	91.000000	96.155294	2	1.600845
439	120	91.278924	1	91.000000	86.895830	1	0.767037
440	121	91.278924	1	91.000000	84.733873	1	0.791131
441	122	91.278924	2	91.000000	93.623591	2	0.806781
442	123	91.278924	1	91.000000	87.729901	2	0.493486
443	124	91.278924	1	91.000000	85.685220	1	0.410933
444	125	91.278924	1	91.000000	84.523746	1	0.568140
445	126	91.278924	1	91.000000	88.120952	1	0.320568
446	127	91.278924	2	91.000000	97.839747	2	0.619192
447	128	91.278924	1	91.000000	85.554315	1	0.545379
448	129	91.278924	1	91.000000	86.514995	2	0.563213
449	130	91.278924	1	91.000000	86.514375	1	0.620331
450	131	91.278924	2	91.000000	96.931467	2	0.514411
451	132	91.278924	2	91.000000	97.073445	2	0.670681
452	133	91.278924	1	91.000000	87.159782	1	0.537757
453	134	91.278924	2	91.000000	92.720383	1	0.699538
454	135	91.278924	1	91.000000	87.688017	1	0.630276
455	136	91.278924	1	91.000000	84.105479	2	0.564575
456	137	91.278924	1	91.000000	86.767482	1	0.605624
457	138	91.278924	1	91.000000	86.958646	1	0.580627
458	139	91.278924	2	91.000000	96.997427	2	0.556854
459	140	91.278924	2	91.000000	93.058829	2	0.549898
460	141	91.278924	2	91.000000	95.229971	1	0.302909
461	142	91.278924	2	91.000000	93.956396	1	0.250116
462	143	91.278924	1	91.000000	87.071253	1	0.575257
463	144	91.278924	2	91.000000	93.144843	2	0.999679
464	145	91.278924	2	91.000000	92.923631	2	0.614415
465	146	91.278924	2	91.000000	96.182894	2	0.533440
466	147	91.278924	2	91.000000	93.347754	2	0.462962
467	148	91.278924	1	91.000000	86.425773	1	0.685706
468	149	91.278924	1	91.000000	85.567141	2	0.615675
469	150	91.278924	1	91.000000	87.875398	3	0.534018
470	151	91.278924	1	91.000000	89.390929	2	1.652652
471	152	91.278924	1	91.000000	89.416203	1	0.706263
472	153	91.278924	1	91.000000	85.404439	2	0.771820
473	154	91.278924	2	91.000000	97.603512	2	1.323778
474	155	91.278924	2	91.000000	94.550966	2	0.589693
475	156	91.278924	2	91.000000	96.845339	2	0.597212
476	157	91.278924	1	91.000000	84.006313	1	1.182732
477	158	91.278924	2	91.000000	94.209083	2	0.444738
478	159	91.278924	2	91.000000	94.393081	1	0.442614
479	160	91.278924	2	91.000000	96.037033	2	0.488331
480	161	91.278924	1	91.000000	84.151450	1	0.741772
481	162	91.278924	1	91.000000	85.319950	1	0.925599
482	163	91.278924	2	91.000000	93.993212	2	0.623607
483	164	91.278924	1	91.000000	87.587431	1	0.637846
484	165	91.278924	2	91.000000	96.247882	2	0.603685
485	166	91.278924	1	91.000000	86.679174	1	0.530510
486	167	91.278924	2	91.000000	96.141654	1	0.260886
487	168	91.278924	2	91.000000	96.789718	1	0.490235
488	169	91.278924	2	91.000000	94.620386	2	0.597900
489	170	91.278924	2	91.000000	95.005631	2	0.605507
490	171	91.278924	2	91.000000	94.726550	2	0.748482
491	172	91.278924	2	91.000000	93.902398	2	0.527839
492	173	91.278924	2	91.000000	94.939487	2	0.536452
493	174	91.278924	2	91.000000	97.687856	2	0.482071
494	175	91.278924	1	91.000000	84.550781	1	0.589736
495	176	91.278924	2	91.000000	94.881220	2	0.669452
496	177	91.278924	1	91.000000	84.881057	1	0.537598
497	178	91.278924	2	91.000000	96.890078	2	0.531359
498	179	91.278924	2	91.000000	96.850752	2	0.629633
499	180	91.278924	1	91.000000	84.430054	1	0.612141
500	181	91.278924	1	91.000000	85.419223	2	0.498999
501	1	8.488604	2	7.000000	10.306092	1	1.301213
502	2	8.488604	2	7.000000	10.513938	1	0.343635
503	3	8.488604	1	7.000000	0.094196	1	0.281608
504	4	8.488604	1	7.000000	6.375458	2	0.422099
505	5	8.488604	1	7.000000	3.398306	1	0.804358
506	6	8.488604	1	7.000000	2.891948	1	0.667336
