1	1	10.265004	1	2.926490	7.000000	2	1.858036
2	2	10.265004	1	7.383961	7.000000	1	0.925615
3	3	10.265004	1	8.506086	7.000000	1	1.079469
4	4	10.265004	2	13.064132	7.000000	1	1.123092
5	5	10.265004	1	0.340193	7.000000	2	1.092502
6	6	10.265004	2	12.943827	7.000000	1	1.871738
7	7	10.265004	1	0.054584	7.000000	1	0.546879
8	8	10.265004	1	7.459776	7.000000	2	1.068302
9	9	10.265004	1	4.438516	7.000000	1	1.047877
10	10	10.265004	1	1.936243	7.000000	1	0.772733
11	11	10.265004	2	12.954998	7.000000	2	1.124750
12	12	10.265004	1	2.078540	7.000000	1	1.046323
13	13	10.265004	1	1.463647	7.000000	1	2.203450
14	14	10.265004	1	6.345725	7.000000	2	1.208855
15	15	10.265004	2	12.372215	7.000000	1	2.199008
16	16	10.265004	1	1.889444	7.000000	1	1.396885
17	17	10.265004	1	8.862494	7.000000	1	1.971834
18	18	10.265004	1	1.773583	7.000000	1	0.882637
19	19	10.265004	2	13.621523	7.000000	2	0.813780
20	20	10.265004	1	3.582336	7.000000	1	2.380508
21	21	10.265004	1	1.137541	7.000000	1	1.995003
22	22	10.265004	1	1.492054	7.000000	1	1.441372
23	23	10.265004	1	0.468859	7.000000	1	0.726297
24	24	10.265004	1	2.825641	7.000000	1	0.728014
25	25	10.265004	1	4.698460	7.000000	1	1.289919
26	26	10.265004	2	12.001698	7.000000	1	4.076797
27	27	10.265004	2	13.957964	7.000000	2	0.902011
28	28	10.265004	1	0.937591	7.000000	2	0.712474
29	29	10.265004	1	6.891604	7.000000	1	0.779119
30	30	10.265004	2	12.834849	7.000000	2	2.474994
31	31	10.265004	1	5.626039	7.000000	1	1.429582
32	32	10.265004	2	13.987470	7.000000	2	1.778837
33	33	10.265004	1	7.317889	7.000000	1	1.705887
34	34	10.265004	2	11.816788	7.000000	2	2.619732
35	35	10.265004	1	4.595615	7.000000	1	1.320306
36	36	10.265004	2	13.410239	7.000000	2	1.233682
37	37	10.265004	1	4.079002	7.000000	1	1.134511
38	38	10.265004	2	12.976181	7.000000	2	0.895453
39	39	10.265004	1	7.049382	7.000000	1	1.122690
40	40	10.265004	2	12.268271	7.000000	2	1.596243
41	1	51.583865	2	53.521964	49.000000	2	3.464124
42	2	51.583865	2	53.928252	49.000000	2	1.162724
43	3	51.583865	2	54.287358	49.000000	2	2.619105
44	4	51.583865	1	46.937962	49.000000	2	1.311563
45	5	51.583865	1	43.132668	49.000000	1	0.481399
46	6	51.583865	2	54.961126	49.000000	2	1.045655
47	7	51.583865	1	46.659602	49.000000	1	1.066822
48	8	51.583865	1	50.012149	49.000000	2	3.942385
49	9	51.583865	2	54.200977	49.000000	2	1.053025
50	10	51.583865	1	43.792351	49.000000	1	0.697396
51	11	51.583865	2	54.613647	49.000000	2	0.540617
52	12	51.583865	1	48.809781	49.000000	1	0.678118
53	13	51.583865	2	54.432295	49.000000	2	1.298154
54	14	51.583865	2	55.262531	49.000000	2	2.189032
55	15	51.583865	1	44.324038	49.000000	1	0.563197
56	16	51.583865	1	46.486685	49.000000	1	0.891719
57	17	51.583865	1	49.323065	49.000000	1	0.792614
58	18	51.583865	1	48.070405	49.000000	1	0.846190
59	1	91.607667	2	96.518228	91.000000	2	2.294650
60	2	91.607667	2	95.125096	91.000000	2	0.864374
61	3	91.607667	2	95.736334	91.000000	2	0.725158
62	4	91.607667	2	96.123567	91.000000	2	0.727219
63	5	91.607667	1	88.799858	91.000000	1	2.081131
64	6	91.607667	1	86.424887	91.000000	2	1.283953
65	7	91.607667	2	96.556081	91.000000	2	0.462891
66	8	91.607667	1	90.142718	91.000000	1	1.027637
67	9	91.607667	2	94.392867	91.000000	2	1.113329
68	10	91.607667	1	85.558542	91.000000	1	0.779577
69	11	91.607667	2	94.678828	91.000000	2	3.819498
70	12	91.607667	1	86.787911	91.000000	1	0.678984
71	13	91.607667	1	84.928650	91.000000	1	0.658884
72	14	91.607667	1	84.658476	91.000000	2	4.991465
73	15	91.607667	2	93.904725	91.000000	2	0.995391
74	16	91.607667	1	85.364729	91.000000	1	1.050291
75	17	91.607667	2	96.194365	91.000000	2	0.494840
76	18	91.607667	2	96.374843	91.000000	2	0.426206
77	19	91.607667	2	96.837000	91.000000	2	0.896565
78	20	91.607667	1	86.262429	91.000000	1	0.459565
79	1	59.723842	2	66.438959	63.000000	2	2.513481
80	2	59.723842	1	57.082359	63.000000	1	0.794571
81	3	59.723842	2	66.774338	63.000000	1	0.881916
82	4	59.723842	2	64.716696	63.000000	2	2.181775
83	5	59.723842	1	56.971272	63.000000	1	0.660590
84	6	59.723842	2	61.534996	63.000000	1	1.241220
85	7	59.723842	2	63.458036	63.000000	2	0.765979
86	8	59.723842	1	56.321463	63.000000	1	0.725893
87	9	59.723842	1	58.128873	63.000000	2	1.017100
88	10	59.723842	2	67.787611	63.000000	2	1.142854
89	11	59.723842	2	67.877677	63.000000	1	0.927676
90	12	59.723842	2	67.522290	63.000000	2	0.809288
91	13	59.723842	1	56.406106	63.000000	1	0.600013
92	14	59.723842	1	56.259873	63.000000	1	0.566718
93	15	59.723842	2	63.075938	63.000000	1	2.062774
94	16	59.723842	2	63.628938	63.000000	2	0.762174
95	17	59.723842	1	57.584911	63.000000	2	0.875092
96	18	59.723842	1	56.756392	63.000000	1	0.534740
97	19	59.723842	2	68.678651	63.000000	2	0.976097
98	20	59.723842	2	64.496507	63.000000	2	0.759770
99	21	59.723842	1	58.200604	63.000000	1	0.488492
100	22	59.723842	1	57.386283	63.000000	1	0.835804
101	23	59.723842	1	58.277236	63.000000	1	0.624964
102	24	59.723842	1	56.668107	63.000000	1	0.663228
103	25	59.723842	2	67.829377	63.000000	2	0.419765
104	26	59.723842	2	64.177300	63.000000	2	1.665985
105	27	59.723842	2	62.497474	63.000000	2	1.061730
106	28	59.723842	1	57.235385	63.000000	1	1.202190
107	29	59.723842	1	58.115878	63.000000	2	1.064514
108	1	79.451270	2	82.931071	77.000000	2	1.592528
109	2	79.451270	1	73.993502	77.000000	1	1.550889
110	3	79.451270	1	77.754795	77.000000	2	0.527052
111	4	79.451270	2	81.818203	77.000000	2	0.561370
112	5	79.451270	2	82.797933	77.000000	2	0.809985
113	6	79.451270	2	83.530744	77.000000	2	0.656773
114	7	79.451270	2	82.638253	77.000000	2	0.724467
115	8	79.451270	2	81.235719	77.000000	2	0.646309
116	9	79.451270	2	83.716655	77.000000	2	0.755838
117	10	79.451270	1	74.426367	77.000000	1	0.876375
118	11	79.451270	1	70.580567	77.000000	1	0.712126
119	12	79.451270	1	75.944248	77.000000	2	1.522939
120	13	79.451270	2	83.805023	77.000000	2	0.396378
121	14	79.451270	1	76.909889	77.000000	1	0.539807
122	15	79.451270	2	83.745295	77.000000	2	0.645118
123	16	79.451270	2	81.781711	77.000000	2	0.586463
124	17	79.451270	2	82.098188	77.000000	2	0.738063
125	1	24.121561	1	17.734244	21.000000	1	3.297035
126	2	24.121561	2	27.756365	21.000000	2	0.850220
127	3	24.121561	2	27.597006	21.000000	2	0.670962
128	4	24.121561	1	22.126849	21.000000	2	0.786942
129	5	24.121561	2	26.929241	21.000000	2	2.153816
130	6	24.121561	1	21.711728	21.000000	2	1.801622
131	7	24.121561	1	15.104281	21.000000	1	0.775217
132	8	24.121561	1	21.494100	21.000000	2	1.063192
133	9	24.121561	1	14.400883	21.000000	2	1.075753
134	10	24.121561	2	25.944506	21.000000	2	1.241694
135	11	24.121561	2	26.882181	21.000000	1	0.980239
136	12	24.121561	2	27.551505	21.000000	2	0.883850
137	13	24.121561	1	16.612416	21.000000	1	1.110915
138	14	24.121561	2	27.712229	21.000000	2	0.833248
139	15	24.121561	2	27.275701	21.000000	1	0.662628
140	16	24.121561	1	19.057884	21.000000	1	1.331196
141	17	24.121561	2	27.027119	21.000000	2	1.364786
142	18	24.121561	1	20.203053	21.000000	1	0.884766
143	19	24.121561	2	25.945613	21.000000	2	1.087946
144	20	24.121561	1	16.626077	21.000000	2	1.266876
145	21	24.121561	1	22.017244	21.000000	1	1.406435
146	22	24.121561	2	26.320346	21.000000	2	0.828447
147	23	24.121561	2	27.013598	21.000000	2	1.250100
148	24	24.121561	2	25.935643	21.000000	1	2.222289
149	25	24.121561	2	26.624132	21.000000	2	0.603180
150	26	24.121561	2	27.112009	21.000000	2	1.457735
151	27	24.121561	2	27.548694	21.000000	2	1.037996
152	28	24.121561	1	17.049223	21.000000	1	0.909565
153	29	24.121561	1	21.124871	21.000000	1	1.189354
154	30	24.121561	1	16.013824	21.000000	1	0.884339
155	31	24.121561	1	16.208915	21.000000	1	1.159576
156	32	24.121561	1	18.446343	21.000000	1	1.759682
157	33	24.121561	2	25.623482	21.000000	2	2.015511
158	34	24.121561	1	14.895307	21.000000	2	1.228914
159	1	33.143993	1	30.006351	35.000000	2	0.808734
160	2	33.143993	2	41.236636	35.000000	2	0.487123
161	3	33.143993	2	41.902751	35.000000	2	0.658627
162	4	33.143993	2	39.125879	35.000000	1	0.711340
163	5	33.143993	2	40.851270	35.000000	2	1.138002
164	6	33.143993	2	38.049958	35.000000	1	1.194995
165	7	33.143993	2	35.822818	35.000000	2	1.113834
166	8	33.143993	2	39.652969	35.000000	2	1.012143
167	9	33.143993	2	37.387078	35.000000	2	0.834493
168	10	33.143993	1	29.761245	35.000000	1	0.503759
169	11	33.143993	2	39.642354	35.000000	2	2.930532
170	12	33.143993	1	29.982324	35.000000	1	1.978676
171	13	33.143993	2	40.137487	35.000000	2	0.609938
172	14	33.143993	1	30.728859	35.000000	1	0.464315
173	15	33.143993	1	28.760012	35.000000	1	0.644989
174	16	33.143993	2	38.841588	35.000000	2	1.082529
175	17	33.143993	1	30.065697	35.000000	1	0.566138
176	18	33.143993	2	34.720063	35.000000	1	0.958128
177	1	87.657285	2	91.000000	96.547125	2	1.411157
178	2	87.657285	1	91.000000	85.495724	1	1.001268
179	3	87.657285	1	91.000000	85.394864	1	1.263408
180	4	87.657285	1	91.000000	84.400519	2	0.803815
181	5	87.657285	2	91.000000	94.956126	2	0.554412
182	6	87.657285	2	91.000000	92.537144	2	1.883103
183	7	87.657285	1	91.000000	86.028041	1	1.621369
184	8	87.657285	2	91.000000	90.334144	1	1.202556
185	9	87.657285	2	91.000000	94.357774	2	2.848909
186	10	87.657285	2	91.000000	89.174257	2	1.973168
187	11	87.657285	1	91.000000	86.134658	1	1.451559
188	12	87.657285	1	91.000000	85.337714	1	0.735304
189	13	87.657285	1	91.000000	85.914328	1	1.120711
190	14	87.657285	2	91.000000	94.110852	2	2.066345
191	15	87.657285	2	91.000000	90.057901	1	2.189854
192	16	87.657285	1	91.000000	85.527583	1	0.659791
193	17	87.657285	1	91.000000	84.520172	1	1.104675
194	18	87.657285	2	91.000000	97.879397	2	1.730822
195	19	87.657285	1	91.000000	84.655613	1	0.971960
196	20	87.657285	1	91.000000	84.493685	1	1.171539
197	21	87.657285	2	91.000000	96.331888	2	1.507305
198	22	87.657285	2	91.000000	92.336527	2	1.917346
199	1	75.255645	2	77.000000	77.023508	2	2.329529
200	2	75.255645	1	77.000000	70.219669	2	0.874149
201	3	75.255645	2	77.000000	79.541086	2	0.526066
202	4	75.255645	2	77.000000	80.213905	2	0.552025
203	5	75.255645	1	77.000000	73.317017	1	1.010101
204	6	75.255645	1	77.000000	71.144640	2	1.135171
205	7	75.255645	1	77.000000	70.829218	1	0.840088
206	8	75.255645	2	77.000000	83.737807	2	1.077387
207	9	75.255645	2	77.000000	83.066298	2	0.952877
208	10	75.255645	2	77.000000	82.006056	2	2.217639
209	11	75.255645	2	77.000000	78.479607	2	0.774380
210	12	75.255645	1	77.000000	70.385197	1	0.693997
211	13	75.255645	1	77.000000	72.555464	2	0.745457
212	14	75.255645	1	77.000000	73.708454	2	0.666633
213	15	75.255645	1	77.000000	72.487478	2	0.742735
214	16	75.255645	1	77.000000	70.730292	2	0.567875
215	17	75.255645	1	77.000000	72.520207	2	0.799841
216	18	75.255645	1	77.000000	71.348194	1	0.734617
217	19	75.255645	2	77.000000	80.115364	2	0.463765
218	20	75.255645	1	77.000000	71.842825	1	2.124645
219	21	75.255645	2	77.000000	83.442185	2	0.949511
220	22	75.255645	1	77.000000	70.070006	1	0.909819
221	23	75.255645	1	77.000000	73.219319	2	0.809915
222	24	75.255645	1	77.000000	70.579334	2	2.494812
223	25	75.255645	2	77.000000	78.040862	2	0.792779
224	26	75.255645	1	77.000000	71.491089	1	1.871899
225	27	75.255645	1	77.000000	71.693337	2	0.930977
226	28	75.255645	1	77.000000	73.063470	2	0.996846
227	29	75.255645	1	77.000000	71.200886	1	1.059838
228	30	75.255645	1	77.000000	71.203492	2	0.640159
229	31	75.255645	2	77.000000	77.679132	2	1.461513
230	32	75.255645	2	77.000000	80.160217	2	0.625540
231	33	75.255645	2	77.000000	77.738870	2	1.543623
232	34	75.255645	1	77.000000	72.256401	1	0.896161
233	35	75.255645	2	77.000000	81.952174	2	0.483464
234	36	75.255645	2	77.000000	82.132248	1	0.902890
235	37	75.255645	2	77.000000	79.310924	1	0.801216
236	38	75.255645	2	77.000000	76.777460	1	0.591989
237	39	75.255645	1	77.000000	70.685035	2	0.191240
238	40	75.255645	1	77.000000	73.575690	2	0.566919
239	41	75.255645	2	77.000000	80.843580	2	1.031014
240	42	75.255645	1	77.000000	72.115018	1	1.412849
241	43	75.255645	2	77.000000	81.901157	2	1.642894
242	44	75.255645	1	77.000000	72.464882	1	0.887263
243	45	75.255645	1	77.000000	70.723061	1	1.682951
244	46	75.255645	1	77.000000	71.937527	1	0.524979
245	47	75.255645	1	77.000000	72.856234	1	0.967158
246	48	75.255645	1	77.000000	71.026699	1	0.886826
247	49	75.255645	2	77.000000	77.358753	3	1.233942
248	50	75.255645	2	77.000000	79.326279	2	0.851969
249	51	75.255645	1	77.000000	72.573968	1	0.656408
250	52	75.255645	2	77.000000	77.813617	1	0.917097
251	53	75.255645	1	77.000000	70.517411	1	0.711079
252	54	75.255645	2	77.000000	78.659974	2	2.521576
253	55	75.255645	2	77.000000	80.608871	1	1.226025
254	56	75.255645	2	77.000000	77.967819	1	1.415403
255	57	75.255645	2	77.000000	78.797923	1	1.869683
256	58	75.255645	2	77.000000	78.467931	2	0.704716
257	59	75.255645	1	77.000000	71.857180	2	0.595174
258	60	75.255645	2	77.000000	78.315708	1	0.666831
259	61	75.255645	2	77.000000	82.759485	2	0.654472
260	62	75.255645	1	77.000000	72.234063	1	1.051417
261	63	75.255645	1	77.000000	73.745062	2	1.399707
262	64	75.255645	2	77.000000	82.249095	2	0.565821
263	65	75.255645	1	77.000000	70.533493	1	0.733940
264	66	75.255645	1	77.000000	72.096117	1	0.927068
265	67	75.255645	1	77.000000	73.342119	1	0.904888
266	68	75.255645	1	77.000000	73.639717	1	1.323278
267	69	75.255645	1	77.000000	72.857404	1	0.540706
268	70	75.255645	2	77.000000	83.578786	2	0.942374
269	71	75.255645	1	77.000000	73.687832	1	0.631316
270	72	75.255645	2	77.000000	76.837047	1	2.861367
271	73	75.255645	2	77.000000	78.683542	1	1.432219
272	74	75.255645	2	77.000000	83.900259	2	0.445664
273	75	75.255645	1	77.000000	72.276360	1	0.803050
274	76	75.255645	1	77.000000	71.458824	1	0.841654
275	77	75.255645	1	77.000000	71.516172	1	0.726921
276	78	75.255645	2	77.000000	77.385357	2	0.688798
277	79	75.255645	2	77.000000	78.344078	1	0.916154
278	80	75.255645	2	77.000000	79.993178	2	1.805755
279	81	75.255645	1	77.000000	71.615816	1	0.979700
280	82	75.255645	2	77.000000	78.581988	2	0.867610
281	83	75.255645	1	77.000000	71.281643	1	0.823343
282	84	75.255645	1	77.000000	71.250189	1	0.653056
283	85	75.255645	1	77.000000	72.718299	1	1.721817
284	86	75.255645	1	77.000000	71.757935	1	0.914971
285	87	75.255645	1	77.000000	73.537667	1	0.765386
286	1	21.914152	2	21.000000	27.954284	2	2.509475
287	2	21.914152	1	21.000000	14.664508	1	0.630576
288	3	21.914152	2	21.000000	26.804054	2	0.476618
289	4	21.914152	2	21.000000	25.462987	2	0.424827
290	5	21.914152	1	21.000000	19.104777	1	0.622999
291	6	21.914152	2	21.000000	27.900632	2	0.493182
292	7	21.914152	1	21.000000	19.882521	1	0.728648
293	8	21.914152	2	21.000000	27.299387	2	0.450562
294	9	21.914152	2	21.000000	25.681473	2	0.735437
295	10	21.914152	1	21.000000	14.371011	1	0.928562
296	11	21.914152	1	21.000000	20.480281	1	0.682406
297	12	21.914152	2	21.000000	25.006517	2	0.878432
298	13	21.914152	2	21.000000	27.116577	2	0.762098
299	14	21.914152	1	21.000000	17.336860	1	0.706834
300	1	5.560430	1	7.000000	0.337625	2	2.598044
301	2	5.560430	2	7.000000	12.027169	2	1.059909
302	3	5.560430	2	7.000000	9.290626	1	1.784187
303	4	5.560430	1	7.000000	3.369083	1	0.614469
304	5	5.560430	2	7.000000	12.445880	1	1.181378
305	6	5.560430	2	7.000000	9.923717	2	0.380769
306	7	5.560430	2	7.000000	12.184250	2	0.493031
307	8	5.560430	1	7.000000	2.121075	1	0.792627
308	9	5.560430	1	7.000000	1.768794	1	0.519830
309	10	5.560430	1	7.000000	3.578077	2	0.593804
310	11	5.560430	2	7.000000	8.928938	2	0.865273
311	12	5.560430	2	7.000000	9.120270	1	0.805859
312	13	5.560430	1	7.000000	2.189151	1	0.596335
313	14	5.560430	1	7.000000	0.811854	1	0.531732
314	15	5.560430	1	7.000000	3.394415	1	1.853895
315	16	5.560430	1	7.000000	3.321367	2	1.001608
316	17	5.560430	1	7.000000	3.195651	2	0.744066
317	18	5.560430	1	7.000000	1.445428	1	0.625117
318	19	5.560430	2	7.000000	12.310435	2	0.439310
319	20	5.560430	2	7.000000	10.401927	1	0.564654
320	21	5.560430	1	7.000000	0.519713	1	1.269620
321	22	5.560430	2	7.000000	12.817681	2	0.920959
322	23	5.560430	2	7.000000	13.758818	2	1.018837
323	24	5.560430	1	7.000000	3.875296	1	0.416483
324	25	5.560430	1	7.000000	2.895071	2	1.262661
325	26	5.560430	1	7.000000	0.834183	1	0.578839
326	27	5.560430	1	7.000000	2.364919	1	1.451026
327	28	5.560430	2	7.000000	12.580653	2	0.399114
328	29	5.560430	1	7.000000	0.466650	2	1.318058
329	30	5.560430	2	7.000000	12.142485	2	0.567118
330	31	5.560430	1	7.000000	2.854108	1	0.559266
331	32	5.560430	2	7.000000	11.524137	2	0.600091
332	33	5.560430	2	7.000000	10.740600	2	0.430940
333	34	5.560430	1	7.000000	0.433802	1	0.725105
334	35	5.560430	2	7.000000	13.771839	2	0.438968
335	36	5.560430	1	7.000000	3.521732	1	0.428501
336	37	5.560430	2	7.000000	7.360317	2	1.474616
337	38	5.560430	2	7.000000	10.879852	2	0.998097
338	39	5.560430	1	7.000000	1.208711	1	0.997037
339	1	65.756922	2	63.000000	67.797958	2	1.760370
340	2	65.756922	1	63.000000	61.345616	1	0.472134
341	3	65.756922	1	63.000000	62.154958	1	0.492178
342	4	65.756922	2	63.000000	69.516856	2	0.959559
343	5	65.756922	1	63.000000	60.170340	1	0.480204
344	6	65.756922	2	63.000000	68.060119	1	1.436234
345	7	65.756922	1	63.000000	64.347474	2	0.536818
346	8	65.756922	1	63.000000	59.425169	1	0.698286
347	9	65.756922	2	63.000000	68.659577	2	0.453646
348	10	65.756922	1	63.000000	59.856744	1	0.546500
349	11	65.756922	1	63.000000	59.432548	1	0.779939
350	12	65.756922	1	63.000000	57.209674	1	0.643830
351	13	65.756922	1	63.000000	61.780287	1	0.705154
352	14	65.756922	1	63.000000	62.764738	1	0.931652
353	15	65.756922	1	63.000000	60.835606	1	0.765584
354	16	65.756922	2	63.000000	69.893554	2	1.165533
355	17	65.756922	1	63.000000	56.835362	1	0.701783
356	18	65.756922	2	63.000000	67.583495	2	0.984571
357	19	65.756922	2	63.000000	69.909099	2	2.239487
358	20	65.756922	2	63.000000	69.280783	1	3.243600
359	1	46.740315	1	49.000000	43.208975	2	1.000367
360	2	46.740315	1	49.000000	45.034022	2	0.535207
361	3	46.740315	2	49.000000	53.529453	2	0.416410
362	4	46.740315	1	49.000000	42.741060	1	1.262612
363	5	46.740315	2	49.000000	53.054050	2	0.858789
364	6	46.740315	1	49.000000	42.317567	1	0.831364
365	7	46.740315	1	49.000000	42.965386	1	1.029190
366	8	46.740315	1	49.000000	43.238765	2	0.970933
367	9	46.740315	1	49.000000	43.408108	1	1.010596
368	10	46.740315	1	49.000000	44.015290	1	0.833022
369	11	46.740315	1	49.000000	43.077027	1	0.766267
370	12	46.740315	1	49.000000	43.146095	1	0.694141
371	13	46.740315	1	49.000000	43.403537	1	0.641274
372	14	46.740315	1	49.000000	44.606611	1	0.622889
373	15	46.740315	2	49.000000	51.949671	1	0.668850
374	16	46.740315	2	49.000000	50.622002	1	0.880705
375	17	46.740315	2	49.000000	49.705816	2	1.708718
376	18	46.740315	1	49.000000	42.559703	1	0.542623
377	19	46.740315	1	49.000000	45.049796	1	0.823869
378	20	46.740315	2	49.000000	49.252172	1	0.925738
379	21	46.740315	2	49.000000	54.853087	2	1.351632
380	22	46.740315	2	49.000000	53.655671	2	0.655660
381	23	46.740315	2	49.000000	55.984812	2	0.588182
382	24	46.740315	2	49.000000	48.798613	2	1.099705
383	25	46.740315	1	49.000000	42.505471	1	0.653953
384	26	46.740315	2	49.000000	55.771577	2	0.882682
385	27	46.740315	2	49.000000	49.376870	1	0.973824
386	28	46.740315	1	49.000000	44.662319	2	1.181394
387	29	46.740315	2	49.000000	53.371690	2	0.765176
388	30	46.740315	2	49.000000	54.642209	1	0.725646
389	31	46.740315	2	49.000000	52.405839	2	0.703632
390	32	46.740315	1	49.000000	44.570125	1	0.818167
391	33	46.740315	1	49.000000	45.027333	1	0.520161
392	34	46.740315	2	49.000000	53.583768	2	1.962469
393	35	46.740315	1	49.000000	42.470093	1	0.609790
394	36	46.740315	1	49.000000	43.391536	1	0.752600
395	37	46.740315	2	49.000000	52.333551	2	0.928867
396	38	46.740315	1	49.000000	44.122421	1	0.627188
397	39	46.740315	2	49.000000	49.901814	2	1.680869
398	40	46.740315	1	49.000000	42.805285	1	0.828173
399	41	46.740315	1	49.000000	44.128707	1	0.778148
400	42	46.740315	1	49.000000	44.837028	1	0.745938
401	1	34.756616	2	35.000000	38.405679	1	0.685876
402	2	34.756616	2	35.000000	39.935406	2	0.569412
403	3	34.756616	2	35.000000	41.221584	2	0.953391
404	4	34.756616	1	35.000000	28.170868	1	0.481829
405	5	34.756616	2	35.000000	38.025522	2	0.541969
406	6	34.756616	2	35.000000	41.622498	1	0.439352
407	7	34.756616	1	35.000000	32.024595	1	0.925095
408	8	34.756616	1	35.000000	30.132295	1	0.646748
409	9	34.756616	1	35.000000	33.243832	1	0.516062
410	10	34.756616	1	35.000000	32.538793	1	0.598044
411	11	34.756616	2	35.000000	40.463043	2	0.541469
412	12	34.756616	2	35.000000	36.169293	1	0.470791
413	13	34.756616	2	35.000000	41.282791	2	1.275087
414	14	34.756616	2	35.000000	41.167827	2	0.758585
415	15	34.756616	2	35.000000	41.200633	2	0.631234
416	16	34.756616	2	35.000000	40.741169	2	0.917279
417	17	34.756616	2	35.000000	36.854527	1	0.622851
418	18	34.756616	2	35.000000	41.949329	1	1.709029
419	19	34.756616	2	35.000000	39.991324	2	0.550840
420	20	34.756616	1	35.000000	32.370679	2	0.967731
421	21	34.756616	1	35.000000	30.651688	1	0.431480
422	22	34.756616	1	35.000000	29.210423	1	0.629399
423	23	34.756616	2	35.000000	36.588744	1	0.579737
424	24	34.756616	2	35.000000	38.846077	2	0.507694
425	25	34.756616	2	35.000000	38.870118	2	0.614434
426	26	34.756616	1	35.000000	30.816735	1	0.421188
427	27	34.756616	2	35.000000	36.587905	1	0.907437
428	28	34.756616	2	35.000000	37.557063	1	0.805896
429	29	34.756616	1	35.000000	30.295448	1	0.780440
430	30	34.756616	1	35.000000	30.260367	1	0.668431
431	31	34.756616	1	35.000000	29.596593	1	0.592260
432	32	34.756616	2	35.000000	37.240385	2	0.391353
433	33	34.756616	2	35.000000	40.193709	2	0.535214
434	34	34.756616	2	35.000000	39.119250	1	0.864627
435	35	34.756616	1	35.000000	31.160796	1	0.733195
436	36	34.756616	2	35.000000	38.631813	2	0.926583
437	37	34.756616	1	35.000000	32.319276	1	0.664397
438	38	34.756616	2	35.000000	37.867912	2	1.908786
439	39	34.756616	1	35.000000	32.021251	1	0.686537
440	40	34.756616	2	35.000000	40.975424	2	0.593801
441	41	34.756616	1	35.000000	30.780997	1	0.745260
442	42	34.756616	2	35.000000	40.186796	2	0.874377
