1	1	18.301076	1	15.389366	21.000000	1	1.046027
2	2	18.301076	2	26.993497	21.000000	1	1.979292
3	3	18.301076	2	26.318942	21.000000	2	2.324524
4	4	18.301076	1	15.416204	21.000000	2	1.467600
5	5	18.301076	2	23.229679	21.000000	2	1.031281
6	6	18.301076	2	26.794704	21.000000	2	1.293249
7	7	18.301076	1	16.772730	21.000000	1	0.768305
8	8	18.301076	2	21.107121	21.000000	1	0.889976
9	9	18.301076	1	16.716816	21.000000	2	1.227841
10	10	18.301076	1	16.288825	21.000000	1	1.201792
11	11	18.301076	1	14.366372	21.000000	1	0.696285
12	12	18.301076	2	20.948744	21.000000	2	0.891705
13	13	18.301076	1	16.560088	21.000000	2	1.039248
14	14	18.301076	2	25.170269	21.000000	2	0.932654
15	15	18.301076	1	16.527000	21.000000	1	1.677988
16	16	18.301076	1	15.074504	21.000000	1	1.001371
17	17	18.301076	2	22.005615	21.000000	2	1.209775
18	18	18.301076	2	20.350184	21.000000	2	0.528327
19	19	18.301076	1	16.473605	21.000000	2	1.249047
20	20	18.301076	1	15.238894	21.000000	1	1.045995
21	21	18.301076	2	21.814549	21.000000	2	0.699252
22	22	18.301076	1	15.232723	21.000000	1	1.006220
23	23	18.301076	2	27.183510	21.000000	2	0.900770
24	24	18.301076	1	14.459323	21.000000	1	1.015670
25	25	18.301076	2	23.961345	21.000000	2	0.629622
26	26	18.301076	2	23.132476	21.000000	2	0.916104
27	27	18.301076	2	21.907525	21.000000	2	0.662016
28	1	60.645956	1	58.959455	63.000000	2	1.412725
29	2	60.645956	1	56.967560	63.000000	1	0.851168
30	3	60.645956	2	69.930098	63.000000	1	0.751899
31	4	60.645956	1	58.190723	63.000000	2	1.168748
32	5	60.645956	1	58.167286	63.000000	2	1.016755
33	6	60.645956	2	69.314093	63.000000	2	1.230639
34	7	60.645956	2	66.266557	63.000000	2	1.348542
35	8	60.645956	2	69.573964	63.000000	2	0.701591
36	9	60.645956	1	56.244314	63.000000	1	0.904493
37	10	60.645956	2	64.293204	63.000000	2	0.643048
38	11	60.645956	2	69.483494	63.000000	2	0.779328
39	12	60.645956	1	58.951335	63.000000	1	0.889075
40	13	60.645956	2	63.630731	63.000000	2	0.724509
41	14	60.645956	2	66.032128	63.000000	2	0.782308
42	15	60.645956	2	67.538489	63.000000	2	0.846177
43	16	60.645956	2	66.044222	63.000000	2	0.899626
44	17	60.645956	2	68.514565	63.000000	2	0.710268
45	18	60.645956	1	58.635770	63.000000	1	0.865287
46	1	51.559799	1	46.193216	49.000000	1	1.101718
47	2	51.559799	1	46.497167	49.000000	2	1.296229
48	3	51.559799	1	47.161777	49.000000	1	1.249277
49	4	51.559799	1	44.219931	49.000000	1	0.901972
50	5	51.559799	1	46.542012	49.000000	1	1.744478
51	6	51.559799	2	55.784791	49.000000	1	0.953382
52	7	51.559799	2	53.027307	49.000000	2	0.659887
53	8	51.559799	2	55.760914	49.000000	2	1.135090
54	9	51.559799	1	42.438414	49.000000	1	0.672211
55	10	51.559799	1	50.006094	49.000000	2	1.668536
56	11	51.559799	1	45.691899	49.000000	1	0.943990
57	12	51.559799	1	48.262747	49.000000	2	1.089371
58	13	51.559799	2	55.173717	49.000000	2	0.988777
59	14	51.559799	1	43.851473	49.000000	1	0.988012
60	15	51.559799	1	48.174692	49.000000	1	1.019339
61	16	51.559799	1	43.596469	49.000000	2	0.633237
62	17	51.559799	2	54.195581	49.000000	2	0.702987
63	18	51.559799	2	54.144747	49.000000	2	2.729965
64	19	51.559799	2	55.236003	49.000000	2	0.690557
65	20	51.559799	2	54.682864	49.000000	2	0.638107
66	21	51.559799	1	48.202831	49.000000	1	0.939761
67	22	51.559799	2	53.990278	49.000000	2	0.501200
68	23	51.559799	1	45.870170	49.000000	1	1.048085
69	24	51.559799	1	44.919089	49.000000	1	0.789318
70	25	51.559799	2	53.965609	49.000000	2	0.684899
71	26	51.559799	1	49.581960	49.000000	2	0.792469
72	1	79.592802	1	70.836269	77.000000	2	1.062326
73	2	79.592802	1	78.101366	77.000000	1	0.762978
74	3	79.592802	2	81.488561	77.000000	1	0.571895
75	4	79.592802	2	83.892866	77.000000	1	1.332364
76	5	79.592802	2	83.609719	77.000000	2	0.413716
77	6	79.592802	2	81.794198	77.000000	2	0.460839
78	7	79.592802	2	82.948346	77.000000	2	0.522231
79	8	79.592802	1	76.189400	77.000000	2	0.364486
80	9	79.592802	1	76.401359	77.000000	1	1.189632
81	10	79.592802	1	74.656454	77.000000	1	1.798609
82	11	79.592802	1	70.451032	77.000000	1	0.627665
83	12	79.592802	2	82.644514	77.000000	2	0.649873
84	13	79.592802	2	81.235204	77.000000	2	0.622772
85	14	79.592802	2	83.397888	77.000000	2	0.573101
86	15	79.592802	2	82.104849	77.000000	2	0.509406
87	16	79.592802	1	77.467811	77.000000	2	0.480542
88	17	79.592802	2	81.348704	77.000000	2	0.996697
89	18	79.592802	1	76.266818	77.000000	1	0.668214
90	19	79.592802	2	83.290494	77.000000	2	0.752541
91	20	79.592802	1	71.003014	77.000000	1	0.705218
92	21	79.592802	2	81.417131	77.000000	2	0.660110
93	22	79.592802	2	81.980243	77.000000	2	0.729071
94	1	88.171143	2	90.844914	91.000000	2	0.855215
95	2	88.171143	1	85.721299	91.000000	2	0.796096
96	3	88.171143	1	85.825767	91.000000	1	0.947469
97	4	88.171143	2	92.068478	91.000000	2	0.892958
98	5	88.171143	1	85.365099	91.000000	1	0.760446
99	6	88.171143	1	85.925297	91.000000	1	1.305243
100	7	88.171143	2	92.232219	91.000000	2	0.523561
101	8	88.171143	1	84.159894	91.000000	1	0.814056
102	9	88.171143	2	95.481426	91.000000	2	0.644924
103	10	88.171143	1	85.021407	91.000000	2	0.498606
104	11	88.171143	1	86.680747	91.000000	1	1.013428
105	12	88.171143	1	84.974900	91.000000	2	0.628230
106	13	88.171143	2	91.548247	91.000000	2	0.706493
107	14	88.171143	2	95.815064	91.000000	2	0.637418
108	15	88.171143	2	93.894687	91.000000	2	0.516778
109	16	88.171143	2	90.903054	91.000000	1	1.087685
110	17	88.171143	2	92.630515	91.000000	2	0.522986
111	18	88.171143	2	94.129145	91.000000	2	0.483595
112	19	88.171143	2	90.061220	91.000000	2	0.775289
113	20	88.171143	1	85.257461	91.000000	1	0.815517
114	21	88.171143	2	91.107895	91.000000	1	0.942312
115	22	88.171143	1	86.422294	91.000000	1	0.983697
116	23	88.171143	2	89.581198	91.000000	2	0.639069
117	24	88.171143	2	92.448104	91.000000	2	0.668613
118	25	88.171143	1	86.283539	91.000000	1	0.712782
119	26	88.171143	1	84.392503	91.000000	1	0.939766
120	27	88.171143	1	86.746820	91.000000	1	1.045172
121	28	88.171143	2	89.584290	91.000000	2	0.796093
122	29	88.171143	1	86.267459	91.000000	2	1.057986
123	30	88.171143	1	84.450378	91.000000	1	1.014607
124	31	88.171143	2	89.740109	91.000000	2	1.069113
125	32	88.171143	2	94.697062	91.000000	2	0.705148
126	33	88.171143	1	85.566526	91.000000	1	0.988017
127	34	88.171143	1	84.860746	91.000000	1	0.715533
128	35	88.171143	1	86.558054	91.000000	1	0.837592
129	1	32.831688	2	40.759139	35.000000	2	1.988491
130	2	32.831688	2	41.643244	35.000000	2	1.531061
131	3	32.831688	1	31.228076	35.000000	2	0.980642
132	4	32.831688	1	30.222782	35.000000	1	0.556735
133	5	32.831688	2	41.088151	35.000000	2	0.925606
134	6	32.831688	2	41.989761	35.000000	2	0.855624
135	7	32.831688	2	39.815605	35.000000	2	0.884649
136	8	32.831688	2	40.397352	35.000000	2	0.975916
137	9	32.831688	2	39.266628	35.000000	2	0.847962
138	10	32.831688	2	39.041402	35.000000	2	0.765406
139	11	32.831688	1	31.371979	35.000000	1	0.837644
140	12	32.831688	2	36.353895	35.000000	1	0.626873
141	13	32.831688	2	38.613851	35.000000	2	0.865138
142	14	32.831688	2	34.696239	35.000000	1	1.262188
143	15	32.831688	1	28.485866	35.000000	1	1.162627
144	16	32.831688	1	30.610251	35.000000	1	1.123138
145	17	32.831688	1	29.644421	35.000000	1	0.789022
146	18	32.831688	2	41.746872	35.000000	2	0.757686
147	19	32.831688	2	38.655763	35.000000	2	0.845411
148	20	32.831688	1	30.531193	35.000000	1	1.108101
149	21	32.831688	1	29.767869	35.000000	1	1.813505
150	22	32.831688	2	37.188891	35.000000	2	0.611530
151	23	32.831688	1	29.196148	35.000000	2	0.898439
152	24	32.831688	1	29.268209	35.000000	1	0.501796
153	25	32.831688	1	29.806775	35.000000	1	1.904864
154	26	32.831688	1	30.358530	35.000000	1	0.802932
155	27	32.831688	1	28.091754	35.000000	1	0.890301
156	28	32.831688	2	38.720673	35.000000	2	0.980930
157	1	6.416569	1	0.879754	7.000000	2	1.702973
158	2	6.416569	1	2.464501	7.000000	1	0.711335
159	3	6.416569	2	7.939804	7.000000	1	0.754149
160	4	6.416569	1	4.779205	7.000000	1	1.434971
161	5	6.416569	1	1.461126	7.000000	1	0.528020
162	6	6.416569	2	10.249071	7.000000	2	1.042480
163	7	6.416569	2	8.501161	7.000000	2	0.863713
164	8	6.416569	2	9.171791	7.000000	2	1.076554
165	9	6.416569	1	2.817669	7.000000	1	0.616353
166	10	6.416569	1	2.451985	7.000000	1	0.966717
167	11	6.416569	1	4.595240	7.000000	2	0.486662
168	12	6.416569	2	11.521950	7.000000	2	1.450454
169	13	6.416569	1	4.866130	7.000000	2	0.878731
170	14	6.416569	2	8.044831	7.000000	2	1.546948
171	15	6.416569	2	9.789503	7.000000	2	0.859570
172	16	6.416569	2	13.089018	7.000000	2	0.752620
173	17	6.416569	1	0.135480	7.000000	1	0.905332
174	18	6.416569	2	8.029077	7.000000	2	0.884045
175	19	6.416569	1	0.963465	7.000000	1	0.927719
176	20	6.416569	1	4.509574	7.000000	2	0.801512
177	21	6.416569	2	12.124101	7.000000	2	1.128489
178	22	6.416569	2	11.874006	7.000000	2	1.594453
179	23	6.416569	1	2.112877	7.000000	1	1.329311
180	24	6.416569	1	0.614329	7.000000	1	0.802991
181	25	6.416569	2	10.552621	7.000000	2	0.793825
182	26	6.416569	2	12.262668	7.000000	2	0.665356
183	27	6.416569	1	1.422308	7.000000	1	0.741588
184	1	23.807730	1	21.000000	19.914294	2	1.175103
185	2	23.807730	1	21.000000	17.623522	1	1.126915
186	3	23.807730	1	21.000000	17.764947	1	1.698747
187	4	23.807730	2	21.000000	27.732461	1	0.827682
188	5	23.807730	2	21.000000	26.461514	2	1.145803
189	6	23.807730	2	21.000000	27.351313	2	1.682968
190	7	23.807730	1	21.000000	18.772884	2	1.013830
191	8	23.807730	2	21.000000	26.231966	1	1.316582
192	9	23.807730	2	21.000000	26.976402	2	1.438109
193	10	23.807730	1	21.000000	16.003624	2	1.179277
194	11	23.807730	2	21.000000	27.059053	1	1.723003
195	12	23.807730	1	21.000000	20.242447	1	1.500543
196	13	23.807730	1	21.000000	14.804782	2	1.478941
197	14	23.807730	1	21.000000	17.526380	2	1.090499
198	15	23.807730	1	21.000000	20.779536	2	0.701599
199	16	23.807730	1	21.000000	21.492266	1	1.168499
200	17	23.807730	1	21.000000	20.830054	1	0.928508
201	18	23.807730	2	21.000000	25.453178	1	1.258339
202	19	23.807730	1	21.000000	17.165419	2	1.895092
203	20	23.807730	2	21.000000	27.429466	2	1.985701
204	21	23.807730	2	21.000000	25.385262	2	0.872330
205	22	23.807730	1	21.000000	22.229328	2	1.140331
206	23	23.807730	1	21.000000	21.131866	1	1.245459
207	24	23.807730	1	21.000000	14.626732	1	1.378746
208	25	23.807730	2	21.000000	27.412840	1	0.946444
209	26	23.807730	2	21.000000	27.491049	2	0.955791
210	27	23.807730	1	21.000000	15.148825	2	2.676544
211	28	23.807730	1	21.000000	15.239801	1	1.031284
212	29	23.807730	2	21.000000	27.433517	1	0.765262
213	30	23.807730	2	21.000000	25.761656	2	1.566089
214	31	23.807730	2	21.000000	25.263790	2	1.391132
215	32	23.807730	1	21.000000	18.987402	2	0.900790
216	33	23.807730	1	21.000000	15.456406	1	0.863430
217	34	23.807730	1	21.000000	20.558507	2	1.028161
218	35	23.807730	2	21.000000	26.270270	1	0.779653
219	36	23.807730	2	21.000000	27.306104	2	0.866358
220	37	23.807730	2	21.000000	25.760191	2	1.086407
221	38	23.807730	2	21.000000	26.901807	2	0.881652
222	39	23.807730	2	21.000000	27.848173	2	0.661854
223	40	23.807730	2	21.000000	25.239581	2	0.626668
224	41	23.807730	2	21.000000	25.918106	2	0.920998
225	42	23.807730	1	21.000000	20.740064	2	0.579160
226	43	23.807730	2	21.000000	26.765524	1	1.331387
227	44	23.807730	1	21.000000	17.205230	2	0.661269
228	45	23.807730	1	21.000000	15.826185	2	0.810191
229	46	23.807730	1	21.000000	17.548645	1	0.784876
230	47	23.807730	1	21.000000	21.113834	1	0.472204
231	48	23.807730	1	21.000000	15.603728	2	1.116712
232	49	23.807730	2	21.000000	27.861236	1	0.542586
233	50	23.807730	1	21.000000	21.397795	2	0.928463
234	51	23.807730	2	21.000000	25.698370	2	1.210303
235	52	23.807730	2	21.000000	25.562736	2	1.433131
236	53	23.807730	2	21.000000	25.827800	2	1.517962
237	54	23.807730	2	21.000000	27.558002	2	1.135502
238	55	23.807730	1	21.000000	21.923564	2	0.848756
239	56	23.807730	1	21.000000	14.803573	1	1.070337
240	57	23.807730	1	21.000000	17.446114	2	1.282291
241	58	23.807730	2	21.000000	25.239109	2	0.725868
242	59	23.807730	2	21.000000	25.573266	2	1.464200
243	60	23.807730	1	21.000000	19.110898	2	0.676590
244	61	23.807730	2	21.000000	25.461017	1	0.632896
245	62	23.807730	1	21.000000	18.167767	2	0.734390
246	63	23.807730	2	21.000000	26.688595	2	1.271860
247	64	23.807730	2	21.000000	25.455584	2	0.811738
248	65	23.807730	2	21.000000	27.608248	1	3.602353
249	66	23.807730	1	21.000000	20.663104	2	0.863132
250	67	23.807730	2	21.000000	27.362884	1	1.179781
251	68	23.807730	1	21.000000	17.632562	2	0.939869
252	69	23.807730	2	21.000000	25.579269	1	0.837269
253	70	23.807730	1	21.000000	20.697273	2	0.866486
254	71	23.807730	1	21.000000	18.553479	2	0.494836
255	72	23.807730	2	21.000000	25.812303	2	0.386557
256	73	23.807730	1	21.000000	20.856245	2	0.986320
257	74	23.807730	1	21.000000	17.116703	1	1.081591
258	75	23.807730	1	21.000000	19.822978	1	0.957484
259	76	23.807730	2	21.000000	26.361965	1	0.982231
260	77	23.807730	2	21.000000	25.444433	2	1.406016
261	78	23.807730	2	21.000000	26.284852	2	0.724001
262	79	23.807730	2	21.000000	27.114795	2	0.670237
263	80	23.807730	2	21.000000	26.169522	2	0.818476
264	81	23.807730	1	21.000000	20.157068	2	0.496606
265	82	23.807730	1	21.000000	20.181322	1	0.540212
266	83	23.807730	1	21.000000	18.411882	1	1.101927
267	84	23.807730	1	21.000000	14.611090	1	0.784664
268	85	23.807730	1	21.000000	17.763749	1	0.760151
269	86	23.807730	1	21.000000	17.304474	1	0.584874
270	87	23.807730	1	21.000000	18.133108	1	0.776592
271	88	23.807730	1	21.000000	18.402785	1	0.672479
272	89	23.807730	2	21.000000	27.449475	2	0.756767
273	90	23.807730	2	21.000000	26.641647	2	0.589806
274	1	87.858380	1	91.000000	85.207590	2	0.936093
275	2	87.858380	2	91.000000	91.689194	1	1.161660
276	3	87.858380	2	91.000000	96.991055	2	1.490248
277	4	87.858380	1	91.000000	85.722155	1	1.766826
278	5	87.858380	2	91.000000	97.851620	2	1.213186
279	6	87.858380	1	91.000000	85.114765	1	1.251650
280	7	87.858380	1	91.000000	85.240261	2	1.208138
281	8	87.858380	1	91.000000	84.092181	1	0.782828
282	9	87.858380	2	91.000000	93.105923	1	0.902200
283	10	87.858380	2	91.000000	93.791373	2	2.064959
284	11	87.858380	1	91.000000	84.156167	1	1.316863
285	12	87.858380	1	91.000000	85.242746	2	0.702427
286	13	87.858380	1	91.000000	85.207291	1	1.641506
287	14	87.858380	2	91.000000	97.561226	1	0.934222
288	15	87.858380	1	91.000000	86.062976	1	0.655703
289	16	87.858380	1	91.000000	85.631520	1	0.924458
290	17	87.858380	1	91.000000	84.252688	1	1.142570
291	18	87.858380	1	91.000000	84.611964	1	0.954631
292	19	87.858380	1	91.000000	85.579473	1	0.768648
293	20	87.858380	1	91.000000	86.010953	1	0.576691
294	21	87.858380	2	91.000000	93.650128	1	1.153048
295	22	87.858380	2	91.000000	89.817616	2	1.649671
296	23	87.858380	2	91.000000	96.290602	2	0.901771
297	24	87.858380	1	91.000000	85.775678	1	1.112510
298	25	87.858380	1	91.000000	85.884622	2	1.171135
299	26	87.858380	2	91.000000	97.965024	1	1.027065
300	27	87.858380	1	91.000000	85.526302	2	1.184981
301	28	87.858380	1	91.000000	84.116208	1	1.712160
302	29	87.858380	2	91.000000	93.766202	2	0.714168
303	30	87.858380	1	91.000000	86.151178	2	2.101188
304	31	87.858380	1	91.000000	85.178694	2	0.839030
305	32	87.858380	2	91.000000	96.307842	2	1.644451
306	33	87.858380	2	91.000000	90.084369	2	0.833105
307	34	87.858380	2	91.000000	95.816993	2	0.533940
308	35	87.858380	2	91.000000	93.611764	2	0.903661
309	36	87.858380	1	91.000000	85.340320	1	1.242500
310	37	87.858380	1	91.000000	85.098152	1	0.607492
311	38	87.858380	1	91.000000	85.827027	1	1.142561
312	39	87.858380	1	91.000000	84.303103	1	1.111748
313	40	87.858380	1	91.000000	84.632463	1	0.898373
314	41	87.858380	2	91.000000	92.410430	2	0.957838
315	42	87.858380	1	91.000000	85.140435	2	1.518620
316	43	87.858380	1	91.000000	84.249522	1	1.528163
317	44	87.858380	2	91.000000	89.701900	1	1.713666
318	45	87.858380	2	91.000000	93.829929	2	1.515820
319	46	87.858380	2	91.000000	91.609513	2	1.446126
320	47	87.858380	1	91.000000	85.852147	2	1.419117
321	48	87.858380	2	91.000000	97.324056	2	3.064725
322	49	87.858380	1	91.000000	84.503499	1	1.701717
323	50	87.858380	1	91.000000	84.839952	2	1.686054
324	51	87.858380	1	91.000000	85.434451	2	3.176908
325	52	87.858380	1	91.000000	84.988248	1	1.439198
326	53	87.858380	2	91.000000	97.322719	2	1.588150
327	54	87.858380	2	91.000000	95.640523	2	1.963158
328	55	87.858380	1	91.000000	86.165974	1	1.611049
329	56	87.858380	1	91.000000	85.124940	1	2.073120
330	57	87.858380	2	91.000000	95.263954	2	1.652278
331	58	87.858380	2	91.000000	91.158567	2	1.616594
332	59	87.858380	1	91.000000	85.429028	2	2.765871
333	60	87.858380	1	91.000000	86.076232	1	2.021441
334	61	87.858380	1	91.000000	85.259940	1	1.882575
335	62	87.858380	1	91.000000	86.162810	2	1.909223
336	63	87.858380	2	91.000000	89.640461	1	1.495269
337	64	87.858380	1	91.000000	84.906460	2	2.354142
338	65	87.858380	2	91.000000	97.426198	2	2.089900
339	66	87.858380	2	91.000000	94.612365	2	0.820367
340	67	87.858380	1	91.000000	84.686027	1	1.132255
341	68	87.858380	2	91.000000	89.429526	1	1.004384
342	69	87.858380	2	91.000000	90.263745	2	1.115089
343	70	87.858380	1	91.000000	85.219030	2	0.877575
344	71	87.858380	1	91.000000	85.345658	1	2.257627
345	72	87.858380	1	91.000000	85.734480	1	0.757364
346	73	87.858380	1	91.000000	86.040748	1	0.558205
347	74	87.858380	1	91.000000	84.871051	1	0.799358
348	75	87.858380	2	91.000000	94.469375	1	0.782184
349	76	87.858380	1	91.000000	85.572309	2	0.949684
350	77	87.858380	2	91.000000	92.622320	1	0.749980
351	78	87.858380	2	91.000000	92.757925	2	1.631027
352	79	87.858380	2	91.000000	95.185305	2	0.828768
353	80	87.858380	2	91.000000	93.063621	2	0.522641
354	81	87.858380	2	91.000000	94.199838	2	0.685178
355	82	87.858380	2	91.000000	92.130225	2	0.528741
356	83	87.858380	2	91.000000	90.109170	2	0.804939
357	84	87.858380	2	91.000000	95.745467	2	0.713866
358	85	87.858380	2	91.000000	90.738727	2	0.444818
359	86	87.858380	2	91.000000	95.587973	2	0.474598
360	87	87.858380	2	91.000000	95.962306	2	0.487036
361	88	87.858380	2	91.000000	97.142178	1	0.698672
362	89	87.858380	2	91.000000	96.522037	2	0.934294
363	90	87.858380	1	91.000000	86.438292	2	0.663753
364	91	87.858380	2	91.000000	93.718740	2	1.004640
365	92	87.858380	1	91.000000	84.888151	1	1.643033
366	93	87.858380	2	91.000000	95.231701	2	1.097751
367	94	87.858380	1	91.000000	84.125309	1	1.883333
368	95	87.858380	2	91.000000	93.459711	1	0.741937
369	96	87.858380	1	91.000000	85.224715	2	1.031554
370	97	87.858380	2	91.000000	90.642154	1	1.957582
371	98	87.858380	2	91.000000	89.414291	2	0.973432
372	99	87.858380	1	91.000000	84.876369	2	0.973494
373	100	87.858380	1	91.000000	86.126778	1	1.629447
374	101	87.858380	2	91.000000	89.797276	1	0.954893
375	102	87.858380	1	91.000000	84.036648	2	1.019661
376	103	87.858380	1	91.000000	85.173860	2	0.801794
377	104	87.858380	2	91.000000	96.691238	1	1.112493
378	105	87.858380	1	91.000000	85.342178	1	1.059073
379	106	87.858380	1	91.000000	85.054169	1	0.735914
380	107	87.858380	1	91.000000	86.186089	2	0.913341
381	108	87.858380	2	91.000000	96.131398	1	0.667961
382	109	87.858380	1	91.000000	85.695380	2	1.736303
383	110	87.858380	2	91.000000	89.275918	1	0.696995
384	111	87.858380	1	91.000000	84.142173	2	0.636414
385	112	87.858380	2	91.000000	95.957259	1	1.378040
386	113	87.858380	2	91.000000	97.668184	2	1.449836
387	114	87.858380	2	91.000000	93.131041	2	1.638012
388	115	87.858380	2	91.000000	95.924501	2	1.803048
389	116	87.858380	1	91.000000	84.193967	2	1.586882
390	117	87.858380	2	91.000000	93.801477	2	1.368018
391	118	87.858380	2	91.000000	95.245867	2	1.287642
392	119	87.858380	2	91.000000	97.931462	2	1.794846
393	120	87.858380	1	91.000000	86.361216	2	1.195307
394	121	87.858380	1	91.000000	86.204491	1	1.672843
395	122	87.858380	1	91.000000	84.535257	1	1.596356
396	123	87.858380	2	91.000000	91.769043	1	1.507205
397	124	87.858380	2	91.000000	95.475988	2	1.661310
398	125	87.858380	2	91.000000	93.190319	2	1.217584
399	126	87.858380	1	91.000000	86.131317	2	1.767346
400	127	87.858380	2	91.000000	91.007481	1	1.390749
401	128	87.858380	1	91.000000	85.318798	2	1.285876
402	129	87.858380	1	91.000000	85.114710	2	1.720959
403	130	87.858380	2	91.000000	96.086923	2	1.514338
404	131	87.858380	1	91.000000	84.702784	1	0.972697
405	132	87.858380	2	91.000000	96.305565	2	2.196715
406	133	87.858380	1	91.000000	85.462500	2	1.643045
407	134	87.858380	2	91.000000	90.674600	2	1.968058
408	135	87.858380	1	91.000000	85.139577	2	2.424716
409	136	87.858380	1	91.000000	85.670621	2	1.404097
410	137	87.858380	1	91.000000	85.144913	1	1.066506
411	138	87.858380	1	91.000000	85.880225	1	1.710465
412	139	87.858380	1	91.000000	85.171758	1	2.088586
413	140	87.858380	1	91.000000	85.669097	1	1.442999
414	141	87.858380	1	91.000000	84.454627	1	1.224173
415	142	87.858380	2	91.000000	96.000718	1	1.469873
416	143	87.858380	1	91.000000	85.704471	2	1.457462
417	144	87.858380	2	91.000000	97.028188	2	0.701960
418	145	87.858380	1	91.000000	86.347726	2	0.792669
419	146	87.858380	1	91.000000	84.608885	1	1.600250
420	147	87.858380	1	91.000000	85.743205	1	1.598323
421	148	87.858380	1	91.000000	86.052685	1	1.581164
422	149	87.858380	1	91.000000	85.890427	4	5.716869
423	150	87.858380	1	91.000000	85.279569	2	2.248365
424	151	87.858380	2	91.000000	93.067802	1	1.052710
425	152	87.858380	1	91.000000	86.209388	1	1.793260
426	153	87.858380	2	91.000000	93.462048	1	1.479964
427	154	87.858380	2	91.000000	93.054278	2	1.347721
428	155	87.858380	2	91.000000	96.834224	2	1.668790
429	156	87.858380	1	91.000000	86.348008	2	1.576149
430	157	87.858380	2	91.000000	94.631518	2	1.279755
431	158	87.858380	1	91.000000	84.177702	1	1.979641
432	159	87.858380	1	91.000000	85.803237	1	0.578846
433	160	87.858380	1	91.000000	84.130660	1	1.155187
434	161	87.858380	2	91.000000	95.139964	2	1.235556
435	162	87.858380	2	91.000000	92.408972	2	0.616880
436	163	87.858380	2	91.000000	95.316170	2	0.871238
437	164	87.858380	1	91.000000	85.825571	2	0.811291
438	165	87.858380	1	91.000000	84.669531	1	0.466087
439	166	87.858380	2	91.000000	94.489971	2	1.662518
440	167	87.858380	1	91.000000	85.809424	2	1.378727
441	168	87.858380	2	91.000000	95.577021	2	1.282427
442	169	87.858380	2	91.000000	96.426246	2	1.213969
443	170	87.858380	2	91.000000	93.055531	2	2.676762
444	171	87.858380	2	91.000000	92.080254	2	1.375503
445	172	87.858380	1	91.000000	84.219859	3	2.279111
446	173	87.858380	2	91.000000	90.594420	1	0.758488
447	174	87.858380	1	91.000000	85.620035	2	1.199366
448	175	87.858380	2	91.000000	97.681002	1	0.693920
449	176	87.858380	2	91.000000	97.556943	2	1.593545
450	177	87.858380	2	91.000000	96.513364	2	1.624355
451	178	87.858380	2	91.000000	90.897634	2	0.709896
452	179	87.858380	1	91.000000	86.295244	2	0.880746
453	180	87.858380	2	91.000000	96.274862	2	1.220834
454	181	87.858380	1	91.000000	85.181083	1	1.394781
455	182	87.858380	2	91.000000	97.603492	2	0.569712
456	183	87.858380	2	91.000000	95.759731	2	2.529873
457	184	87.858380	2	91.000000	91.113194	2	0.788698
458	185	87.858380	1	91.000000	85.905417	2	0.842310
459	186	87.858380	1	91.000000	85.590354	1	1.023898
460	187	87.858380	1	91.000000	85.182377	2	0.967669
461	188	87.858380	2	91.000000	97.367569	2	0.533818
462	189	87.858380	1	91.000000	85.531141	1	0.479285
463	190	87.858380	2	91.000000	95.929743	1	0.691911
464	191	87.858380	2	91.000000	94.286041	2	0.703473
465	192	87.858380	1	91.000000	84.593866	1	0.594417
466	193	87.858380	2	91.000000	93.429270	2	0.945858
467	194	87.858380	2	91.000000	97.085200	2	1.299476
468	195	87.858380	2	91.000000	95.073700	2	0.693850
469	196	87.858380	2	91.000000	91.636843	2	1.225507
470	197	87.858380	1	91.000000	85.371524	2	1.327119
471	198	87.858380	2	91.000000	90.613134	2	1.049020
472	199	87.858380	2	91.000000	96.982206	1	0.861463
473	200	87.858380	1	91.000000	84.016249	2	0.866513
474	201	87.858380	1	91.000000	84.930151	2	1.006517
475	202	87.858380	1	91.000000	84.094906	1	1.445176
476	203	87.858380	2	91.000000	89.870934	1	2.097980
477	204	87.858380	1	91.000000	85.509484	2	0.900716
478	205	87.858380	1	91.000000	84.570554	1	0.866558
479	206	87.858380	2	91.000000	90.919110	1	0.756915
480	207	87.858380	2	91.000000	91.792969	2	0.780275
481	208	87.858380	2	91.000000	91.480155	2	0.772384
482	209	87.858380	1	91.000000	85.609220	2	0.956720
483	210	87.858380	2	91.000000	92.758935	2	0.797386
484	211	87.858380	1	91.000000	84.013992	1	0.428738
485	212	87.858380	2	91.000000	93.520901	2	1.107433
