1	1	74.722220	2	77.000000	79.128516	1	2.350632
2	2	74.722220	2	77.000000	78.810911	2	1.046196
3	3	74.722220	2	77.000000	82.187071	2	1.363888
4	4	74.722220	2	77.000000	78.577802	2	0.660036
5	5	74.722220	1	77.000000	72.188414	2	0.634675
6	6	74.722220	1	77.000000	73.003215	2	1.126599
7	7	74.722220	2	77.000000	80.240581	1	1.336468
8	8	74.722220	2	77.000000	82.448560	1	2.673571
9	9	74.722220	2	77.000000	79.782157	2	0.652253
10	10	74.722220	2	77.000000	76.198324	2	0.770868
11	11	74.722220	2	77.000000	78.959904	2	0.785413
12	12	74.722220	2	77.000000	83.841712	2	0.480823
13	13	74.722220	1	77.000000	72.119375	2	0.373257
14	14	74.722220	1	77.000000	70.164435	1	3.245614
15	15	74.722220	1	77.000000	70.448456	1	1.345175
16	16	74.722220	2	77.000000	78.164178	1	1.058368
17	17	74.722220	1	77.000000	71.190820	1	1.158983
18	18	74.722220	2	77.000000	82.233873	2	1.879628
19	19	74.722220	2	77.000000	82.893809	2	1.266954
20	20	74.722220	1	77.000000	71.155422	2	1.272469
21	21	74.722220	2	77.000000	78.838035	2	0.930543
22	22	74.722220	1	77.000000	71.248618	2	1.172613
23	23	74.722220	1	77.000000	71.994019	2	2.692560
24	24	74.722220	1	77.000000	73.207153	1	0.398489
25	25	74.722220	1	77.000000	71.821798	1	1.373537
26	26	74.722220	1	77.000000	72.426824	1	1.565246
27	27	74.722220	1	77.000000	72.478655	1	1.205558
28	28	74.722220	2	77.000000	78.016858	1	1.869870
29	29	74.722220	2	77.000000	82.704736	2	0.951394
30	30	74.722220	2	77.000000	81.881010	2	0.384023
31	31	74.722220	1	77.000000	70.333665	1	1.983944
32	32	74.722220	2	77.000000	78.644092	2	2.758403
33	33	74.722220	2	77.000000	81.354478	2	1.277734
34	34	74.722220	1	77.000000	70.697544	2	2.945530
35	35	74.722220	1	77.000000	70.676722	1	0.785439
36	36	74.722220	1	77.000000	73.219682	2	0.968977
37	37	74.722220	1	77.000000	71.417056	1	0.384892
38	38	74.722220	2	77.000000	77.748645	2	0.416641
39	39	74.722220	2	77.000000	82.208347	2	0.855266
40	40	74.722220	1	77.000000	72.950040	2	0.387978
41	41	74.722220	2	77.000000	81.843113	1	0.333835
42	42	74.722220	1	77.000000	72.026139	2	0.805560
43	43	74.722220	2	77.000000	79.147588	1	0.676452
44	44	74.722220	1	77.000000	70.852760	2	1.048744
45	45	74.722220	2	77.000000	82.545076	1	0.405990
46	46	74.722220	2	77.000000	81.892436	2	1.037085
47	47	74.722220	1	77.000000	70.042000	2	0.922354
48	48	74.722220	2	77.000000	78.746251	2	3.372597
49	49	74.722220	1	77.000000	72.273218	2	3.123965
50	50	74.722220	1	77.000000	72.575488	1	2.571062
51	51	74.722220	1	77.000000	70.676867	1	2.561778
52	52	74.722220	2	77.000000	78.381454	2	2.425271
53	53	74.722220	1	77.000000	71.442667	1	3.862188
54	54	74.722220	2	77.000000	78.316748	1	4.008624
55	55	74.722220	1	77.000000	72.684123	2	2.636974
56	56	74.722220	2	77.000000	83.154897	2	4.442208
57	57	74.722220	1	77.000000	72.725710	2	2.827131
58	58	74.722220	2	77.000000	76.928045	1	0.777487
59	59	74.722220	2	77.000000	76.392670	2	1.720052
60	60	74.722220	1	77.000000	71.589237	1	1.705309
61	61	74.722220	1	77.000000	71.428500	1	0.987426
62	62	74.722220	2	77.000000	79.945503	1	1.114770
63	63	74.722220	1	77.000000	70.951739	2	1.901525
64	64	74.722220	2	77.000000	81.354263	2	1.031398
65	65	74.722220	2	77.000000	76.185003	2	1.973418
66	66	74.722220	1	77.000000	72.783737	1	1.148550
67	67	74.722220	1	77.000000	72.196422	1	0.869869
68	68	74.722220	1	77.000000	71.776257	1	1.457901
69	69	74.722220	2	77.000000	81.283289	1	1.054377
70	70	74.722220	2	77.000000	76.343275	1	2.114874
71	71	74.722220	1	77.000000	72.002878	1	1.516757
72	72	74.722220	1	77.000000	70.818545	1	0.886337
73	73	74.722220	1	77.000000	71.895944	1	3.281756
74	74	74.722220	2	77.000000	78.466678	2	1.412024
75	75	74.722220	2	77.000000	78.265976	2	1.378265
76	76	74.722220	2	77.000000	80.579178	2	0.626112
77	77	74.722220	1	77.000000	72.739244	1	1.664466
78	78	74.722220	2	77.000000	81.110343	2	0.828466
79	79	74.722220	1	77.000000	71.948889	1	1.762657
80	80	74.722220	1	77.000000	71.729360	1	1.058803
81	81	74.722220	2	77.000000	79.937264	2	2.223435
82	82	74.722220	1	77.000000	71.927353	1	4.380469
83	83	74.722220	1	77.000000	72.733606	2	3.233882
84	1	36.980312	2	35.000000	40.259114	1	4.284256
85	2	36.980312	2	35.000000	39.923309	2	1.357971
86	3	36.980312	2	35.000000	41.316525	1	1.558363
87	4	36.980312	2	35.000000	40.369727	1	1.478441
88	5	36.980312	1	35.000000	34.264077	2	0.594038
89	6	36.980312	1	35.000000	28.749112	1	1.849684
90	7	36.980312	1	35.000000	31.520035	1	1.013797
91	8	36.980312	1	35.000000	28.738199	1	0.908508
92	9	36.980312	1	35.000000	29.675917	1	0.599467
93	10	36.980312	2	35.000000	41.031664	1	1.454164
94	11	36.980312	1	35.000000	34.326179	2	1.506453
95	12	36.980312	2	35.000000	40.826051	1	1.452764
96	13	36.980312	2	35.000000	41.332720	2	2.968997
97	14	36.980312	2	35.000000	39.118661	2	1.103635
98	15	36.980312	2	35.000000	41.004994	2	0.618290
99	16	36.980312	2	35.000000	39.802850	2	0.528561
100	17	36.980312	1	35.000000	29.333732	2	0.498843
101	18	36.980312	2	35.000000	39.803759	1	3.541911
102	19	36.980312	1	35.000000	29.116167	2	2.741301
103	20	36.980312	2	35.000000	39.971817	1	1.213226
104	21	36.980312	2	35.000000	41.412078	1	0.635735
105	22	36.980312	2	35.000000	39.996153	1	1.073499
106	23	36.980312	2	35.000000	38.558048	2	0.941259
107	24	36.980312	2	35.000000	40.906407	2	0.510772
108	25	36.980312	1	35.000000	30.301527	2	1.633796
109	26	36.980312	1	35.000000	30.093245	1	2.294572
110	27	36.980312	1	35.000000	33.271631	1	1.064906
111	28	36.980312	1	35.000000	33.387295	1	1.469545
112	29	36.980312	1	35.000000	33.874240	1	0.913325
113	30	36.980312	1	35.000000	29.743353	1	0.899974
114	31	36.980312	2	35.000000	39.372056	1	0.950699
115	32	36.980312	1	35.000000	35.506519	2	1.143501
116	33	36.980312	1	35.000000	28.260204	2	0.512670
117	34	36.980312	2	35.000000	40.470195	2	0.395685
118	35	36.980312	2	35.000000	38.948735	2	0.867379
119	36	36.980312	1	35.000000	28.024404	2	0.399610
120	37	36.980312	2	35.000000	40.964365	1	0.382762
121	38	36.980312	2	35.000000	40.904688	1	0.390468
122	39	36.980312	1	35.000000	31.627270	2	0.486168
123	40	36.980312	2	35.000000	38.588541	2	0.530122
124	41	36.980312	1	35.000000	28.438482	2	0.460357
125	42	36.980312	1	35.000000	29.575402	2	0.505336
126	43	36.980312	1	35.000000	30.759197	1	0.772359
127	44	36.980312	2	35.000000	41.678458	1	0.516642
128	45	36.980312	2	35.000000	40.815488	2	0.878991
129	46	36.980312	1	35.000000	31.919165	2	0.307232
130	47	36.980312	1	35.000000	28.915013	2	0.374307
131	48	36.980312	1	35.000000	32.263021	1	0.270834
132	49	36.980312	1	35.000000	29.423073	1	0.739489
133	50	36.980312	1	35.000000	29.577517	1	0.388974
134	51	36.980312	1	35.000000	34.003208	1	0.380574
135	52	36.980312	2	35.000000	38.654897	1	0.437133
136	53	36.980312	2	35.000000	41.136503	2	0.346905
137	54	36.980312	1	35.000000	30.754709	2	0.348815
138	55	36.980312	1	35.000000	32.001641	1	0.373943
139	56	36.980312	1	35.000000	31.405464	1	0.374441
140	57	36.980312	1	35.000000	31.456392	1	0.662733
141	58	36.980312	2	35.000000	41.911023	1	1.339826
142	59	36.980312	2	35.000000	40.276383	2	0.676921
143	60	36.980312	2	35.000000	40.096783	2	0.465246
144	61	36.980312	1	35.000000	29.881554	2	0.357536
145	62	36.980312	2	35.000000	38.851999	1	0.390726
146	63	36.980312	1	35.000000	29.331260	2	0.528421
147	64	36.980312	1	35.000000	34.021231	1	0.360773
148	65	36.980312	1	35.000000	32.103387	2	1.370115
149	66	36.980312	2	35.000000	39.864799	1	0.289728
150	67	36.980312	1	35.000000	31.430372	2	1.493538
151	68	36.980312	1	35.000000	34.109627	1	0.320529
152	69	36.980312	2	35.000000	41.222182	1	0.291117
153	70	36.980312	2	35.000000	38.971312	1	0.934990
154	71	36.980312	2	35.000000	40.272089	2	0.464383
155	72	36.980312	1	35.000000	32.232454	2	0.357503
156	73	36.980312	2	35.000000	40.331744	2	0.406551
157	74	36.980312	2	35.000000	39.835635	2	0.413661
158	75	36.980312	2	35.000000	39.752751	2	0.868857
159	76	36.980312	1	35.000000	31.391995	2	0.872802
160	77	36.980312	2	35.000000	39.177784	1	0.396985
161	78	36.980312	1	35.000000	35.062063	2	0.724701
162	79	36.980312	2	35.000000	40.119025	2	0.367006
163	80	36.980312	2	35.000000	41.097299	2	0.423424
164	81	36.980312	2	35.000000	39.442227	2	0.941982
165	82	36.980312	2	35.000000	41.398616	2	0.839360
166	83	36.980312	2	35.000000	40.997818	2	0.564795
167	84	36.980312	2	35.000000	38.797778	2	0.701804
168	85	36.980312	2	35.000000	41.115276	2	0.576678
169	86	36.980312	1	35.000000	31.126950	2	0.569049
170	87	36.980312	2	35.000000	39.972410	2	0.857273
171	88	36.980312	1	35.000000	34.247900	2	0.750162
172	89	36.980312	1	35.000000	34.366388	2	0.703036
173	90	36.980312	1	35.000000	32.755631	1	0.793913
174	91	36.980312	1	35.000000	31.968098	2	0.849354
175	92	36.980312	2	35.000000	40.025296	1	1.206081
176	93	36.980312	2	35.000000	39.114256	2	0.732755
177	94	36.980312	1	35.000000	29.447477	2	0.966292
178	95	36.980312	1	35.000000	35.405083	2	1.166118
179	96	36.980312	1	35.000000	29.408972	1	0.686034
180	97	36.980312	2	35.000000	40.486800	1	1.281602
181	98	36.980312	1	35.000000	30.899908	1	1.085348
182	99	36.980312	2	35.000000	40.098150	2	0.952797
183	100	36.980312	1	35.000000	31.445986	1	1.241356
184	101	36.980312	1	35.000000	31.515072	1	1.302447
185	102	36.980312	2	35.000000	41.250757	2	0.912981
186	103	36.980312	1	35.000000	28.436775	1	0.891712
187	104	36.980312	2	35.000000	40.799876	2	0.983235
188	105	36.980312	1	35.000000	30.663762	1	1.022400
189	106	36.980312	1	35.000000	35.375639	2	1.660465
190	107	36.980312	2	35.000000	40.108691	2	1.592571
191	108	36.980312	2	35.000000	40.901165	2	1.463400
192	109	36.980312	1	35.000000	29.886483	1	1.019750
193	110	36.980312	1	35.000000	34.296028	1	1.345807
194	111	36.980312	2	35.000000	39.239961	2	1.226839
195	1	88.673540	2	91.000000	97.224256	4	7.443113
196	2	88.673540	2	91.000000	94.015319	2	0.374630
197	3	88.673540	1	91.000000	86.217273	2	0.455072
198	4	88.673540	2	91.000000	96.425965	2	0.596080
199	5	88.673540	2	91.000000	92.006824	2	0.538588
200	6	88.673540	1	91.000000	84.531884	2	0.485537
201	7	88.673540	1	91.000000	86.238726	1	0.841483
202	8	88.673540	2	91.000000	96.864900	2	1.702751
203	9	88.673540	1	91.000000	86.890724	1	1.440832
204	10	88.673540	2	91.000000	94.149555	2	0.557897
205	11	88.673540	2	91.000000	96.718532	2	0.894824
206	12	88.673540	1	91.000000	86.838991	1	1.090308
207	13	88.673540	1	91.000000	85.359505	1	0.733569
208	14	88.673540	2	91.000000	92.262880	2	1.112894
209	15	88.673540	2	91.000000	93.038817	2	0.435326
210	16	88.673540	2	91.000000	97.519157	2	0.559385
211	17	88.673540	1	91.000000	86.406435	1	0.816365
212	1	24.122765	2	21.000000	25.663574	1	2.237865
213	2	24.122765	2	21.000000	26.129841	2	2.994219
214	3	24.122765	1	21.000000	22.620606	2	0.784085
215	4	24.122765	1	21.000000	21.289388	1	1.383742
216	5	24.122765	2	21.000000	25.722486	1	0.798624
217	6	24.122765	2	21.000000	27.297897	2	0.949498
218	7	24.122765	1	21.000000	20.855725	1	0.846075
219	8	24.122765	2	21.000000	26.194388	2	0.875542
220	9	24.122765	2	21.000000	27.014480	2	0.983878
221	10	24.122765	2	21.000000	27.665126	2	0.646934
222	11	24.122765	1	21.000000	20.041858	1	0.828639
223	12	24.122765	2	21.000000	27.141720	2	0.482752
224	13	24.122765	2	21.000000	27.264061	2	0.494482
225	14	24.122765	1	21.000000	20.092824	1	0.554219
226	15	24.122765	1	21.000000	18.121021	1	1.227284
227	16	24.122765	2	21.000000	27.839902	2	1.345037
228	17	24.122765	2	21.000000	25.721867	2	1.154059
229	1	59.736771	1	63.000000	57.491790	1	2.382157
230	2	59.736771	2	63.000000	61.163756	1	0.469113
231	3	59.736771	1	63.000000	57.407096	1	0.649411
232	4	59.736771	1	63.000000	58.204004	1	0.534919
233	5	59.736771	2	63.000000	62.125196	1	0.504040
234	6	59.736771	2	63.000000	68.856704	2	0.571150
235	7	59.736771	1	63.000000	58.083441	1	0.811497
236	8	59.736771	2	63.000000	61.853133	1	1.002284
237	9	59.736771	2	63.000000	65.320654	1	1.128824
238	10	59.736771	1	63.000000	58.087942	2	0.804520
239	11	59.736771	2	63.000000	64.628478	1	0.609619
240	12	59.736771	1	63.000000	58.062525	1	0.192649
241	13	59.736771	2	63.000000	66.253382	1	0.760508
242	14	59.736771	1	63.000000	57.169470	1	1.025319
243	15	59.736771	1	63.000000	56.928539	1	0.615340
244	16	59.736771	2	63.000000	63.570771	1	0.397638
245	17	59.736771	1	63.000000	56.426335	1	0.741424
246	18	59.736771	2	63.000000	62.324029	1	0.678931
247	19	59.736771	2	63.000000	61.231976	1	0.539123
248	20	59.736771	2	63.000000	65.506718	2	0.404873
249	21	59.736771	2	63.000000	62.281777	2	0.453804
250	22	59.736771	1	63.000000	56.001650	2	0.369111
251	23	59.736771	2	63.000000	62.795459	2	1.153521
252	24	59.736771	2	63.000000	68.332048	2	0.874006
253	25	59.736771	1	63.000000	56.476981	2	0.678205
254	26	59.736771	2	63.000000	66.016400	1	0.434386
255	27	59.736771	1	63.000000	58.276617	2	0.744256
256	28	59.736771	1	63.000000	56.633596	2	0.417683
257	29	59.736771	2	63.000000	62.926973	1	0.736286
258	30	59.736771	2	63.000000	69.562896	1	1.561752
259	31	59.736771	1	63.000000	56.024615	2	0.417822
260	32	59.736771	1	63.000000	56.710840	1	1.160455
261	33	59.736771	1	63.000000	57.642104	1	0.696945
262	34	59.736771	1	63.000000	57.195747	1	0.396494
263	35	59.736771	1	63.000000	56.895289	1	0.508253
264	36	59.736771	2	63.000000	68.319198	1	0.463252
265	37	59.736771	2	63.000000	68.761093	2	0.764385
266	38	59.736771	2	63.000000	65.052092	2	0.437276
267	39	59.736771	2	63.000000	63.263579	2	0.971117
268	40	59.736771	2	63.000000	68.425430	2	0.507174
269	41	59.736771	1	63.000000	57.523269	2	0.478040
270	42	59.736771	1	63.000000	57.823274	1	0.514582
271	43	59.736771	1	63.000000	57.395544	1	0.381728
272	44	59.736771	2	63.000000	61.960716	1	0.558088
273	45	59.736771	2	63.000000	66.926490	1	0.774986
274	46	59.736771	1	63.000000	57.765488	2	0.551154
275	47	59.736771	2	63.000000	66.753814	1	1.464255
276	48	59.736771	2	63.000000	65.795787	2	0.748549
277	49	59.736771	2	63.000000	61.238231	1	0.782110
278	50	59.736771	1	63.000000	57.013582	2	0.325552
279	51	59.736771	1	63.000000	56.352025	2	0.322756
280	52	59.736771	2	63.000000	64.283647	2	0.538740
281	53	59.736771	1	63.000000	56.450214	2	0.668275
282	54	59.736771	2	63.000000	64.237007	2	0.496421
283	55	59.736771	1	63.000000	56.628624	2	1.732413
284	56	59.736771	2	63.000000	62.321502	2	0.663427
285	57	59.736771	1	63.000000	56.237852	2	0.746619
286	58	59.736771	2	63.000000	69.224097	2	1.100187
287	59	59.736771	1	63.000000	56.583136	1	0.542702
288	60	59.736771	1	63.000000	57.870734	1	1.688406
289	61	59.736771	1	63.000000	56.409067	1	0.580385
290	62	59.736771	2	63.000000	64.243048	1	0.939604
291	63	59.736771	1	63.000000	58.060264	2	0.924901
292	64	59.736771	1	63.000000	57.505991	1	0.815026
293	65	59.736771	1	63.000000	57.923981	1	0.485699
294	66	59.736771	2	63.000000	62.724286	1	0.537504
295	67	59.736771	1	63.000000	58.332849	1	0.683242
296	68	59.736771	1	63.000000	58.186137	1	0.334761
297	69	59.736771	1	63.000000	56.968493	1	0.400710
298	70	59.736771	2	63.000000	61.957272	1	0.687682
299	71	59.736771	2	63.000000	68.305037	1	0.395289
300	72	59.736771	1	63.000000	56.801240	2	0.499160
301	73	59.736771	1	63.000000	57.712441	1	0.646288
302	74	59.736771	2	63.000000	61.634578	1	0.371717
303	75	59.736771	1	63.000000	58.095423	1	1.012292
304	76	59.736771	1	63.000000	57.430362	1	0.522947
305	77	59.736771	2	63.000000	64.305296	1	0.341324
306	78	59.736771	1	63.000000	57.681315	1	0.743172
307	79	59.736771	1	63.000000	58.074726	1	0.688550
308	80	59.736771	1	63.000000	56.698735	1	0.556255
309	81	59.736771	2	63.000000	63.407327	1	0.669100
310	82	59.736771	1	63.000000	57.182941	1	0.723374
311	83	59.736771	2	63.000000	66.997552	2	0.475678
312	84	59.736771	1	63.000000	56.350631	1	0.600066
313	85	59.736771	2	63.000000	69.978373	2	0.983086
314	86	59.736771	1	63.000000	57.054486	1	0.678423
315	87	59.736771	2	63.000000	66.197857	2	0.570654
316	88	59.736771	2	63.000000	68.505596	1	0.619006
317	89	59.736771	2	63.000000	67.374656	2	0.681262
318	90	59.736771	1	63.000000	58.001227	1	0.581308
319	91	59.736771	1	63.000000	56.184587	1	0.797840
320	92	59.736771	2	63.000000	67.050129	2	0.509224
321	93	59.736771	2	63.000000	68.724427	1	0.456284
322	94	59.736771	1	63.000000	57.600000	1	0.669426
323	95	59.736771	2	63.000000	61.953794	1	0.457664
324	96	59.736771	1	63.000000	57.949099	1	0.663297
325	97	59.736771	2	63.000000	67.349937	1	0.499749
326	98	59.736771	1	63.000000	56.827404	2	0.286745
327	99	59.736771	1	63.000000	58.187049	1	0.522500
328	100	59.736771	1	63.000000	57.649028	2	0.509011
329	101	59.736771	2	63.000000	61.736842	1	0.632193
330	102	59.736771	1	63.000000	56.458484	1	0.597744
331	103	59.736771	2	63.000000	69.797327	1	0.701296
332	104	59.736771	1	63.000000	56.076433	1	0.528269
333	105	59.736771	2	63.000000	61.619291	2	0.442536
334	106	59.736771	2	63.000000	67.000958	1	1.184257
335	107	59.736771	1	63.000000	56.492198	1	0.655457
336	108	59.736771	2	63.000000	67.557441	2	0.652389
337	109	59.736771	1	63.000000	58.126564	2	1.009359
338	110	59.736771	2	63.000000	69.708671	2	0.879866
339	111	59.736771	1	63.000000	57.470055	1	0.492155
340	112	59.736771	2	63.000000	67.178283	2	0.551759
341	113	59.736771	2	63.000000	69.424320	1	0.600773
342	114	59.736771	2	63.000000	63.044411	1	1.471816
343	115	59.736771	2	63.000000	69.931248	2	0.667385
344	116	59.736771	1	63.000000	57.458691	1	0.455656
345	117	59.736771	2	63.000000	66.283745	2	0.708701
346	118	59.736771	1	63.000000	56.640941	1	0.431731
347	119	59.736771	1	63.000000	56.815998	1	0.653377
348	120	59.736771	1	63.000000	58.171950	1	0.674449
349	121	59.736771	2	63.000000	62.381798	1	1.686550
350	122	59.736771	2	63.000000	69.902270	2	0.953433
351	123	59.736771	2	63.000000	62.437584	1	1.178262
352	124	59.736771	2	63.000000	64.328601	2	0.769909
353	125	59.736771	1	63.000000	57.870487	2	1.154139
354	126	59.736771	1	63.000000	56.587351	1	3.081696
355	127	59.736771	1	63.000000	57.702623	1	0.445214
356	128	59.736771	2	63.000000	63.628149	1	0.458968
357	129	59.736771	2	63.000000	63.474590	2	0.919885
358	130	59.736771	1	63.000000	56.552531	2	0.634048
359	131	59.736771	2	63.000000	63.713689	1	1.447624
360	132	59.736771	2	63.000000	63.965784	2	0.771913
361	133	59.736771	1	63.000000	57.960882	2	0.748239
362	134	59.736771	2	63.000000	68.576021	2	1.453622
363	135	59.736771	2	63.000000	63.640286	2	1.130093
364	136	59.736771	1	63.000000	57.121496	2	0.379929
365	137	59.736771	1	63.000000	57.074413	1	0.740326
366	138	59.736771	1	63.000000	56.606343	1	0.389952
367	139	59.736771	1	63.000000	57.910834	1	0.501730
368	140	59.736771	1	63.000000	56.012515	1	0.624684
369	141	59.736771	2	63.000000	64.277430	1	0.582950
370	142	59.736771	2	63.000000	66.292878	2	0.430624
371	143	59.736771	2	63.000000	62.208431	2	0.837195
372	144	59.736771	1	63.000000	57.137954	2	0.938598
373	145	59.736771	2	63.000000	69.430948	1	0.291962
374	146	59.736771	1	63.000000	56.302241	1	1.335917
375	147	59.736771	2	63.000000	61.431392	2	1.200802
376	148	59.736771	2	63.000000	64.490549	2	1.367319
377	149	59.736771	1	63.000000	58.230703	2	1.535045
378	150	59.736771	2	63.000000	67.466640	2	1.904020
379	151	59.736771	2	63.000000	68.431236	2	1.321872
380	152	59.736771	2	63.000000	66.107959	2	0.611978
381	153	59.736771	2	63.000000	63.475403	2	0.418677
382	154	59.736771	2	63.000000	62.972878	2	0.537297
383	155	59.736771	2	63.000000	67.333376	2	0.498980
384	156	59.736771	1	63.000000	56.946964	2	0.310025
385	157	59.736771	1	63.000000	57.816343	1	0.433143
386	158	59.736771	2	63.000000	62.082602	2	0.846871
387	159	59.736771	2	63.000000	65.834757	1	0.620260
388	160	59.736771	2	63.000000	67.099019	1	1.288973
389	161	59.736771	1	63.000000	57.393474	2	0.333761
390	162	59.736771	1	63.000000	57.986633	2	0.263399
391	163	59.736771	2	63.000000	62.256091	3	0.796754
392	164	59.736771	1	63.000000	56.730014	1	0.440618
393	165	59.736771	1	63.000000	57.107951	1	0.726442
394	166	59.736771	1	63.000000	56.958142	1	0.488702
395	167	59.736771	2	63.000000	61.474419	1	0.476301
396	168	59.736771	1	63.000000	58.096012	1	0.800761
397	169	59.736771	2	63.000000	66.672021	2	0.639642
398	170	59.736771	1	63.000000	56.195593	1	0.421268
399	171	59.736771	2	63.000000	62.668814	2	0.851537
400	172	59.736771	1	63.000000	56.542625	1	0.440345
401	173	59.736771	1	63.000000	56.590187	1	0.854115
402	174	59.736771	1	63.000000	58.286117	1	0.466931
403	175	59.736771	2	63.000000	64.581059	1	0.368499
404	176	59.736771	2	63.000000	65.532045	2	0.383781
405	177	59.736771	1	63.000000	57.067601	2	0.431684
406	178	59.736771	2	63.000000	63.409599	1	0.901337
407	179	59.736771	1	63.000000	57.738446	2	0.776137
408	180	59.736771	2	63.000000	64.453983	1	1.080363
409	181	59.736771	1	63.000000	57.428020	1	1.348284
410	182	59.736771	1	63.000000	56.469840	1	0.717195
411	183	59.736771	2	63.000000	67.250618	2	1.799491
412	184	59.736771	1	63.000000	57.495532	2	0.845538
413	185	59.736771	2	63.000000	63.280300	2	1.059027
414	186	59.736771	1	63.000000	56.326586	2	1.033054
415	187	59.736771	2	63.000000	66.261941	2	0.804930
416	188	59.736771	1	63.000000	56.372909	1	0.739790
417	189	59.736771	1	63.000000	57.695785	1	0.573418
418	190	59.736771	1	63.000000	57.526197	1	0.470762
419	191	59.736771	2	63.000000	68.746345	2	0.770043
420	192	59.736771	2	63.000000	61.787574	2	0.730160
421	193	59.736771	1	63.000000	57.159098	1	0.604357
422	194	59.736771	1	63.000000	56.804983	1	0.747416
423	195	59.736771	1	63.000000	56.744709	1	0.636909
424	196	59.736771	2	63.000000	61.884211	2	1.370559
425	197	59.736771	2	63.000000	64.104948	2	0.834276
426	198	59.736771	1	63.000000	58.103707	1	0.895844
427	1	46.215301	1	49.000000	44.461904	2	1.939395
428	2	46.215301	1	49.000000	44.804934	1	0.362754
429	3	46.215301	1	49.000000	42.467343	1	0.635818
430	4	46.215301	2	49.000000	50.990590	1	0.433547
431	5	46.215301	2	49.000000	53.175650	1	2.503293
432	6	46.215301	2	49.000000	55.184486	2	0.376694
433	7	46.215301	2	49.000000	51.279063	2	1.465197
434	8	46.215301	2	49.000000	52.364067	2	0.541554
435	9	46.215301	2	49.000000	48.813553	2	0.423334
436	10	46.215301	1	49.000000	43.822905	2	0.429675
437	11	46.215301	1	49.000000	43.155022	1	2.108057
438	12	46.215301	2	49.000000	49.806166	1	0.981958
439	13	46.215301	2	49.000000	53.432315	2	0.670072
440	14	46.215301	1	49.000000	42.305552	2	2.074141
441	15	46.215301	2	49.000000	51.434129	1	1.189313
442	16	46.215301	1	49.000000	42.997445	2	3.348612
443	17	46.215301	1	49.000000	44.051461	1	0.564001
444	18	46.215301	1	49.000000	44.328788	1	0.717135
445	19	46.215301	2	49.000000	48.421120	1	0.679355
446	20	46.215301	2	49.000000	49.139981	2	4.163610
447	21	46.215301	1	49.000000	42.561390	2	0.737821
448	22	46.215301	1	49.000000	42.790221	1	0.747472
449	23	46.215301	2	49.000000	55.178199	1	1.476798
450	24	46.215301	2	49.000000	51.520880	1	2.448552
451	25	46.215301	2	49.000000	51.424309	2	1.364696
452	26	46.215301	1	49.000000	43.094454	2	1.445222
453	27	46.215301	2	49.000000	54.159606	2	1.642172
454	28	46.215301	1	49.000000	42.790380	2	0.816826
455	29	46.215301	2	49.000000	50.921367	2	1.525845
456	30	46.215301	2	49.000000	48.063163	2	0.431447
457	31	46.215301	1	49.000000	43.230679	2	0.381867
458	32	46.215301	1	49.000000	42.259538	1	0.621709
459	33	46.215301	1	49.000000	43.391274	1	0.523973
460	34	46.215301	2	49.000000	54.904170	1	0.399552
461	35	46.215301	2	49.000000	50.850675	2	1.261443
462	36	46.215301	1	49.000000	43.391896	2	0.562009
463	37	46.215301	2	49.000000	51.936646	1	0.268698
464	38	46.215301	2	49.000000	51.063067	1	1.215368
465	39	46.215301	2	49.000000	51.537356	2	0.333945
466	40	46.215301	2	49.000000	54.125036	2	0.335638
467	41	46.215301	1	49.000000	43.963545	1	1.305649
468	42	46.215301	1	49.000000	43.201696	1	1.156019
469	43	46.215301	2	49.000000	54.852844	2	0.644654
470	44	46.215301	1	49.000000	42.591959	1	1.018210
471	45	46.215301	1	49.000000	43.147588	1	1.248318
472	46	46.215301	2	49.000000	47.650158	1	0.973432
473	47	46.215301	1	49.000000	42.696704	2	0.886291
474	48	46.215301	1	49.000000	43.657048	1	1.400074
475	49	46.215301	2	49.000000	54.088860	2	0.646556
476	50	46.215301	1	49.000000	43.743670	1	0.612010
477	51	46.215301	2	49.000000	49.954003	1	1.116157
478	52	46.215301	1	49.000000	42.243012	2	1.701630
479	53	46.215301	2	49.000000	50.832413	2	1.535924
480	54	46.215301	2	49.000000	52.412095	2	0.696750
481	55	46.215301	1	49.000000	44.408783	2	0.540062
482	56	46.215301	2	49.000000	55.555830	2	0.597998
483	57	46.215301	1	49.000000	42.260328	1	0.533685
484	58	46.215301	1	49.000000	44.629114	1	0.639299
485	59	46.215301	2	49.000000	49.688459	2	0.684963
486	60	46.215301	1	49.000000	44.178621	1	0.769784
487	61	46.215301	1	49.000000	42.583426	1	0.952775
488	62	46.215301	1	49.000000	42.066584	1	0.809361
