1	1	64.364055	2	63.000000	67.544317	2	1.106558
2	2	64.364055	2	63.000000	67.731820	2	1.710826
3	3	64.364055	2	63.000000	67.731224	2	2.280425
4	4	64.364055	1	63.000000	58.549846	2	2.802355
5	5	64.364055	2	63.000000	66.749515	1	1.431726
6	6	64.364055	1	63.000000	57.686377	2	0.909342
7	7	64.364055	2	63.000000	67.138721	2	1.600068
8	8	64.364055	2	63.000000	66.466031	2	2.462159
9	9	64.364055	1	63.000000	60.601149	1	3.435739
10	10	64.364055	1	63.000000	56.514909	2	3.077948
11	11	64.364055	1	63.000000	59.198465	1	2.408405
12	12	64.364055	1	63.000000	56.849243	2	0.949963
13	13	64.364055	1	63.000000	59.206175	2	1.070717
14	14	64.364055	1	63.000000	56.818536	1	1.914658
15	15	64.364055	2	63.000000	67.898825	2	2.604658
16	16	64.364055	1	63.000000	60.195616	2	1.194031
17	17	64.364055	2	63.000000	69.846263	2	0.817114
18	18	64.364055	2	63.000000	66.353083	1	1.439349
19	19	64.364055	2	63.000000	68.576916	2	2.860371
20	20	64.364055	2	63.000000	69.250428	2	0.761292
21	21	64.364055	1	63.000000	60.727829	1	1.890401
22	22	64.364055	2	63.000000	65.769402	2	1.315141
23	23	64.364055	1	63.000000	60.087971	1	1.149612
24	24	64.364055	2	63.000000	68.969842	2	0.637936
25	25	64.364055	2	63.000000	66.276512	2	0.779781
26	26	64.364055	2	63.000000	68.800950	2	1.547859
27	27	64.364055	2	63.000000	69.052319	2	2.476850
28	28	64.364055	1	63.000000	61.205546	1	1.111653
29	29	64.364055	2	63.000000	68.594773	2	1.428142
30	30	64.364055	1	63.000000	57.205854	1	0.927785
31	1	74.906700	1	77.000000	72.598923	2	1.260886
32	2	74.906700	2	77.000000	79.398563	1	1.083346
33	3	74.906700	2	77.000000	77.399468	1	1.389346
34	4	74.906700	2	77.000000	78.763434	2	1.868424
35	5	74.906700	2	77.000000	83.850502	1	1.495922
36	6	74.906700	2	77.000000	83.155666	2	0.546645
37	7	74.906700	1	77.000000	71.725116	1	1.484403
38	8	74.906700	2	77.000000	76.618480	2	1.223573
39	9	74.906700	1	77.000000	71.027108	2	1.085229
40	10	74.906700	1	77.000000	73.005247	2	0.792473
41	11	74.906700	1	77.000000	70.270839	1	1.575984
42	12	74.906700	1	77.000000	70.793054	1	0.767683
43	13	74.906700	2	77.000000	81.043880	2	1.263811
44	14	74.906700	2	77.000000	82.866150	1	1.252141
45	15	74.906700	2	77.000000	82.452693	1	4.288697
46	16	74.906700	2	77.000000	80.055247	2	1.353532
47	17	74.906700	2	77.000000	78.287922	2	1.034038
48	18	74.906700	2	77.000000	77.022565	2	0.752350
49	19	74.906700	1	77.000000	71.802093	2	0.823933
50	20	74.906700	1	77.000000	73.266539	2	0.958264
51	21	74.906700	2	77.000000	81.099417	1	0.686847
52	22	74.906700	2	77.000000	80.678975	2	1.012028
53	23	74.906700	2	77.000000	81.740665	1	1.840977
54	24	74.906700	1	77.000000	72.776132	2	1.069840
55	25	74.906700	1	77.000000	71.706165	2	1.329748
56	26	74.906700	1	77.000000	72.068229	1	0.803499
57	27	74.906700	1	77.000000	72.274944	1	1.706314
58	28	74.906700	1	77.000000	73.136599	4	6.924486
59	29	74.906700	1	77.000000	70.806525	1	0.543008
60	30	74.906700	1	77.000000	70.477180	1	1.552712
61	31	74.906700	2	77.000000	77.532882	2	1.577067
62	32	74.906700	1	77.000000	72.992870	1	2.481636
63	33	74.906700	1	77.000000	71.976368	1	1.395262
64	34	74.906700	2	77.000000	80.221180	2	0.802330
65	35	74.906700	2	77.000000	81.439830	2	1.907053
66	36	74.906700	2	77.000000	80.251852	1	2.539939
67	37	74.906700	1	77.000000	71.245403	2	0.419333
68	38	74.906700	1	77.000000	70.143537	1	0.257718
69	39	74.906700	2	77.000000	77.785528	1	0.983094
70	40	74.906700	1	77.000000	73.446034	2	0.342330
71	41	74.906700	1	77.000000	70.256898	2	0.680197
72	42	74.906700	1	77.000000	71.235314	1	0.772371
73	43	74.906700	2	77.000000	83.445657	2	2.044618
74	44	74.906700	1	77.000000	72.043654	1	1.425081
75	45	74.906700	1	77.000000	73.329051	2	2.328460
76	46	74.906700	1	77.000000	72.553279	2	1.303780
77	47	74.906700	1	77.000000	71.527320	2	1.546207
78	48	74.906700	2	77.000000	77.544447	1	0.459247
79	49	74.906700	1	77.000000	70.431929	2	0.904241
80	50	74.906700	2	77.000000	79.792165	2	2.339090
81	51	74.906700	2	77.000000	82.844835	2	0.979224
82	52	74.906700	2	77.000000	76.542689	1	1.492354
83	53	74.906700	2	77.000000	78.371649	4	19.430257
84	54	74.906700	2	77.000000	80.143946	2	0.611273
85	55	74.906700	2	77.000000	79.044368	1	0.818197
86	56	74.906700	1	77.000000	71.842931	2	1.112185
87	57	74.906700	1	77.000000	70.524137	2	1.410815
88	58	74.906700	2	77.000000	77.662303	1	0.865354
89	59	74.906700	2	77.000000	77.624741	2	0.686110
90	60	74.906700	2	77.000000	81.607456	2	0.721724
91	61	74.906700	2	77.000000	78.760108	2	0.731813
92	62	74.906700	1	77.000000	73.284220	2	1.454090
93	63	74.906700	2	77.000000	77.646499	1	1.090312
94	64	74.906700	1	77.000000	72.388637	2	0.477515
95	65	74.906700	1	77.000000	71.298406	1	1.339980
96	66	74.906700	2	77.000000	81.169859	1	1.242993
97	67	74.906700	2	77.000000	82.011610	2	1.232205
98	68	74.906700	2	77.000000	82.333854	2	1.326052
99	69	74.906700	2	77.000000	79.048442	1	1.575753
100	70	74.906700	1	77.000000	71.369890	2	1.047424
101	71	74.906700	2	77.000000	77.871986	2	1.100540
102	72	74.906700	1	77.000000	73.169981	2	2.599259
103	73	74.906700	1	77.000000	71.320400	2	0.893405
104	74	74.906700	2	77.000000	82.507162	2	1.232991
105	75	74.906700	1	77.000000	72.044039	1	1.101964
106	76	74.906700	1	77.000000	73.324250	2	1.072602
107	77	74.906700	1	77.000000	71.082103	2	0.540461
108	78	74.906700	1	77.000000	70.263532	1	0.478159
109	79	74.906700	1	77.000000	72.400662	2	1.346614
110	80	74.906700	2	77.000000	77.787482	2	0.763794
111	81	74.906700	1	77.000000	71.717828	1	3.804619
112	82	74.906700	2	77.000000	81.514362	2	0.865156
113	83	74.906700	1	77.000000	71.385520	1	1.261855
114	84	74.906700	1	77.000000	70.826863	1	0.986430
115	85	74.906700	2	77.000000	82.205683	2	0.553462
116	86	74.906700	2	77.000000	82.011768	2	0.746659
117	87	74.906700	1	77.000000	70.284744	1	1.484163
118	88	74.906700	2	77.000000	76.488994	1	1.815197
119	89	74.906700	2	77.000000	82.476283	2	0.605235
120	90	74.906700	2	77.000000	81.024075	2	1.188193
121	91	74.906700	1	77.000000	72.133717	1	1.011297
122	92	74.906700	1	77.000000	70.941987	1	1.651255
123	93	74.906700	2	77.000000	80.728802	2	0.855995
124	1	4.061692	1	7.000000	2.197906	2	1.926875
125	2	4.061692	2	7.000000	7.333423	1	0.512155
126	3	4.061692	2	7.000000	11.694045	2	1.675126
127	4	4.061692	2	7.000000	9.060001	2	0.838417
128	5	4.061692	1	7.000000	0.818048	2	1.132184
129	6	4.061692	1	7.000000	2.404382	2	1.151025
130	7	4.061692	2	7.000000	6.069556	1	0.270536
131	8	4.061692	1	7.000000	0.242224	1	2.643007
132	9	4.061692	2	7.000000	5.887452	1	1.927349
133	10	4.061692	1	7.000000	1.700144	2	1.760507
134	11	4.061692	1	7.000000	0.392048	2	0.480719
135	12	4.061692	1	7.000000	1.061139	1	0.484949
136	13	4.061692	1	7.000000	2.383169	1	4.632681
137	14	4.061692	2	7.000000	8.510257	1	1.299974
138	15	4.061692	2	7.000000	11.268773	2	2.198206
139	16	4.061692	1	7.000000	0.977593	1	1.436697
140	17	4.061692	2	7.000000	11.651078	2	0.865847
141	18	4.061692	1	7.000000	0.343315	1	2.237829
142	19	4.061692	2	7.000000	8.563894	2	0.794328
143	20	4.061692	1	7.000000	0.601192	1	2.105657
144	21	4.061692	2	7.000000	11.864654	2	0.907611
145	22	4.061692	2	7.000000	9.544733	2	1.214421
146	23	4.061692	1	7.000000	1.720711	1	1.564912
147	24	4.061692	1	7.000000	1.732425	1	1.508934
148	25	4.061692	2	7.000000	13.050868	2	0.855275
149	1	49.385107	2	49.000000	53.264449	2	0.988643
150	2	49.385107	2	49.000000	51.064934	2	0.947919
151	3	49.385107	1	49.000000	46.554333	2	2.087298
152	4	49.385107	2	49.000000	53.509015	1	1.008014
153	5	49.385107	1	49.000000	43.104589	1	1.318582
154	6	49.385107	2	49.000000	54.305189	1	2.288369
155	7	49.385107	1	49.000000	47.982505	2	1.258635
156	8	49.385107	2	49.000000	53.519047	2	0.599264
157	9	49.385107	2	49.000000	52.551958	2	0.838139
158	10	49.385107	2	49.000000	55.692736	2	0.851484
159	11	49.385107	1	49.000000	46.970191	2	1.232268
160	12	49.385107	1	49.000000	47.063913	2	0.558129
161	13	49.385107	1	49.000000	42.254208	1	1.311168
162	14	49.385107	1	49.000000	45.792431	1	0.849685
163	15	49.385107	1	49.000000	42.867923	1	2.534402
164	16	49.385107	2	49.000000	54.080649	2	2.454523
165	17	49.385107	2	49.000000	55.956600	2	1.458019
166	18	49.385107	1	49.000000	44.247838	1	1.734475
167	19	49.385107	2	49.000000	55.538892	2	0.895147
168	20	49.385107	1	49.000000	45.715089	1	0.867734
169	21	49.385107	2	49.000000	51.071286	1	1.038669
170	22	49.385107	1	49.000000	45.842285	2	0.987932
171	23	49.385107	1	49.000000	43.508777	1	0.658020
172	24	49.385107	1	49.000000	47.949395	1	1.072252
173	25	49.385107	1	49.000000	47.087696	2	2.916288
174	26	49.385107	1	49.000000	47.737818	1	1.981307
175	27	49.385107	2	49.000000	54.731692	2	3.116520
176	28	49.385107	1	49.000000	44.108117	1	0.797849
177	29	49.385107	2	49.000000	51.598748	1	1.285210
178	30	49.385107	1	49.000000	46.610217	1	0.736323
179	31	49.385107	2	49.000000	51.727082	1	0.993866
180	32	49.385107	1	49.000000	46.428966	1	0.777249
181	33	49.385107	2	49.000000	52.549226	2	1.201298
182	34	49.385107	2	49.000000	51.951831	2	0.865603
183	35	49.385107	2	49.000000	53.389044	2	1.580563
184	36	49.385107	1	49.000000	42.273162	1	1.188414
185	37	49.385107	2	49.000000	54.789323	2	1.819473
186	38	49.385107	2	49.000000	53.475214	2	0.768682
187	39	49.385107	1	49.000000	46.032546	2	3.354842
188	40	49.385107	1	49.000000	44.598465	1	0.609647
189	41	49.385107	2	49.000000	55.607984	1	1.406858
190	42	49.385107	1	49.000000	47.022424	1	1.109049
191	43	49.385107	2	49.000000	53.680083	2	0.679668
192	44	49.385107	2	49.000000	54.547687	2	0.883995
193	45	49.385107	1	49.000000	43.711509	1	1.031313
194	46	49.385107	2	49.000000	52.361318	2	1.165237
195	47	49.385107	1	49.000000	45.271484	1	1.149970
196	48	49.385107	1	49.000000	45.324328	1	1.190499
197	49	49.385107	1	49.000000	44.758072	2	3.013643
198	50	49.385107	1	49.000000	46.292499	1	0.818572
199	51	49.385107	1	49.000000	42.621735	2	0.824867
200	52	49.385107	1	49.000000	42.487971	1	1.271010
201	53	49.385107	1	49.000000	42.984818	1	1.378814
202	54	49.385107	1	49.000000	44.329592	1	2.290522
203	55	49.385107	1	49.000000	47.899986	3	2.246571
204	56	49.385107	1	49.000000	45.993877	2	0.317750
205	57	49.385107	1	49.000000	44.664136	1	0.528224
206	58	49.385107	2	49.000000	53.922006	2	1.498485
207	59	49.385107	1	49.000000	47.913472	2	0.949502
208	60	49.385107	1	49.000000	47.368220	2	0.078102
209	61	49.385107	2	49.000000	52.299988	1	0.898978
210	62	49.385107	1	49.000000	46.134574	1	1.486360
211	63	49.385107	1	49.000000	47.049040	1	1.553344
212	64	49.385107	2	49.000000	52.823876	2	0.665580
213	65	49.385107	1	49.000000	45.589672	2	0.853903
214	66	49.385107	2	49.000000	54.511543	2	0.658529
215	67	49.385107	1	49.000000	45.482584	1	1.199566
216	68	49.385107	1	49.000000	45.167401	2	1.022000
217	69	49.385107	1	49.000000	47.345332	1	1.965745
218	70	49.385107	2	49.000000	53.151599	2	1.565808
219	71	49.385107	2	49.000000	55.669402	2	2.476035
220	72	49.385107	1	49.000000	44.720663	1	0.767044
221	73	49.385107	1	49.000000	43.499493	2	0.871135
222	74	49.385107	1	49.000000	43.935958	1	1.595309
223	75	49.385107	2	49.000000	52.300480	1	1.082174
224	76	49.385107	1	49.000000	45.221226	2	0.974065
225	77	49.385107	2	49.000000	53.668647	2	0.478206
226	78	49.385107	1	49.000000	45.377965	2	1.170425
227	79	49.385107	2	49.000000	54.544484	1	1.010400
228	80	49.385107	2	49.000000	53.403592	2	0.449088
229	81	49.385107	1	49.000000	42.721733	1	2.326272
230	82	49.385107	1	49.000000	47.269675	2	0.727157
231	83	49.385107	2	49.000000	54.898886	2	0.689352
232	84	49.385107	1	49.000000	42.825947	1	1.420794
233	85	49.385107	1	49.000000	42.984079	1	1.258663
234	86	49.385107	1	49.000000	44.524040	1	0.911033
235	87	49.385107	2	49.000000	52.795575	2	0.961958
236	88	49.385107	2	49.000000	55.328566	2	0.602616
237	89	49.385107	2	49.000000	52.935270	2	0.801517
238	90	49.385107	1	49.000000	44.860635	1	1.320457
239	91	49.385107	2	49.000000	54.731224	2	1.698140
240	92	49.385107	1	49.000000	42.359236	2	1.292981
241	93	49.385107	2	49.000000	54.424717	2	0.976019
242	1	37.445622	1	35.000000	32.736317	1	1.350833
243	2	37.445622	1	35.000000	31.849613	1	0.633084
244	3	37.445622	1	35.000000	31.270528	2	0.749591
245	4	37.445622	2	35.000000	40.142260	2	1.014416
246	5	37.445622	1	35.000000	32.285686	1	0.653089
247	6	37.445622	2	35.000000	41.117017	2	0.626036
248	7	37.445622	2	35.000000	40.739675	2	0.688336
249	8	37.445622	1	35.000000	32.992408	2	0.971887
250	9	37.445622	1	35.000000	30.551048	1	0.627992
251	10	37.445622	1	35.000000	28.478917	1	1.338117
252	11	37.445622	2	35.000000	41.140664	1	4.211242
253	12	37.445622	2	35.000000	39.574670	1	0.943652
254	13	37.445622	1	35.000000	35.509483	2	0.568854
255	14	37.445622	2	35.000000	39.736126	2	0.881243
256	15	37.445622	1	35.000000	28.442345	1	1.453310
257	16	37.445622	2	35.000000	40.114811	2	1.825648
258	17	37.445622	1	35.000000	35.088710	1	1.423059
259	18	37.445622	2	35.000000	40.720540	2	2.436745
260	19	37.445622	1	35.000000	31.114231	1	1.472791
261	20	37.445622	1	35.000000	31.220698	2	1.012672
262	21	37.445622	2	35.000000	40.179262	2	0.835095
263	22	37.445622	1	35.000000	32.326868	2	1.184573
264	23	37.445622	1	35.000000	28.739007	2	1.703798
265	24	37.445622	2	35.000000	39.028839	2	0.761897
266	25	37.445622	2	35.000000	38.917648	2	1.066747
267	26	37.445622	1	35.000000	34.789817	1	2.566821
268	27	37.445622	1	35.000000	31.193775	1	1.062363
269	28	37.445622	1	35.000000	32.035555	1	2.730826
270	29	37.445622	1	35.000000	35.488800	2	1.427508
271	30	37.445622	1	35.000000	29.148754	1	1.241215
272	31	37.445622	2	35.000000	39.409281	1	1.598362
273	32	37.445622	2	35.000000	40.802070	2	0.925302
274	33	37.445622	2	35.000000	39.078662	2	2.015325
275	34	37.445622	2	35.000000	39.047320	2	0.789140
276	35	37.445622	2	35.000000	39.443091	2	1.892769
277	36	37.445622	1	35.000000	31.367860	1	1.711330
278	37	37.445622	2	35.000000	40.990135	2	1.121327
279	38	37.445622	1	35.000000	30.816096	1	1.483388
280	39	37.445622	1	35.000000	31.742963	1	1.390265
281	40	37.445622	2	35.000000	40.723274	1	1.877368
282	41	37.445622	2	35.000000	39.161857	2	0.536707
283	42	37.445622	2	35.000000	41.325700	2	0.658398
284	43	37.445622	1	35.000000	32.183684	1	1.279270
285	44	37.445622	1	35.000000	31.277219	1	1.099333
286	45	37.445622	2	35.000000	41.272359	2	2.549588
287	1	93.539130	2	91.000000	95.689318	2	1.258079
288	2	93.539130	1	91.000000	85.432640	1	1.236970
289	3	93.539130	1	91.000000	84.561852	1	0.577980
290	4	93.539130	1	91.000000	90.429582	1	1.610347
291	5	93.539130	1	91.000000	88.863510	2	2.016504
292	6	93.539130	1	91.000000	87.365077	1	1.166427
293	7	93.539130	2	91.000000	95.208417	2	1.214233
294	8	93.539130	1	91.000000	85.062704	1	0.508817
295	9	93.539130	2	91.000000	94.986534	2	2.679704
296	10	93.539130	1	91.000000	85.609189	1	0.586504
297	11	93.539130	2	91.000000	96.667855	2	0.634225
298	12	93.539130	2	91.000000	95.667748	2	0.767803
299	13	93.539130	2	91.000000	95.273024	2	1.255936
300	14	93.539130	2	91.000000	96.313443	2	1.948622
301	1	19.519087	1	21.000000	14.423055	1	1.008364
302	2	19.519087	2	21.000000	27.376509	2	0.894954
303	3	19.519087	2	21.000000	24.611930	2	0.930408
304	4	19.519087	2	21.000000	24.748421	1	0.588695
305	5	19.519087	2	21.000000	25.491415	2	0.748208
306	6	19.519087	2	21.000000	26.443478	1	1.373739
307	7	19.519087	2	21.000000	26.485734	2	0.399508
308	8	19.519087	1	21.000000	15.429521	2	0.580529
309	9	19.519087	2	21.000000	25.875587	2	0.852971
310	10	19.519087	1	21.000000	15.795451	2	2.241662
311	11	19.519087	2	21.000000	25.955589	1	0.862092
312	12	19.519087	1	21.000000	17.111451	1	0.642902
313	13	19.519087	1	21.000000	14.250526	1	0.680452
314	14	19.519087	1	21.000000	17.858396	1	0.612616
315	15	19.519087	1	21.000000	16.235827	1	0.843712
316	16	19.519087	2	21.000000	22.734610	2	0.721252
317	17	19.519087	2	21.000000	24.250476	2	0.659471
318	18	19.519087	2	21.000000	27.794411	2	1.280197
319	19	19.519087	2	21.000000	27.405713	2	0.972098
320	20	19.519087	1	21.000000	14.929984	2	0.876011
321	21	19.519087	1	21.000000	17.649952	2	1.023903
322	22	19.519087	1	21.000000	15.806306	1	0.422091
323	23	19.519087	2	21.000000	26.420696	1	0.836934
324	24	19.519087	1	21.000000	15.283542	2	0.626193
325	25	19.519087	1	21.000000	16.325961	2	0.736337
326	26	19.519087	2	21.000000	21.118013	2	1.153954
327	27	19.519087	2	21.000000	24.490708	2	1.130310
328	28	19.519087	1	21.000000	17.249783	1	2.284318
329	29	19.519087	1	21.000000	18.009525	1	1.206636
330	30	19.519087	2	21.000000	27.078126	2	1.413081
331	31	19.519087	2	21.000000	24.871356	2	1.171641
332	32	19.519087	1	21.000000	16.715758	2	2.413720
333	33	19.519087	2	21.000000	25.563569	2	1.240952
334	34	19.519087	2	21.000000	21.861198	2	2.078168
335	35	19.519087	2	21.000000	26.118858	2	1.041274
336	36	19.519087	1	21.000000	15.250228	1	2.470658
337	37	19.519087	2	21.000000	21.997569	2	1.001474
338	38	19.519087	1	21.000000	17.123665	2	1.568149
339	39	19.519087	2	21.000000	26.235277	2	2.807676
340	40	19.519087	1	21.000000	14.999180	2	1.197140
341	41	19.519087	2	21.000000	26.271946	2	1.078119
342	42	19.519087	2	21.000000	25.743758	2	0.832222
343	43	19.519087	2	21.000000	26.110502	1	1.198192
344	44	19.519087	2	21.000000	25.623792	2	0.669536
345	45	19.519087	1	21.000000	14.206593	1	1.113660
346	46	19.519087	2	21.000000	27.942551	2	0.852339
347	47	19.519087	2	21.000000	26.957619	2	0.753186
348	48	19.519087	2	21.000000	21.151234	1	1.009974
349	49	19.519087	1	21.000000	15.048024	1	0.800751
350	50	19.519087	1	21.000000	16.107854	2	0.895431
351	51	19.519087	2	21.000000	21.603970	2	0.938862
352	52	19.519087	1	21.000000	15.162768	1	1.804264
353	53	19.519087	1	21.000000	14.784987	2	0.794384
354	54	19.519087	2	21.000000	25.692495	1	0.529717
355	55	19.519087	2	21.000000	24.754126	2	0.043883
356	56	19.519087	1	21.000000	15.005912	1	1.764034
357	57	19.519087	2	21.000000	26.885992	1	1.450467
358	58	19.519087	2	21.000000	24.391477	1	1.406639
359	59	19.519087	2	21.000000	22.708026	3	1.189003
360	60	19.519087	2	21.000000	23.890270	2	0.281329
361	61	19.519087	2	21.000000	26.468814	2	0.669775
362	62	19.519087	1	21.000000	14.670857	2	0.673938
363	63	19.519087	1	21.000000	15.880708	1	1.198279
364	64	19.519087	1	21.000000	14.940057	1	1.127404
365	65	19.519087	2	21.000000	23.001429	2	0.735364
366	66	19.519087	1	21.000000	17.491864	1	2.176819
367	67	19.519087	2	21.000000	26.634145	2	0.704133
368	68	19.519087	2	21.000000	21.913646	2	0.762854
369	69	19.519087	1	21.000000	15.293020	1	2.067884
370	70	19.519087	2	21.000000	25.353396	2	0.742864
371	71	19.519087	1	21.000000	16.933142	2	1.240517
372	72	19.519087	1	21.000000	16.860273	2	0.797451
373	73	19.519087	1	21.000000	16.048721	1	1.357174
374	74	19.519087	1	21.000000	18.052120	1	1.893619
375	75	19.519087	1	21.000000	14.701046	1	0.656127
376	76	19.519087	1	21.000000	17.211088	2	1.309014
377	77	19.519087	2	21.000000	27.212818	1	0.367520
378	78	19.519087	1	21.000000	16.698759	2	0.121513
379	79	19.519087	1	21.000000	15.108662	1	0.018389
380	80	19.519087	1	21.000000	15.922800	1	0.769454
381	81	19.519087	2	21.000000	23.821394	2	0.857680
382	82	19.519087	1	21.000000	16.474456	2	0.838275
383	83	19.519087	1	21.000000	16.879077	1	0.923870
384	84	19.519087	2	21.000000	26.486301	1	0.661875
385	85	19.519087	1	21.000000	14.632461	2	0.546751
386	86	19.519087	1	21.000000	14.981513	1	0.724456
387	87	19.519087	2	21.000000	25.634707	4	10.312447
388	88	19.519087	2	21.000000	21.194036	2	0.687421
389	89	19.519087	2	21.000000	21.141741	2	0.826926
390	90	19.519087	1	21.000000	15.960309	2	2.352934
391	91	19.519087	1	21.000000	14.431237	1	0.336711
392	92	19.519087	2	21.000000	26.038449	2	0.866552
393	93	19.519087	2	21.000000	25.489102	2	0.694449
394	94	19.519087	2	21.000000	22.750427	2	1.178152
395	95	19.519087	2	21.000000	26.985865	2	0.777794
396	96	19.519087	2	21.000000	26.187517	1	1.234193
397	97	19.519087	2	21.000000	26.972675	2	4.263372
398	98	19.519087	2	21.000000	24.762526	2	1.001632
399	99	19.519087	2	21.000000	24.463263	2	0.880152
400	100	19.519087	1	21.000000	16.454013	1	2.156134
401	101	19.519087	1	21.000000	14.721878	1	0.700168
402	102	19.519087	2	21.000000	26.318006	2	0.654920
403	103	19.519087	2	21.000000	23.723842	1	1.060126
404	104	19.519087	2	21.000000	25.975999	2	0.904591
405	105	19.519087	2	21.000000	25.231762	2	0.795291
406	106	19.519087	2	21.000000	24.643242	2	0.602686
407	107	19.519087	1	21.000000	17.169842	1	1.569657
408	108	19.519087	1	21.000000	15.765376	1	0.793264
409	109	19.519087	1	21.000000	14.939417	2	1.048717
410	110	19.519087	1	21.000000	16.002823	2	0.566062
411	111	19.519087	1	21.000000	15.062860	2	0.558336
412	112	19.519087	1	21.000000	14.684835	2	1.223389
413	113	19.519087	1	21.000000	16.034775	1	4.013251
414	114	19.519087	1	21.000000	14.037174	2	0.921588
415	115	19.519087	1	21.000000	16.611218	1	1.123714
416	116	19.519087	2	21.000000	27.221216	1	1.790725
417	117	19.519087	1	21.000000	15.618582	2	0.748287
418	118	19.519087	2	21.000000	22.448426	2	1.461744
419	119	19.519087	1	21.000000	17.078528	2	1.089993
420	120	19.519087	2	21.000000	26.487185	2	0.013032
421	121	19.519087	2	21.000000	21.675559	1	1.270629
422	122	19.519087	2	21.000000	23.598073	1	1.296471
423	123	19.519087	2	21.000000	24.261642	2	0.235608
424	124	19.519087	2	21.000000	22.544907	2	0.833775
425	125	19.519087	1	21.000000	16.329521	2	1.287030
426	126	19.519087	2	21.000000	27.365739	1	0.754273
427	127	19.519087	2	21.000000	21.875775	2	0.650990
428	128	19.519087	1	21.000000	16.117432	2	2.360095
429	129	19.519087	1	21.000000	16.544545	2	1.112593
430	130	19.519087	1	21.000000	17.810673	2	0.842256
431	131	19.519087	2	21.000000	23.112305	2	4.447678
432	132	19.519087	2	21.000000	26.366471	1	2.514363
433	133	19.519087	1	21.000000	16.387904	2	1.116155
434	134	19.519087	1	21.000000	17.201180	2	0.741685
435	135	19.519087	2	21.000000	21.058574	1	0.695395
436	136	19.519087	2	21.000000	21.624502	4	7.618841
437	137	19.519087	1	21.000000	14.719220	2	0.128873
438	138	19.519087	2	21.000000	24.594964	2	0.827628
439	139	19.519087	2	21.000000	24.030322	2	0.545568
440	140	19.519087	2	21.000000	25.471234	1	0.883339
441	141	19.519087	1	21.000000	14.403988	1	0.214950
442	142	19.519087	1	21.000000	17.886876	2	0.502084
443	143	19.519087	1	21.000000	15.602545	2	0.705132
444	144	19.519087	2	21.000000	26.246971	2	0.572061
445	145	19.519087	1	21.000000	15.172379	2	0.812429
446	146	19.519087	2	21.000000	24.885212	1	1.355192
447	147	19.519087	2	21.000000	23.869470	2	0.635599
448	148	19.519087	1	21.000000	15.442368	1	1.065170
449	149	19.519087	2	21.000000	22.530891	2	0.749609
450	150	19.519087	2	21.000000	26.794870	2	0.662651
451	151	19.519087	2	21.000000	21.846184	1	1.035694
452	152	19.519087	2	21.000000	21.866935	1	0.824839
453	153	19.519087	1	21.000000	16.388455	1	1.198827
454	154	19.519087	2	21.000000	27.168151	2	0.638191
455	155	19.519087	2	21.000000	25.547510	1	2.069518
456	156	19.519087	2	21.000000	26.746261	2	0.591075
457	157	19.519087	2	21.000000	24.234215	1	1.158484
458	158	19.519087	1	21.000000	16.955189	1	1.711165
459	159	19.519087	1	21.000000	17.103291	2	1.449340
460	160	19.519087	1	21.000000	14.780696	2	0.886328
