1	1	37.902177	1	35.000000	34.340840	1	1.457656
2	2	37.902177	1	35.000000	31.017892	1	1.262009
3	3	37.902177	1	35.000000	29.904361	1	1.242271
4	4	37.902177	2	35.000000	41.988903	1	0.775609
5	5	37.902177	1	35.000000	29.204011	2	0.975801
6	6	37.902177	1	35.000000	29.307910	1	1.135667
7	7	37.902177	1	35.000000	34.562541	1	1.633058
8	8	37.902177	2	35.000000	41.854887	1	1.061715
9	9	37.902177	1	35.000000	36.113504	1	1.082526
10	10	37.902177	2	35.000000	39.766594	1	0.765833
11	11	37.902177	1	35.000000	32.362021	1	0.893956
12	12	37.902177	2	35.000000	40.088773	2	0.665393
13	13	37.902177	2	35.000000	41.439186	2	0.510223
14	14	37.902177	1	35.000000	35.199951	1	0.697249
15	15	37.902177	2	35.000000	40.691195	1	0.748978
16	16	37.902177	1	35.000000	35.528965	2	1.181649
17	17	37.902177	1	35.000000	35.158842	1	0.917788
18	18	37.902177	2	35.000000	41.989444	1	0.727735
19	19	37.902177	2	35.000000	40.979309	1	0.897881
20	20	37.902177	2	35.000000	41.984379	1	0.901223
21	21	37.902177	1	35.000000	30.946386	2	1.216248
22	22	37.902177	1	35.000000	35.451743	1	0.813910
23	23	37.902177	2	35.000000	40.028119	1	1.356762
24	24	37.902177	1	35.000000	35.228812	1	1.029068
25	25	37.902177	1	35.000000	28.139031	1	0.811066
26	26	37.902177	2	35.000000	41.595694	2	0.569945
27	27	37.902177	1	35.000000	29.939362	1	0.714191
28	28	37.902177	2	35.000000	41.629319	2	0.973085
29	29	37.902177	2	35.000000	40.047141	2	0.861128
30	30	37.902177	2	35.000000	41.046178	1	0.778012
31	31	37.902177	1	35.000000	33.411843	1	0.786088
32	32	37.902177	1	35.000000	30.637441	1	0.697502
33	33	37.902177	2	35.000000	40.118658	2	0.613107
34	34	37.902177	2	35.000000	39.490004	1	0.868046
35	35	37.902177	2	35.000000	39.970585	2	0.744142
36	36	37.902177	1	35.000000	34.968787	1	0.665756
37	37	37.902177	1	35.000000	29.887707	1	0.910000
38	38	37.902177	2	35.000000	41.949021	1	0.896742
39	39	37.902177	1	35.000000	34.317649	1	0.837883
40	40	37.902177	2	35.000000	39.424323	2	0.857501
41	41	37.902177	2	35.000000	40.515276	2	0.886441
42	42	37.902177	1	35.000000	28.899159	1	0.657874
43	43	37.902177	2	35.000000	41.602333	2	0.470643
44	44	37.902177	1	35.000000	35.711333	2	0.643030
45	45	37.902177	2	35.000000	41.272116	1	1.344764
46	46	37.902177	2	35.000000	40.982822	1	0.963503
47	47	37.902177	2	35.000000	40.907274	1	0.834504
48	48	37.902177	1	35.000000	28.030348	1	0.583969
49	49	37.902177	2	35.000000	39.962153	2	0.383643
50	50	37.902177	2	35.000000	40.071937	2	0.703317
51	51	37.902177	2	35.000000	40.052318	2	0.986287
52	52	37.902177	2	35.000000	41.938871	2	0.777634
53	53	37.902177	2	35.000000	39.304372	2	1.377707
54	54	37.902177	1	35.000000	36.320109	2	0.713502
55	55	37.902177	2	35.000000	40.109889	2	0.580302
56	56	37.902177	1	35.000000	32.206825	2	1.012733
57	57	37.902177	1	35.000000	32.691727	2	0.906736
58	58	37.902177	1	35.000000	35.275647	1	1.053661
59	59	37.902177	1	35.000000	31.474191	1	1.737884
60	60	37.902177	1	35.000000	33.243639	1	0.882881
61	61	37.902177	1	35.000000	32.890691	1	1.486086
62	62	37.902177	1	35.000000	30.450487	2	0.785188
63	63	37.902177	2	35.000000	40.340744	2	1.008637
64	64	37.902177	2	35.000000	39.482041	2	0.863193
65	65	37.902177	2	35.000000	41.511517	2	0.532215
66	66	37.902177	2	35.000000	41.845754	2	0.485744
67	67	37.902177	1	35.000000	33.541949	2	0.505484
68	68	37.902177	1	35.000000	30.003332	1	1.332561
69	69	37.902177	1	35.000000	35.418997	2	0.677707
70	70	37.902177	1	35.000000	30.566299	2	0.993932
71	71	37.902177	2	35.000000	39.517744	2	0.673117
72	72	37.902177	2	35.000000	40.935133	2	0.749441
73	73	37.902177	2	35.000000	39.852558	2	0.982496
74	74	37.902177	1	35.000000	33.618417	2	0.573614
75	75	37.902177	2	35.000000	41.654195	2	0.782027
76	76	37.902177	1	35.000000	34.433552	2	1.318022
77	77	37.902177	1	35.000000	29.997730	2	0.927848
78	78	37.902177	2	35.000000	40.187838	2	0.650132
79	79	37.902177	2	35.000000	41.461685	2	0.567039
80	80	37.902177	2	35.000000	41.628662	2	0.799254
81	81	37.902177	1	35.000000	33.916380	2	0.462154
82	82	37.902177	1	35.000000	32.180344	1	0.691222
83	83	37.902177	1	35.000000	35.302375	2	0.718745
84	84	37.902177	2	35.000000	39.980762	2	0.464892
85	85	37.902177	1	35.000000	28.361410	2	1.527768
86	86	37.902177	2	35.000000	41.130383	2	0.935631
87	87	37.902177	2	35.000000	40.300105	1	1.056876
88	88	37.902177	2	35.000000	40.249041	2	0.661700
89	89	37.902177	2	35.000000	40.858169	2	0.834632
90	90	37.902177	1	35.000000	28.450968	2	1.400044
91	91	37.902177	2	35.000000	39.570956	2	1.798268
92	92	37.902177	1	35.000000	35.731292	2	1.837094
93	93	37.902177	2	35.000000	41.741843	2	0.745703
94	94	37.902177	1	35.000000	29.632427	2	1.467312
95	95	37.902177	1	35.000000	31.743190	2	0.886852
96	96	37.902177	2	35.000000	39.393336	2	1.946230
97	97	37.902177	2	35.000000	41.453222	2	0.906855
98	98	37.902177	2	35.000000	39.826906	2	0.805746
99	99	37.902177	2	35.000000	39.725340	2	1.012506
100	100	37.902177	2	35.000000	41.434519	4	6.555237
101	101	37.902177	2	35.000000	39.405390	2	0.964754
102	102	37.902177	1	35.000000	32.273523	2	0.965534
103	103	37.902177	1	35.000000	32.296689	2	2.214113
104	104	37.902177	2	35.000000	39.886579	2	1.723835
105	105	37.902177	2	35.000000	41.169333	2	1.341326
106	106	37.902177	2	35.000000	41.443388	2	1.134282
107	107	37.902177	2	35.000000	41.860704	2	0.943614
108	108	37.902177	2	35.000000	41.124892	2	2.064873
109	109	37.902177	1	35.000000	36.359972	1	1.076770
110	110	37.902177	1	35.000000	31.099857	2	0.640908
111	111	37.902177	2	35.000000	40.099941	1	0.934423
112	112	37.902177	1	35.000000	32.917980	2	0.703843
113	113	37.902177	2	35.000000	40.708465	1	0.610638
114	114	37.902177	1	35.000000	30.105169	2	1.836069
115	115	37.902177	1	35.000000	35.407976	2	0.822349
116	116	37.902177	2	35.000000	39.637115	1	0.484307
117	117	37.902177	1	35.000000	30.654117	4	6.256237
118	118	37.902177	2	35.000000	39.467774	1	1.765782
119	119	37.902177	2	35.000000	40.843254	2	0.581997
120	120	37.902177	1	35.000000	35.938143	4	8.854281
121	121	37.902177	1	35.000000	30.560717	2	0.786021
122	122	37.902177	2	35.000000	40.668110	1	0.609500
123	123	37.902177	1	35.000000	33.219092	1	1.647874
124	124	37.902177	1	35.000000	28.315832	1	0.709822
125	125	37.902177	1	35.000000	31.535742	1	0.903520
126	126	37.902177	2	35.000000	41.299072	1	0.690334
127	127	37.902177	2	35.000000	41.079106	1	0.661768
128	128	37.902177	1	35.000000	29.798591	1	0.666846
129	129	37.902177	1	35.000000	28.452488	2	1.150944
130	130	37.902177	1	35.000000	31.726248	4	6.767529
131	131	37.902177	1	35.000000	32.000485	1	0.608148
132	132	37.902177	2	35.000000	39.689667	1	0.655111
133	133	37.902177	2	35.000000	40.732018	1	0.995917
134	134	37.902177	1	35.000000	28.817131	2	2.387430
135	135	37.902177	2	35.000000	39.946016	1	0.761788
136	136	37.902177	2	35.000000	40.792434	2	1.114588
137	137	37.902177	1	35.000000	28.893628	2	1.301213
138	138	37.902177	1	35.000000	35.783213	1	1.879591
139	139	37.902177	1	35.000000	35.922637	1	1.058833
140	140	37.902177	1	35.000000	33.781765	1	0.815756
141	141	37.902177	1	35.000000	33.105832	2	1.085614
142	142	37.902177	1	35.000000	34.923034	1	2.152992
143	143	37.902177	2	35.000000	40.660979	1	0.744767
144	144	37.902177	1	35.000000	34.227667	2	1.866475
145	145	37.902177	2	35.000000	40.290256	1	0.909619
146	146	37.902177	1	35.000000	30.696397	2	1.224239
147	147	37.902177	1	35.000000	31.902157	1	1.014173
148	148	37.902177	2	35.000000	41.158436	4	5.964831
149	149	37.902177	1	35.000000	31.280833	1	0.894027
150	150	37.902177	1	35.000000	28.666625	2	0.705495
151	151	37.902177	1	35.000000	34.187627	4	7.004478
152	152	37.902177	2	35.000000	40.582026	1	0.819435
153	153	37.902177	2	35.000000	40.257117	4	7.273723
154	154	37.902177	1	35.000000	29.281343	1	1.325856
155	155	37.902177	2	35.000000	39.455700	2	4.159631
156	156	37.902177	2	35.000000	39.637747	1	1.813853
157	157	37.902177	1	35.000000	36.259155	1	1.237637
158	158	37.902177	2	35.000000	40.743513	1	3.809094
159	159	37.902177	1	35.000000	31.186103	4	11.357781
160	160	37.902177	2	35.000000	40.005062	1	0.755440
161	161	37.902177	1	35.000000	36.373594	2	0.876452
162	162	37.902177	1	35.000000	29.002016	2	0.648488
163	163	37.902177	2	35.000000	39.988262	1	1.045879
164	164	37.902177	2	35.000000	41.592005	1	0.701014
165	165	37.902177	2	35.000000	41.216876	1	3.390312
166	166	37.902177	1	35.000000	31.301814	2	0.803785
167	167	37.902177	2	35.000000	40.034031	4	16.282621
168	168	37.902177	2	35.000000	40.696641	1	1.023987
169	169	37.902177	1	35.000000	30.656871	2	0.893866
170	170	37.902177	1	35.000000	36.500038	1	0.881397
171	171	37.902177	1	35.000000	29.451675	4	16.333526
172	172	37.902177	1	35.000000	28.621001	2	0.600830
173	173	37.902177	1	35.000000	28.673122	2	0.968000
174	174	37.902177	1	35.000000	30.999716	2	0.767777
175	175	37.902177	2	35.000000	39.981355	1	0.855887
176	176	37.902177	1	35.000000	34.338161	2	0.916741
177	177	37.902177	2	35.000000	39.567680	2	0.037206
178	178	37.902177	2	35.000000	41.788397	2	0.057716
179	179	37.902177	2	35.000000	41.217200	2	0.046438
180	180	37.902177	2	35.000000	40.093624	2	0.065871
181	181	37.902177	1	35.000000	34.581962	2	2.117153
182	182	37.902177	2	35.000000	41.101363	2	1.102013
183	183	37.902177	2	35.000000	41.604395	4	8.442337
184	184	37.902177	1	35.000000	32.112162	2	1.125496
185	185	37.902177	1	35.000000	32.305297	2	0.679386
186	186	37.902177	1	35.000000	35.085451	2	3.155523
187	187	37.902177	2	35.000000	41.643661	4	7.850556
188	188	37.902177	2	35.000000	41.968729	1	4.079126
189	189	37.902177	2	35.000000	39.719274	2	3.488761
190	190	37.902177	1	35.000000	32.720402	4	8.354267
191	191	37.902177	1	35.000000	35.225133	1	0.930374
192	192	37.902177	2	35.000000	40.489593	1	4.588443
193	193	37.902177	1	35.000000	28.521305	2	3.248781
194	194	37.902177	2	35.000000	39.574418	1	0.588711
195	195	37.902177	1	35.000000	31.622221	1	0.875982
196	196	37.902177	2	35.000000	40.543332	2	0.760216
197	197	37.902177	1	35.000000	34.201169	2	1.105271
198	198	37.902177	2	35.000000	41.548976	4	9.675814
199	199	37.902177	1	35.000000	33.632275	2	1.261996
200	200	37.902177	2	35.000000	40.637529	1	0.954733
201	201	37.902177	1	35.000000	31.913943	1	2.227412
202	202	37.902177	1	35.000000	35.426641	4	9.896321
203	203	37.902177	2	35.000000	39.729897	1	0.730061
204	204	37.902177	1	35.000000	35.195760	2	0.740015
205	205	37.902177	1	35.000000	30.828397	2	1.303001
206	206	37.902177	2	35.000000	40.673003	1	0.728243
207	207	37.902177	2	35.000000	41.537878	1	0.954470
208	208	37.902177	2	35.000000	40.308195	1	0.820792
209	209	37.902177	1	35.000000	31.706368	2	0.601388
210	210	37.902177	2	35.000000	41.209923	1	4.704164
211	211	37.902177	1	35.000000	33.650126	2	1.063881
212	212	37.902177	1	35.000000	35.645791	1	0.636633
213	213	37.902177	2	35.000000	39.957915	1	0.906342
214	214	37.902177	1	35.000000	36.146635	4	11.725116
215	215	37.902177	1	35.000000	32.939598	2	1.379887
216	216	37.902177	2	35.000000	40.495907	1	2.619512
217	217	37.902177	1	35.000000	34.812468	2	0.936360
218	218	37.902177	2	35.000000	41.005031	2	0.961889
219	219	37.902177	1	35.000000	35.384221	1	1.090379
220	220	37.902177	1	35.000000	29.685797	2	0.885704
221	221	37.902177	1	35.000000	30.945639	2	2.833031
222	222	37.902177	2	35.000000	41.284515	1	1.613813
223	223	37.902177	2	35.000000	40.470041	4	7.451968
224	224	37.902177	1	35.000000	35.790298	3	0.560852
225	225	37.902177	2	35.000000	39.360390	1	0.966197
226	226	37.902177	2	35.000000	40.087167	2	0.959487
227	227	37.902177	1	35.000000	28.707084	2	0.774910
228	228	37.902177	1	35.000000	31.657571	1	1.574947
229	229	37.902177	1	35.000000	32.597445	1	1.310607
230	230	37.902177	1	35.000000	33.980616	1	0.643230
231	231	37.902177	2	35.000000	41.029280	1	0.862683
232	232	37.902177	2	35.000000	39.536959	2	0.531562
233	233	37.902177	2	35.000000	41.508821	2	0.813655
234	234	37.902177	1	35.000000	29.070613	2	1.148502
235	235	37.902177	1	35.000000	30.944389	1	0.461840
236	236	37.902177	1	35.000000	29.492016	2	0.812088
237	237	37.902177	2	35.000000	41.693993	2	0.585806
238	238	37.902177	1	35.000000	30.924420	1	0.689217
239	239	37.902177	1	35.000000	32.591098	1	0.949096
240	240	37.902177	1	35.000000	30.364137	1	4.893717
241	241	37.902177	2	35.000000	41.455050	1	0.638022
242	242	37.902177	1	35.000000	30.993703	2	0.723666
243	243	37.902177	1	35.000000	29.624394	2	0.943678
244	244	37.902177	1	35.000000	33.569207	1	0.631170
245	245	37.902177	2	35.000000	39.938094	1	0.725431
246	246	37.902177	1	35.000000	31.804815	1	0.823661
247	247	37.902177	2	35.000000	40.936220	2	3.061709
248	248	37.902177	2	35.000000	41.279534	2	0.680958
249	249	37.902177	2	35.000000	39.605058	2	0.933027
250	250	37.902177	2	35.000000	40.577618	2	1.838561
251	251	37.902177	2	35.000000	40.207699	2	0.475328
252	252	37.902177	1	35.000000	34.489007	2	0.767772
253	253	37.902177	1	35.000000	29.317694	1	0.679813
254	254	37.902177	1	35.000000	32.404926	2	3.228016
255	255	37.902177	2	35.000000	39.404021	1	1.344421
256	256	37.902177	2	35.000000	40.854327	1	0.801522
257	257	37.902177	2	35.000000	40.058022	2	0.832366
258	258	37.902177	1	35.000000	29.786105	2	0.685584
259	259	37.902177	1	35.000000	31.306691	2	0.801310
260	260	37.902177	1	35.000000	29.183715	1	0.720151
261	261	37.902177	1	35.000000	29.202226	1	0.602349
262	262	37.902177	1	35.000000	29.125088	1	0.753309
263	263	37.902177	2	35.000000	41.317030	1	0.962328
264	264	37.902177	2	35.000000	40.864738	2	0.698965
265	265	37.902177	2	35.000000	41.591448	2	0.637760
266	266	37.902177	2	35.000000	40.723052	2	0.555403
267	267	37.902177	1	35.000000	30.820882	2	0.772481
268	268	37.902177	1	35.000000	30.956483	2	1.052237
269	269	37.902177	1	35.000000	36.146888	2	0.785187
270	270	37.902177	2	35.000000	40.137447	1	1.208585
271	271	37.902177	1	35.000000	32.943453	2	0.775199
272	272	37.902177	1	35.000000	29.109837	2	0.743404
273	273	37.902177	1	35.000000	30.129431	2	1.128655
274	274	37.902177	1	35.000000	32.982573	1	0.530794
275	275	37.902177	2	35.000000	40.001865	2	0.580900
276	276	37.902177	1	35.000000	28.422555	1	0.421523
277	277	37.902177	2	35.000000	40.500349	2	0.427874
278	278	37.902177	2	35.000000	41.513540	2	0.546224
279	279	37.902177	1	35.000000	35.309437	1	0.420073
280	280	37.902177	1	35.000000	32.590429	1	0.650498
281	281	37.902177	2	35.000000	39.659869	1	0.631375
282	282	37.902177	2	35.000000	40.384537	1	0.541728
283	283	37.902177	1	35.000000	30.832226	2	0.935357
284	284	37.902177	1	35.000000	32.523102	1	0.728841
285	285	37.902177	1	35.000000	34.496472	1	0.770818
286	286	37.902177	2	35.000000	41.613528	2	1.115136
287	287	37.902177	2	35.000000	39.537366	1	0.469682
288	288	37.902177	2	35.000000	41.605274	2	0.682229
289	289	37.902177	2	35.000000	40.674619	2	0.685387
290	290	37.902177	1	35.000000	35.899927	1	0.537266
291	291	37.902177	2	35.000000	39.609042	1	0.923043
292	292	37.902177	1	35.000000	32.411967	2	0.733068
293	293	37.902177	1	35.000000	35.079030	2	1.294243
294	294	37.902177	2	35.000000	41.410921	1	0.481686
295	295	37.902177	1	35.000000	28.882766	2	0.806164
296	296	37.902177	2	35.000000	41.719663	1	0.540908
297	297	37.902177	1	35.000000	34.638842	1	0.598510
298	298	37.902177	2	35.000000	40.160736	2	1.390156
299	299	37.902177	2	35.000000	40.016751	2	1.109233
300	300	37.902177	1	35.000000	29.500187	1	0.640637
301	301	37.902177	2	35.000000	41.833491	2	0.613396
302	302	37.902177	1	35.000000	34.239443	1	0.540371
303	303	37.902177	1	35.000000	28.663649	1	0.813996
304	304	37.902177	2	35.000000	41.749621	2	0.468931
305	305	37.902177	1	35.000000	31.671358	1	1.097255
306	306	37.902177	1	35.000000	35.050568	1	0.908468
307	307	37.902177	2	35.000000	40.461349	1	0.559432
308	308	37.902177	1	35.000000	32.124473	1	1.272323
309	309	37.902177	1	35.000000	30.118955	2	0.748088
310	310	37.902177	2	35.000000	40.616026	1	0.421629
311	311	37.902177	1	35.000000	30.607185	1	0.948231
312	312	37.902177	1	35.000000	34.061055	1	1.175132
313	313	37.902177	2	35.000000	39.889241	1	0.797241
314	314	37.902177	2	35.000000	40.286664	1	0.644866
315	315	37.902177	2	35.000000	39.396499	1	0.762362
316	316	37.902177	2	35.000000	41.723190	2	0.707295
317	317	37.902177	1	35.000000	35.603106	1	1.766106
318	318	37.902177	1	35.000000	32.974561	1	1.718308
319	319	37.902177	1	35.000000	35.892856	1	0.999703
320	320	37.902177	2	35.000000	40.490870	1	0.712086
321	321	37.902177	1	35.000000	30.567750	1	0.946825
322	322	37.902177	2	35.000000	41.430528	2	0.906519
323	323	37.902177	2	35.000000	40.773963	2	0.949268
324	324	37.902177	2	35.000000	39.598430	1	1.110101
325	325	37.902177	1	35.000000	33.835851	2	1.560633
326	326	37.902177	1	35.000000	28.048309	1	1.424960
327	327	37.902177	1	35.000000	30.235948	1	0.758525
328	328	37.902177	2	35.000000	39.406308	1	0.743354
329	329	37.902177	1	35.000000	31.614322	1	1.017032
330	330	37.902177	2	35.000000	39.415443	2	0.622956
331	331	37.902177	1	35.000000	31.202194	1	1.213243
332	332	37.902177	1	35.000000	33.240747	1	0.675839
333	333	37.902177	2	35.000000	41.264396	1	0.584017
334	334	37.902177	2	35.000000	40.230194	1	1.119670
335	335	37.902177	2	35.000000	39.510363	2	0.841541
336	336	37.902177	2	35.000000	41.670814	2	0.640846
337	337	37.902177	1	35.000000	28.810039	2	0.684496
338	338	37.902177	1	35.000000	31.272375	1	0.736183
339	339	37.902177	2	35.000000	40.007608	1	0.793719
340	340	37.902177	2	35.000000	40.086421	1	0.441292
341	341	37.902177	2	35.000000	40.548020	2	0.030711
342	342	37.902177	2	35.000000	40.500212	2	0.727405
343	343	37.902177	2	35.000000	41.486599	2	0.535895
344	344	37.902177	2	35.000000	41.380687	2	0.337651
345	345	37.902177	1	35.000000	32.949294	2	0.603408
346	346	37.902177	1	35.000000	28.118996	2	0.818355
347	347	37.902177	1	35.000000	33.152409	2	1.176586
348	348	37.902177	2	35.000000	40.169859	1	1.224424
349	349	37.902177	2	35.000000	40.521989	2	0.542174
350	350	37.902177	2	35.000000	41.697438	2	0.567879
351	351	37.902177	2	35.000000	41.989825	2	0.576269
352	352	37.902177	2	35.000000	41.604035	1	0.672616
353	353	37.902177	2	35.000000	41.032675	2	0.732737
354	354	37.902177	2	35.000000	40.358127	2	0.446298
355	355	37.902177	2	35.000000	40.000781	2	0.547475
356	356	37.902177	2	35.000000	41.459222	1	0.492914
357	357	37.902177	1	35.000000	34.316457	2	0.552809
358	358	37.902177	2	35.000000	40.064839	2	0.817853
359	359	37.902177	1	35.000000	35.403016	2	0.711962
360	360	37.902177	2	35.000000	41.875948	2	0.506856
361	361	37.902177	2	35.000000	41.591444	2	0.629936
362	362	37.902177	1	35.000000	33.239319	1	0.484219
363	363	37.902177	1	35.000000	31.053004	1	0.711868
364	364	37.902177	2	35.000000	39.980139	2	0.077567
365	365	37.902177	1	35.000000	30.498021	2	0.375535
366	366	37.902177	1	35.000000	34.481013	2	0.575853
367	367	37.902177	2	35.000000	40.152068	2	0.832324
368	368	37.902177	1	35.000000	36.143590	2	0.445665
369	369	37.902177	2	35.000000	40.451441	1	0.587556
370	370	37.902177	2	35.000000	39.305157	2	0.379118
371	371	37.902177	2	35.000000	39.809382	1	1.011789
372	372	37.902177	2	35.000000	40.323929	2	0.298514
373	373	37.902177	2	35.000000	40.359608	1	0.806179
374	374	37.902177	1	35.000000	35.237321	2	0.317017
375	375	37.902177	2	35.000000	39.775450	1	0.607414
376	376	37.902177	2	35.000000	39.738236	2	0.870427
377	377	37.902177	1	35.000000	29.715406	2	0.386637
378	378	37.902177	2	35.000000	40.551599	1	0.314468
379	379	37.902177	2	35.000000	39.591632	1	0.781529
380	380	37.902177	2	35.000000	41.534494	2	0.301758
381	381	37.902177	2	35.000000	41.130417	2	0.416923
382	382	37.902177	2	35.000000	40.959769	1	0.583320
383	383	37.902177	1	35.000000	31.171724	2	0.359093
384	384	37.902177	1	35.000000	28.790498	2	0.464292
385	385	37.902177	2	35.000000	40.435855	1	0.741007
386	386	37.902177	2	35.000000	41.590178	1	0.694803
387	387	37.902177	2	35.000000	41.257854	2	0.642355
388	388	37.902177	1	35.000000	31.066601	1	0.232058
389	389	37.902177	1	35.000000	29.881756	2	0.437860
390	390	37.902177	1	35.000000	28.563991	1	0.395634
391	391	37.902177	2	35.000000	41.799467	2	0.811481
392	392	37.902177	1	35.000000	29.323068	2	0.522363
393	393	37.902177	2	35.000000	39.828434	1	0.020416
394	394	37.902177	1	35.000000	35.486884	2	0.819215
395	395	37.902177	1	35.000000	34.587440	2	0.899247
396	396	37.902177	1	35.000000	31.889956	1	0.317016
397	397	37.902177	1	35.000000	31.145331	1	0.615507
398	398	37.902177	2	35.000000	41.014783	1	0.325580
399	399	37.902177	2	35.000000	39.735111	2	0.448200
400	400	37.902177	1	35.000000	33.011802	2	0.694105
401	401	37.902177	2	35.000000	41.476517	2	0.745587
402	402	37.902177	1	35.000000	34.336476	2	0.643048
403	403	37.902177	2	35.000000	40.494205	2	0.608784
404	404	37.902177	1	35.000000	29.585157	2	0.735592
405	405	37.902177	1	35.000000	31.211568	1	0.457247
406	406	37.902177	1	35.000000	32.624508	1	0.806268
407	407	37.902177	2	35.000000	40.492852	1	0.485176
408	408	37.902177	1	35.000000	29.466518	2	0.248983
409	409	37.902177	2	35.000000	40.720131	1	0.822095
410	410	37.902177	2	35.000000	39.939426	2	0.436255
411	411	37.902177	1	35.000000	36.376419	2	0.761990
412	412	37.902177	2	35.000000	40.982256	1	0.666843
413	413	37.902177	2	35.000000	39.689556	2	0.775155
414	414	37.902177	1	35.000000	28.814246	1	0.543308
415	415	37.902177	2	35.000000	39.507643	1	1.152986
416	416	37.902177	1	35.000000	33.593868	2	0.745579
417	417	37.902177	2	35.000000	41.750055	1	0.858909
418	418	37.902177	1	35.000000	33.697579	2	0.631816
419	419	37.902177	2	35.000000	41.662943	2	1.118113
420	420	37.902177	1	35.000000	31.301100	1	0.623969
421	421	37.902177	2	35.000000	40.948031	2	0.430256
422	422	37.902177	1	35.000000	32.667646	2	0.644788
423	423	37.902177	2	35.000000	41.511458	2	1.026277
424	424	37.902177	2	35.000000	39.714929	1	0.712238
425	425	37.902177	2	35.000000	40.766593	2	0.787110
426	426	37.902177	2	35.000000	41.659271	1	0.962699
427	427	37.902177	1	35.000000	32.297732	2	0.355384
428	428	37.902177	1	35.000000	30.544136	1	0.316643
429	429	37.902177	2	35.000000	39.452958	2	1.063010
430	430	37.902177	2	35.000000	39.326047	2	0.891653
431	431	37.902177	1	35.000000	32.417198	2	0.679156
432	432	37.902177	1	35.000000	33.903801	2	0.451331
433	433	37.902177	2	35.000000	41.148934	1	0.856577
434	434	37.902177	1	35.000000	30.981640	2	0.701120
435	435	37.902177	1	35.000000	33.336247	2	0.616166
436	436	37.902177	1	35.000000	34.082981	2	0.654268
437	437	37.902177	1	35.000000	34.758147	2	1.171190
438	438	37.902177	1	35.000000	35.183278	1	0.643158
439	439	37.902177	1	35.000000	35.737453	2	0.672878
440	440	37.902177	2	35.000000	39.579729	1	0.341101
441	441	37.902177	1	35.000000	34.003809	2	0.622785
442	442	37.902177	1	35.000000	33.826283	1	0.669268
443	443	37.902177	1	35.000000	28.870799	2	0.801494
444	444	37.902177	1	35.000000	32.511243	1	1.544225
445	445	37.902177	2	35.000000	40.989768	1	0.801626
446	446	37.902177	1	35.000000	31.120845	2	0.983912
447	447	37.902177	2	35.000000	40.783280	2	1.143398
448	448	37.902177	2	35.000000	41.672501	2	0.696510
449	449	37.902177	2	35.000000	40.177075	2	0.948048
450	450	37.902177	1	35.000000	32.702671	1	0.813361
451	451	37.902177	1	35.000000	35.134803	1	0.862179
452	452	37.902177	2	35.000000	40.149778	1	1.937109
453	453	37.902177	1	35.000000	34.149209	1	1.313694
454	454	37.902177	2	35.000000	41.338050	1	1.556010
455	455	37.902177	2	35.000000	40.456069	1	0.732520
456	456	37.902177	1	35.000000	36.380049	2	0.613743
457	457	37.902177	2	35.000000	40.033478	1	0.444788
458	458	37.902177	2	35.000000	39.504691	2	1.042530
459	459	37.902177	2	35.000000	41.556912	2	1.199829
460	460	37.902177	2	35.000000	41.766660	2	0.742198
461	461	37.902177	2	35.000000	39.673421	2	0.631938
462	462	37.902177	2	35.000000	39.755472	2	0.534175
463	463	37.902177	2	35.000000	40.803795	2	0.623911
464	464	37.902177	2	35.000000	40.419591	2	0.366218
465	465	37.902177	1	35.000000	35.427575	2	0.326683
466	466	37.902177	1	35.000000	30.663129	2	0.361254
467	467	37.902177	2	35.000000	41.663653	2	0.586426
468	468	37.902177	1	35.000000	35.209742	2	0.602053
469	469	37.902177	1	35.000000	31.460740	2	0.889067
470	470	37.902177	2	35.000000	40.302692	2	1.132405
471	471	37.902177	1	35.000000	30.053601	1	0.709682
472	472	37.902177	2	35.000000	40.208705	1	0.744450
473	473	37.902177	2	35.000000	41.295417	1	0.802067
474	474	37.902177	2	35.000000	40.143931	2	0.776852
475	475	37.902177	2	35.000000	41.078804	2	0.712946
476	476	37.902177	1	35.000000	35.489445	2	0.867959
477	477	37.902177	2	35.000000	39.326543	1	0.416153
478	478	37.902177	1	35.000000	29.447710	2	0.302504
479	479	37.902177	2	35.000000	39.617027	2	2.385665
480	480	37.902177	1	35.000000	35.256377	2	1.903863
481	481	37.902177	2	35.000000	40.206035	1	2.169903
